0.82
0.64
6.75
103.5
4.4
9.9
0.1
1.21
1.0
1.21
3.0
34.6
0.82
0.64
1.8
2730.9
1.0
103.9
4.3
0.73
1.01
1.2
1.0
1.13
0.37
3.83
1.9
4.7
101.5
0.46
1.0
1008.6
2.85
1.01
0.82
1001.4
2.9
10.1
1.07
0.73
1.9
0.64
456.1
4.9
4.92
4.8
0.64
0.28
0.1
0.28
3.11
1.2
0.19
0.91
0.19
29.3
502.2
0.28
0.37
2.2
1.3
1.02
0.73
1.2
4.5
4.5
2.41
2.1
14.6
1.71
1.1
2.81
4.0
4.51
2.7
18.4
107.9
0.73
2.4
1.92
3.8
7.1
0.37
0.64
2.4
102.8
4.1
0.46
0.73
0.91
5.71
3.8
2685.4
0.91
0.91
4.5
168.4
3.0
2.2
1.76
2.2
1.2
2.1
3.0
501.3
1.5
1.0
3.0
4.2
1.6
4.8
1.1
0.73
2.9
0.82
16.7
9.3
3.5
0.55
1.3
4.41
2.8
310.1
1.41
0.37
0.55
22.0
0.46
6.0
0.64
0.1
2.2
3.1
1.32
2.02
7.0
2725.7
0.89
4.1
0.19
1.2
0.73
0.37
1.2
2.02
1000.4
1.11
6.8
15.1
1020.8
1001.2
0.19
3.1
2.02
1.7
502.4
0.92
210.3
1.7
2.7
1.0
1.6
5.3
3.4
1.86
2.41
2.3
2602.6
100.9
457.0
1.61
1.64
5.3
100.6
0.55
0.55
4.6
0.55
2.6
1001.9
1.4
5.1
5.71
1.2
2.0
0.1
2.32
12446.7
1.9
0.93
0.1
3.21
2.02
0.65
2.9
0.76
0.47
77.3
1006.7
1.05
0.47
0.82
1.2
17.9
2.62
2734.7
0.91
1.0
3.8
2.0
1.2
3.4
2.9
1.4
5.6
1.61
5.0
0.73
0.64
100.9
3.8
1.8
1.03
6.0
63.2
0.37
0.19
0.64
3.92
4.9
2.35
1.2
2.4
101.8
22.3
0.46
0.91
0.55
1.9
101.7
0.55
0.28
0.37
1.1
2.1
1.02
3.52
0.91
0.55
2.7
0.73
1.0
102.0
10123.5
0.83
501.0
1.0
3.12
7.3
3.1
0.19
3.0
1.6
3.4
8.5
18.5
0.64
0.73
3.1
0.91
503.2
9.9
0.46
2.53
2.2
0.46
0.1
0.46
0.66
0.55
1.0
15.3
6.53
2.6
1.21
453.2
6.21
3.01
505.3
5.4
2448.8
4.9
2.7
0.64
6.1
8.1
1.1
11.9
2.5
3.0
1.0
0.37
0.64
61.7
0.1
1.2
1.13
3.11
1.55
3.5
3.0
0.28
0.82
1.3
3.1
270.3
2.9
3.71
0.84
2.52
501.2
17.6
45.6
3.11
0.65
0.64
1.01
1.05
39.7
1.8
3.3
2602.2
1.9
1.6
1.1
1.6
0.64
9.7
453.0
0.55
1.2
2.8
0.82
0.46
2.2
0.91
0.46
5.6
0.73
1.84
6.7
0.46
1.12
1.4
0.84
3.5
1.9
0.91
1.02
45.0
0.37
1.0
1.21
2769.2
8.3
2.12
3.6
1.8
3.2
1.31
4.2
0.82
0.55
4.6
103.6
0.73
453.6
2.5
0.55
3.1
0.64
1.0
11.3
2.2
7.7
2.8
4.2
6.2
6.4
0.55
2.2
3.01
1.33
2.4
1.61
0.55
2.6
1.4
501.8
0.66
501.4
1.4
2.6
3.2
1.2
3.0
9.4
1.71
2.1
0.91
1.9
2725.8
2.81
0.28
0.37
1.01
3.9
0.55
1.2
105.1
2.7
0.28
5.8
0.1
1.43
100.9
1.8
0.73
9.4
3.0
2.6
0.56
1.31
1.2
2.05
1.6
3.1
101.0
2.01
502.1
1.23
0.64
3.1
101.2
1.32
1.7
3.5
0.85
4.7
4.7
1.9
0.38
6.0
0.73
2.9
1.1
51.6
0.73
0.73
1.2
0.28
9.6
301.0
122.6
0.38
12.7
2.8
3.4
0.28
2.9
0.91
1.1
1.21
3.5
27.7
3.7
4.51
114.4
10.2
1.69
1.2
3.33
2.15
2.3
1.4
2602.8
4.4
7.9
2.2
77.0
2.2
5.4
0.19
2788.1
1.2
3.16
1.0
4.3
1001.0
1.62
2795.4
308.4
0.19
0.73
0.64
1.9
3.92
0.64
3.15
0.73
0.64
0.19
1.01
4.82
9.2
0.67
2.6
0.55
1.32
1.0
2.32
1.01
3.0
3.9
0.91
3.12
3.34
2.5
0.75
1.0
1.6
2.1
4.9
4.9
0.46
2810.5
1.1
0.73
0.46
2.1
1.8
1.14
1.0
1.0
2808.6
2.17
2.0
2.43
1.5
7.71
0.55
3.21
2.7
0.82
0.28
2.9
0.19
0.91
321.5
2762.0
