14.0
0.19
0.19
14.5
8.5
7.7
8.7
1.5
0.19
9.6
68.4
0.37
0.19
9.8
0.1
21.8
0.28
9.2
0.1
0.28
0.19
0.28
11.0
9.8
11.6
8.3
10.4
8.3
10.6
8.5
168.0
0.82
14.4
11.3
11.3
7.5
0.55
8.1
12.2
0.1
0.55
7.7
0.19
0.19
0.19
8.1
0.28
0.64
8.9
9.0
8.3
12.2
0.19
9.8
0.1
40.0
9.7
13.6
0.1
0.28
13.1
0.55
9.0
4.2
216.2
9.7
0.73
9.7
10.8
26.8
17.5
0.19
8.0
18.2
0.64
0.19
0.28
12.2
0.1
0.37
8.1
10.2
14.7
3.4
8.7
8.8
9.7
9.7
0.28
165.4
165.5
9.3
3.2
0.47
0.1
11.2
0.55
9.9
21.0
9.3
167.4
7.3
16.6
0.19
162.9
166.4
0.1
8.2
0.1
10.1
0.19
8.2
0.1
8.7
0.19
7.9
16.5
7.7
0.28
0.73
430.7
8.2
0.19
0.28
9.2
12.1
8.4
7.6
14.8
0.28
9.7
0.19
0.37
7.8
11.2
14.6
189.9
0.19
21.9
8.2
0.1
0.64
164.4
8.1
12.6
0.37
0.37
0.19
0.28
12.1
0.1
165.8
7.9
13.6
169.6
9.3
0.1
7.8
0.46
0.28
0.19
0.1
174.3
0.1
0.28
7.9
0.28
8.5
0.19
15.5
8.1
0.28
10.2
0.19
38.3
0.28
11.5
297.8
9.3
11.1
8.9
406.7
8.9
0.91
0.1
11.2
0.1
0.19
9.6
0.1
0.73
11.0
8.0
7.8
0.1
0.1
0.1
166.0
0.37
11.4
0.37
0.37
0.82
0.28
13.2
0.64
11.9
0.28
0.73
0.37
0.46
11.8
13.9
0.28
9.1
24.9
0.64
166.3
8.3
0.19
7.7
0.19
54.5
0.37
0.1
11.7
12.2
10.9
17.7
9.1
0.55
0.28
0.28
15.2
0.19
166.4
0.19
18.4
113.6
0.19
8.0
9.3
0.1
7.9
0.28
7.5
0.91
0.73
7.9
0.19
8.1
10.5
0.28
0.1
7.8
169.4
1.4
7.9
166.4
10.4
12.2
1.0
12.5
8.4
19.2
0.28
8.1
13.4
1.31
14.3
10.9
9.7
0.28
0.46
165.7
19.1
0.19
14.0
8.5
7.9
0.37
0.1
0.55
14.6
8.7
0.19
12.2
11.7
21.0
8.6
0.28
8.9
0.28
0.1
1.4
2.6
8.7
10.3
165.6
0.83
21.9
0.64
9.8
10.9
0.28
20.3
8.1
9.7
0.28
10.3
10.6
8.6
0.28
509.3
9.0
0.64
0.19
0.28
0.19
7.5
0.73
0.19
12.6
11.7
9.7
12.9
0.37
8.6
0.19
0.55
0.28
10.0
