0.915488686215
0.933447032358
0.969534029191
0.906744108878
0.925777227989
0.945478145876
0.973175569837
0.90081443636
0.974258882431
0.973053819165
0.921756283945
0.821210479829
0.979998243277
0.959941344967
0.978761949377
0.896731519029
0.988578127821
0.867078032665
0.976890063291
0.959923045768
0.900170792526
0.926545062388
0.944365310574
0.97898812748
0.987663899828
0.970653452205
0.965411585589
0.994766185032
0.975376109541
0.925584720413
0.923665988376
0.93382472783
0.943299321222
0.941799274864
0.985415294227
0.985968662011
0.778113425756
0.981300658283
0.962792604196
0.994139376461
0.959169362749
0.913556290777
0.985374060031
0.948185695394
0.985789329859
0.979389245927
0.982043605772
0.964139425259
0.977595680413
0.988608870476
0.988037203492
0.972283788861
0.987880562347
0.992597363939
0.908841197109
0.989173705759
0.842958224148
0.979900403558
0.939150526773
0.94175364886
0.979541983243
0.969757523411
0.817729728147
0.996314297286
0.918854518926
0.907490228228
0.999157504868
0.822199124566
0.929092798899
0.970574643654
0.929853557608
0.990076466254
0.940990694247
0.946214993632
0.964623256086
0.832863165908
0.962257291621
0.987650236426
0.921630385454
0.995690172598
0.970386771875
0.937427474174
0.97429889668
0.949803100616
0.957726653882
0.909032972717
0.945128997155
0.973583763974
0.979994339448
0.982201954842
0.979814763306
0.7533409458
0.972635377476
0.978945673337
0.934257564889
0.840393408384
0.916963113694
0.927020353589
0.858152903229
0.909134472275
