0.913768073509
0.935346733227
0.969852679247
0.906657004689
0.926354994705
0.944509508264
0.976008773856
0.899429064984
0.973035031987
0.973993178059
0.921139478936
0.821866811108
0.982281495362
0.953294587829
0.978664353648
0.901323398088
0.988462476882
0.868774978407
0.977201881646
0.963229101095
0.903572491668
0.925891658981
0.941800982789
0.971935860087
0.986251201647
0.969785826172
0.949818715933
0.992679100363
0.978948113231
0.929118173789
0.924301336574
0.929404617254
0.937727093062
0.941694847433
0.985582670902
0.986415650451
0.812645722623
0.982791921026
0.965788549093
0.993886603522
0.963430392286
0.913748066385
0.977818686654
0.945030425469
0.985729796464
0.980318845247
0.983784713581
0.965928842954
0.979497821175
0.987606562337
0.986330254188
0.973442250167
0.988969730685
0.991560897295
0.912932898056
0.987935947923
0.841287873243
0.982232453508
0.938710858013
0.948278899315
0.978803183573
0.961459446535
0.847656970531
0.996204014112
0.91883158393
0.897557422887
0.998924007085
0.832893664573
0.928739990338
0.969342009594
0.929798904
0.989277157232
0.937977914086
0.94570749584
0.965487466268
0.843896363095
0.960568885506
0.988104544545
0.921700654379
0.996567558204
0.971092876976
0.942646893772
0.976008285877
0.947053828924
0.951918244058
0.910202657532
0.942167942731
0.973296344552
0.979054004597
0.971863639247
0.982009691256
0.792186973898
0.973586447857
0.970715913472
0.935192043996
0.841750476999
0.917549176048
0.926912510309
0.859675884583
0.910498372591
