0.906052643136
0.955804018016
0.968422901814
0.923494951861
0.934800929111
0.983136921928
0.93987249118
0.889141987147
0.974884471056
0.959675396605
0.936066013751
0.888251182128
0.963103690583
0.946225729162
0.969520609778
0.873774563625
0.987209347719
0.925188969731
0.948040765736
0.933136921928
0.894120833272
0.870200852011
0.853498318914
0.984471055547
0.984622328927
0.944022505575
0.916037906181
0.986383199871
0.963343044108
0.953115499666
0.913671209748
0.93397600121
0.932341272746
0.921613062212
0.979828914687
0.988147486666
0.779276766849
0.987501890917
0.957763984248
0.990629834038
0.932889272765
0.824570212807
0.987766131354
0.940322407491
0.977950440889
0.985908640638
0.992661533131
0.952661679525
0.964587633645
0.982637231795
0.967072176922
0.95864624964
0.986448832999
0.986197036018
0.936562288034
0.986774314756
0.670445085323
0.965640691563
0.938353169665
0.905915033158
0.962934849971
0.975513231541
0.882125830174
0.996000039038
0.838126259595
0.880084615497
0.99537957419
0.77569378364
0.909150575571
0.953155025936
0.844628819043
0.9904456221
0.916120374572
0.860160935357
0.954787558496
0.843749481523
0.951635948411
0.99243120721
0.852835643912
0.992440234815
0.974343302737
0.910047968301
0.961316712781
0.853637636817
0.955552709013
0.886469328102
0.839640701323
0.953254329591
0.984680154396
0.978648250353
0.95463848102
0.725724770284
0.953871622578
0.978092198685
0.884003815993
0.877080130973
0.810909250611
0.923303420242
0.879320440938
0.959750057337
