0.558942940657
0.622354301776
0.766948718324
0.735526065379
0.675856524518
0.835058337847
0.434287575576
0.532736535449
0.69332884393
0.730239304728
0.77848331357
0.572267197587
0.748476774656
0.544794975772
0.415250308646
0.661848365516
0.834267568451
0.491098781517
0.810073831169
0.605072538026
0.591112444919
0.626619235142
0.671554504775
0.687096868641
0.823716738156
0.568938207264
0.480966880889
0.865134901697
0.537881782293
0.701432217326
0.694921606231
0.64870612462
0.829019602102
0.821654052419
0.723264869929
0.879315073172
0.851937519214
0.407968203311
0.490068170617
0.9029410473
0.447871681135
0.853712541539
0.7946732251
0.66074041
0.576276430143
0.68298125674
0.641736081629
0.609221332474
0.752541148799
0.798034422014
0.485163985224
0.514474422599
0.845336632069
0.883466307514
0.604536249494
0.841567972986
0.512644990655
0.86564532736
0.892552469904
0.456725077711
0.522542173554
0.531965529188
0.691708266846
0.457325291445
0.694209157407
0.74720315039
0.995376646318
0.647498377471
0.502720480952
0.46020680535
0.702733168397
0.779037901301
0.515527480517
0.465744875004
0.551390007173
0.795129241144
0.716481966749
0.898953285804
0.704100728552
0.703514422209
0.6730735823
0.447190950924
0.652579943102
0.756377148936
0.699814080136
0.865749754791
0.270415806604
0.885490930917
0.570347001615
0.504215647523
0.954047050901
0.390894318465
0.471737984746
0.577664241413
0.61019240998
0.279505872823
0.554489159554
0.739807834009
0.369625281198
0.571053594695
