0.915080736067
0.93563390866
0.969124127128
0.90635421394
0.926568241374
0.949026238612
0.972508503028
0.913547263172
0.973771879743
0.973392476345
0.922495327604
0.838890434155
0.978684604762
0.96050252041
0.979334836308
0.894204765599
0.988411727103
0.894251611549
0.974688791618
0.957292352887
0.899800904712
0.929093286878
0.942491960552
0.979369726781
0.987272540954
0.969933195723
0.964039389636
0.993887823469
0.974441630434
0.926388909221
0.92390607387
0.931753746456
0.941387420886
0.941257618567
0.984724316464
0.986105296032
0.779279694721
0.982668950407
0.965240793063
0.993356170734
0.956341038516
0.914349988045
0.985856670912
0.947494717631
0.985382355668
0.980351051838
0.983625632542
0.964198958654
0.975995110454
0.987942779624
0.98667183924
0.970123507395
0.987923992446
0.991633118135
0.911788100153
0.988309983555
0.840745728967
0.97875365374
0.938770391408
0.941393032641
0.978902975206
0.968628340824
0.816601033539
0.99601370244
0.930715815876
0.90463506517
0.99889009257
0.833738843588
0.929266519297
0.969881713976
0.930298350144
0.990986546429
0.938602038775
0.945947093355
0.963936670131
0.856547697473
0.960115065365
0.987781258692
0.923341238587
0.996317713137
0.969849019407
0.934912920211
0.972988186037
0.947629155748
0.957159134716
0.909178390354
0.94343327136
0.972962079179
0.979141352774
0.98142802071
0.978366930663
0.756233195235
0.97326828578
0.977342663485
0.936119691402
0.840227495645
0.916696189375
0.926299609129
0.858199749179
0.909526319128
