0.914734759207
0.934452024379
0.958468137434
0.898760534239
0.920290396092
0.955393383986
0.981789368897
0.892745221469
0.978248595841
0.982319069718
0.936884353941
0.83133408482
0.986764555183
0.909842529291
0.958052135639
0.899141157583
0.990856988098
0.86146115446
0.982352496255
0.975320723965
0.903180156836
0.896362607172
0.934002108068
0.955154762428
0.989541641658
0.977136248518
0.942543930278
0.992938705002
0.984890229204
0.941410843861
0.926534814837
0.927951416846
0.922255242111
0.936027951417
0.982499621817
0.987291572121
0.795344683717
0.98595841446
0.974830305426
0.992890151127
0.973727229696
0.924657560985
0.979076939593
0.934916092072
0.975466141602
0.983220854255
0.988939719998
0.976720002733
0.984967573819
0.988515422565
0.986263889092
0.979449755279
0.982256120472
0.990859184002
0.921800446012
0.989365725356
0.740712546419
0.987560448355
0.940567616761
0.963438931912
0.957187925456
0.947483738112
0.833488998521
0.995861453103
0.903599818472
0.88957702011
0.998112986576
0.848692461218
0.928541871008
0.977808439103
0.936302439405
0.979335568276
0.951519809493
0.939066594446
0.962038433198
0.85576644366
0.972003689119
0.96407428011
0.932048241569
0.996531935762
0.969210743338
0.922516310686
0.980170743728
0.951456860248
0.931317737536
0.839628745846
0.947756762164
0.980537459681
0.982809000278
0.967731436072
0.985861794688
0.757224279866
0.927641062427
0.941448906196
0.941586028195
0.699973649153
0.93214510533
0.923651349017
0.725229959937
0.929044976992
