0.919070205488
0.934803125015
0.970823268774
0.901129670566
0.930207098137
0.949100899345
0.97481810596
0.903299223626
0.981933810576
0.977413420389
0.9217435965
0.818880381794
0.982013107106
0.966714000595
0.98037569476
0.900693905635
0.989522122512
0.876189813934
0.979239192493
0.962980719964
0.900404534298
0.952654847824
0.971152410371
0.981782293207
0.988681823283
0.973003557364
0.952535293056
0.993912222401
0.976834189736
0.93321182665
0.927710355395
0.889668516106
0.948477262635
0.944311876912
0.974628526256
0.991088045987
0.835341609451
0.983913783933
0.969047270491
0.991215896392
0.964346328205
0.900179820131
0.957361645854
0.947801168221
0.981347260244
0.983858642346
0.987368428758
0.970621245614
0.980189774895
0.99349109683
0.98960947069
0.974414791609
0.989631917707
0.993965656063
0.913292538319
0.989786850927
0.839940076222
0.982153888946
0.937471392252
0.951966553944
0.979191614575
0.9749657195
0.852415250309
0.996793980295
0.905673239739
0.905133779346
0.999244609056
0.863208362002
0.934393222953
0.970770323091
0.940666676426
0.990019128763
0.950906908314
0.974192273346
0.968559779824
0.841057547322
0.96585808605
0.993256135112
0.949345132657
0.995288566172
0.975696467523
0.940991670205
0.977198953774
0.953390231643
0.963350607777
0.910472021744
0.948167152205
0.974405520014
0.983054209548
0.984472031504
0.982082888053
0.798495073856
0.974649265348
0.977791115861
0.96188642785
0.846936714049
0.92686517638
0.928317400831
0.849036486163
0.908536210455
