0.98157732118
0.992364988634
0.991120257774
0.993403367836
0.995879587738
0.996671889828
0.993558959193
0.990990046567
0.94793317296
0.984021540023
0.992540442718
0.99420118735
0.992238087882
0.867959215202
0.989913045397
0.98805808744
0.994195669926
0.870406744499
0.993007216791
0.997851515085
0.987895875174
0.866675862373
0.955594667961
0.871570920968
0.980946127872
0.860605592461
0.997618679791
0.990890732935
0.990762728697
0.987199576262
0.991547306394
0.993270949659
0.992761139679
0.989380062237
0.988821698925
0.994441747037
0.993963938117
0.990757211273
0.993044735274
0.996442364989
0.995367570789
0.997264461168
0.991300125797
0.986240647966
0.988176160314
0.993359228443
0.999447154113
0.993581028889
0.994985765046
0.994142702655
0.984237823045
