0.794399814615
0.98794553199
0.799126040034
0.983532696255
0.796607887709
0.797982829776
0.985445035422
0.599267286089
0.911877910441
0.789685727528
0.990674449913
0.796863896184
0.990001324182
0.910289995807
0.99249961378
0.796608991194
0.597470812827
0.914699521088
0.709187614487
0.989042395886
0.598680232173
0.915590033325
0.803016927457
0.709382931297
0.396994107391
0.754121515747
0.602418838693
0.993788484033
0.594137185231
0.597819514025
0.990105051753
0.790000220697
0.912658074198
0.991668689722
0.791815453201
0.989424201629
0.798829202622
0.792197258944
0.792335194544
0.600653263005
0.983713667763
0.790054291452
0.796525126349
0.792633135442
0.796200701816
0.716294056631
0.800408289378
0.791873937896
0.798767407473
0.794428505219
0.795090596102
