0.980623910309
0.992420162874
0.993693584339
0.993685859946
0.994773895963
0.996272428329
0.993929730088
0.989873319944
0.983222617025
0.984851360597
0.994385469312
0.99634856878
0.995058595043
0.867829003995
0.99054975613
0.986838736731
0.993210257995
0.871516850213
0.992530511355
0.998244355675
0.988260025159
0.86975237801
0.99077266006
0.870752135243
0.978392664033
0.965880249829
0.997272185562
0.993479508287
0.990924940964
0.985787115711
0.99374875858
0.992937697248
0.995206462007
0.989492617687
0.988261128644
0.994602855819
0.993729999338
0.991322195493
0.993243362539
0.996473262563
0.995622475779
0.997785305996
0.993595374192
0.985969190704
0.988844872106
0.993560062678
0.999191145638
0.993781863124
0.995010041712
0.993933040542
0.985934982675
