0.97682350864
0.99289686831
0.993402264351
0.993370263291
0.993780759639
0.996234909845
0.993925316148
0.988939771799
0.980801571362
0.98341903732
0.993957317208
0.996130078789
0.994542164154
0.865255677429
0.987771181391
0.983022886275
0.992108980159
0.870563439341
0.990758314758
0.998164904769
0.985185716493
0.868030941714
0.991253779435
0.868920350467
0.971681269449
0.964436891704
0.997194941626
0.99312639315
0.987824148661
0.985032332105
0.993459645561
0.991083842775
0.994835691113
0.986382997506
0.983611043676
0.994682306725
0.993394539957
0.991584824877
0.991137913531
0.996184149544
0.995247290945
0.997577850853
0.992575754232
0.981272759374
0.988716867869
0.993707929642
0.999385358964
0.993508198892
0.995054181104
0.993994835691
0.981847674958
