0.861588797422
0.994344640374
0.993958420693
0.992660722562
0.994019112357
0.995293637307
0.993038114365
0.988637416963
0.981490145881
0.984741012116
0.993422127077
0.995891726071
0.995166736554
0.864687382755
0.988074639712
0.98378649776
0.992968594822
0.871244289466
0.989723246011
0.998758579594
0.984768599236
0.870898898722
0.991313367615
0.867505682947
0.972157974885
0.965739003774
0.99598110834
0.992662929531
0.982829776434
0.983886914877
0.99312639315
0.989986978879
0.995312396548
0.986234027057
0.985319238154
0.993437575865
0.992280020304
0.993008320275
0.99029264417
0.995931451524
0.995172253978
0.997895654477
0.994535543246
0.980237690627
0.795569508508
0.994038975083
0.999451568052
0.992355057271
0.994941625654
0.992001942133
0.982649908411
