0.980725430911
0.992601134382
0.993876762817
0.993869038423
0.994773895963
0.996475469533
0.994172496745
0.989930701154
0.983118889453
0.984952881199
0.994548785063
0.996386087264
0.995160115645
0.867950387323
0.990569618856
0.987046191874
0.993375780715
0.871825825958
0.991528547152
0.998202423253
0.987302200349
0.870246739202
0.990752797334
0.869712652557
0.97733331862
0.965694864382
0.997269978592
0.993766414336
0.989801593432
0.986831012337
0.99397166251
0.991957802741
0.99524398049
0.989554412836
0.988300854097
0.994803690053
0.994592924455
0.991439164883
0.992120015007
0.996618922557
0.995684270928
0.997701441151
0.993778552669
0.98503122862
0.989193573304
0.99365937631
0.999127143519
0.993901039483
0.995747169561
0.994012491448
0.986179956302
