0.484004987751
0.995353225486
0.99419677341
0.996388294233
0.801284456313
0.997640749487
0.996564851802
0.797476330251
0.682169892521
0.793288605416
0.996260289996
0.996981969058
0.9959259341
0.681720774205
0.797950828717
0.601067069806
0.800164419236
0.880460594558
0.79844518991
0.998553331421
0.600243870142
0.879925404427
0.80336673214
0.679575599744
0.204006753327
0.447730131756
0.99587075986
0.995578336386
0.600995343294
0.796572576196
0.995434883362
0.799112798217
0.995674339564
0.798284081128
0.601845026594
0.996990796937
0.994325881133
0.994233188409
0.797805168723
0.997999382049
0.994388779767
0.997185010262
0.995575025932
0.599471430778
0.799266182605
0.995321224427
0.99906755534
0.996356293174
0.997506124341
0.99354682086
0.796909139061
