0.715587826356
0.79535874291
0.8350036415
0.599753922888
0.638052570016
0.796946657545
0.400420427711
0.602637328684
0.914106949747
0.248562159299
0.834177131381
0.637453377767
0.642175189248
0.713713005672
0.991121361259
0.79587075986
0.798803822471
0.912833528282
0.597946414778
0.992810796495
0.638264439099
0.913322372051
0.800442497407
0.911653903026
0.593023769063
0.750165522721
0.794740791419
0.447037143299
0.601888062501
0.205131204343
0.639743108737
0.796652027102
0.833441107016
0.798191388405
0.990723003244
0.596622233012
0.641223985346
0.598212354616
0.837859460175
0.99199421774
0.605644324778
0.799795855311
0.800104831056
0.792168568339
0.598488225817
0.595823310013
0.991826488049
0.400270353777
0.797394672375
0.443443093289
0.792230363488
