0.713230782812
0.954025512569
0.867919489749
0.83520337225
0.799126040034
0.95492595617
0.833778773366
0.757767429542
0.950132418177
0.634448588643
0.915018428196
0.755978680674
0.874800820993
0.792184017126
0.873147800755
0.755975370219
0.794336915981
0.794507956125
0.872544194566
0.99541391715
0.716177087242
0.792999492397
0.995945796826
0.794516784004
0.475618503233
0.904367592858
0.797125422083
0.830829158482
0.91655337556
0.634260996226
0.914102535808
0.913415064775
0.911758734082
0.874390324645
0.912751870407
0.833912295028
0.877286972258
0.754645671029
0.872869722584
0.877554015581
0.913927081724
0.956500628986
0.872397431087
0.832926883097
0.672017832314
0.733992849418
0.995096113527
0.635544349054
0.758489108605
0.872436053056
0.671178080378
