0.598872238529
0.739381165721
0.484070093355
0.91267904041
0.581045441504
0.935066540134
0.891306746706
0.562508000265
0.797205976474
0.396360707113
0.73944296087
0.59711107678
0.7921641544
0.644110701596
0.582003266315
0.596464434685
0.601833991746
0.642912317097
0.947299772682
0.974346185253
0.596882655426
0.484722252875
0.996501953168
0.678528392664
0.3956136479
0.791344265189
0.600216283022
0.595656683807
0.791861799563
0.526141555031
0.760968638962
0.953161483966
0.793753172519
0.756817329125
0.596367328022
0.721130630531
0.407412107435
0.739256471938
0.758791463442
0.599898479398
0.99012491448
0.952642846108
0.599329081239
0.753143828209
0.5916267573
0.542398093178
0.989556619805
0.714447926552
0.601015206021
0.952807265344
0.366991459028
