0.898768510958
0.987485378826
0.985046677407
0.989568758138
0.985415241332
0.991517512304
0.982368519785
0.985985742976
0.986973361877
0.974390324645
0.99374434464
0.793987111297
0.991872834411
0.901587914634
0.9921641544
0.985045573922
0.988653969235
0.904933680563
0.986096091457
0.997608748428
0.985506830571
0.900024276666
0.991951181832
0.909430381144
0.975507051268
0.972336739423
0.797893447507
0.982948952793
0.986629074618
0.971664717177
0.989769592373
0.992029529253
0.991161086712
0.990902871267
0.989491514202
0.98627595948
0.988649555296
0.788704729536
0.994461609764
0.996825274216
0.990372095076
0.993807243274
0.987424687162
0.987195162323
0.788093398954
0.789201297698
0.993749862064
0.789853457218
0.793885590695
0.984632870605
0.788829423319
