0.411052503807
0.375057932952
0.25645097217
0.217553132793
0.490140363267
0.532327690848
0.251781024475
0.409166648275
0.532051819646
0.174908962504
0.295575025932
0.330825848028
0.295804550771
0.452112069917
0.296814239368
0.489919666306
0.295396261393
0.532294586304
0.371915208228
0.532390589482
0.406372624749
0.532198583126
0.725332700669
0.295102734435
0.130796053938
0.454846505264
0.331331244069
0.371660303238
0.328104654499
0.174063693143
0.450471188012
0.44912052261
0.374484120854
0.297112180265
0.297159630112
0.218396195184
0.373549469224
0.252428770056
0.211113195471
0.331393039218
0.288189402132
0.330675774095
0.137313235197
0.292709275893
0.173575952859
0.33095716272
0.532588113262
0.17393679239
0.331337864978
0.37492661826
0.174345081768
