0.41343934144
0.37594623822
0.259200856304
0.216259848602
0.337189644899
0.377200900444
0.255252587672
0.25750038622
0.377879543599
0.133086888394
0.260615523824
0.295440400786
0.298564366269
0.414484341551
0.297279909956
0.333388139745
0.142408024542
0.378274591159
0.372319083666
0.340056498422
0.255272450398
0.535257443005
0.415709209684
0.294475955066
0.132775705679
0.455104720708
0.0956853744124
0.373710578005
0.175362494758
0.173845203152
0.29618083909
0.256079097791
0.377806713602
0.297716889938
0.29496148838
0.214984220167
0.183031714153
0.254007856812
0.217031184481
0.176489152744
0.14111474035
0.143910970846
0.144137185231
0.293536889497
0.17385403103
0.331204343316
0.299609366379
0.17170444263
0.333230341418
0.18132241619
0.175568846417
