0.639906424489
0.575754231864
0.478792125532
0.592476440599
0.753389905321
0.795228531703
0.393635099645
0.800041932423
0.757996954382
0.393480611772
0.595598199113
0.599218732758
0.78989759661
0.638064708349
0.943030389972
0.758729668292
0.798991414888
0.483329655051
0.750653263005
0.753356800777
0.560645317914
0.482094855554
0.992306503939
0.593629582221
0.515356094547
0.946131182274
0.595270464126
0.593605305555
0.910550418221
0.359883913399
0.601144313743
0.560501864889
0.792456577873
0.754975612986
0.755418110393
0.551804197656
0.714553861093
0.381252896648
0.52094193463
0.791051841716
0.207361347134
0.59683299861
0.400551742403
0.712574209353
0.394811414447
0.595807861226
0.993233431176
0.394662443998
0.758394208912
0.793253293902
0.166870075699
