0.52713358787
0.64083224824
0.722474675024
0.605015338439
0.798481604908
0.795654476838
0.601196177529
0.800781267242
0.720496126768
0.603866610757
0.83618878418
0.641107015956
0.997785305996
0.365115534859
0.643019355123
0.604262761802
0.607435280616
0.913555207345
0.717159188718
0.801325285251
0.799465913354
0.914009843084
0.839282955574
0.915521617267
0.409336584935
0.56248151663
0.448523537331
0.996521815895
0.801520602061
0.0530864469996
0.798439672486
0.601627640087
0.91768555097
0.798733199444
0.603787159851
0.599135971398
0.640195537507
0.603544393194
0.994627132484
0.608131579528
0.998851272318
0.683054887334
0.79988523758
0.600205248174
0.799694334709
0.522005693982
0.680309417139
0.6023746993
0.643957317208
0.446338637417
0.408155856194
