0.558625940721
0.799769371676
0.72068482267
0.607116373508
0.793877866302
0.800350908168
0.406592218225
0.602363664452
0.758084129682
0.248661472932
0.797966277504
0.600359736046
0.607094303811
0.559947915517
0.678475425393
0.639728763435
0.798234424312
0.721638233542
0.601871510229
0.996554920439
0.599682196376
0.525987067158
0.801589018119
0.913793560063
0.436609211891
0.595863035466
0.794463816733
0.408379863609
0.601053827989
0.0533468694136
0.606290966873
0.799162455033
0.799638056984
0.643867934939
0.837552691399
0.605904747192
0.641433647459
0.600889408753
0.798606298691
0.994622718545
0.599394186842
0.796856171791
0.602471805963
0.639568758138
0.599163558518
0.597411224647
0.993867934939
0.407796120147
0.639792765554
0.604492286641
0.443577718435
