0.850744876623
0.840538738097
0.983224606251
0.711614659854
0.732891404961
0.71365749214
0.930554733765
0.796592270934
0.737063315767
0.822389923231
0.898037396768
0.802600424211
0.857057900305
0.71803950278
0.827903664963
0.820852533985
0.899832020418
0.656692356678
0.912688224882
0.954710699046
0.81837094906
0.726417421739
0.840580858351
0.771852639285
0.859269213605
0.698806091391
0.863784103616
0.936812599973
0.947485069874
0.867651645448
0.715052474816
0.924652883984
0.826824584188
0.719086993366
0.872299414829
0.818894945068
0.758167568408
0.803193116347
0.812714800756
0.771082440367
0.914392590847
0.860450586424
0.637846551906
0.817707053638
0.76702686169
0.823646510788
0.899836031871
0.909685151106
0.728793706031
0.767392906749
0.842921541
0.79244944316
0.857964990047
0.818816721741
0.786995873218
0.866903008088
0.924226165703
0.762304880434
0.826218353399
0.877444102914
0.898321708478
0.936923917785
0.923721224095
0.59600359025
0.83595565339
0.850061425369
0.808106143038
0.745865445848
0.779252766649
0.939631146924
0.667400428223
0.985694156818
0.683497385034
0.920508551916
0.816986496447
0.893432750503
0.884727898149
0.870548415727
0.758200662893
0.963948071745
0.781126115058
0.838307367534
0.931806808438
0.957991064489
0.770936022344
0.961199725215
0.770871839101
0.740367749926
0.843569892042
0.87935104724
0.735385525676
0.881492661549
0.783466797707
0.689208690812
0.68409007717
0.886834913679
0.935046557923
0.932294701372
0.786656404034
0.814693951231
