0.838500920127
0.833527721645
0.979690014993
0.739148769738
0.718084130192
0.606395258463
0.923023231325
0.845873970185
0.690881466587
0.798070491253
0.897804732511
0.848111357927
0.855257760907
0.70069498418
0.774039883868
0.772995903304
0.912536291111
0.753720371661
0.922072015605
0.958711120248
0.864572354071
0.787077606567
0.845101765541
0.772709084436
0.809568317547
0.740118036996
0.875705138169
0.9374845183
0.945594672791
0.818999242838
0.666752578612
0.922226957965
0.837573271691
0.714985282983
0.875158577739
0.767539324772
0.734986386132
0.756153819154
0.726638051637
0.817662426227
0.920118939572
0.856999734241
0.431638828856
0.767955011558
0.820348093808
0.875252846878
0.897368988462
0.909876697973
0.779107351488
0.78506937306
0.87496301942
0.782030697642
0.906328568062
0.863537399275
0.767941472905
0.863683817298
0.922877816165
0.683129334249
0.768563749505
0.878771893757
0.900381589438
0.935642258648
0.918993225659
0.514501902933
0.851310491453
0.828049581555
0.748972315962
0.697256667787
0.771217826896
0.936638101781
0.763646209929
0.986098310677
0.671788957474
0.911011437655
0.868313033711
0.889268862603
0.879101835741
0.860058466923
0.803997412613
0.971589889133
0.793332965617
0.81905339745
0.929049937572
0.960005816606
0.769028576586
0.963497284748
0.818658269359
0.796677514303
0.786321447733
0.878227840485
0.665714615226
0.873330358173
0.765299931304
0.72646505774
0.591827667992
0.89010525049
0.934966328869
0.93224656394
0.739931003014
0.820468437389
