0.803739676777
0.881809566312
0.996418775604
0.677342312302
0.782973389026
0.678291522296
0.950202829077
0.878777910936
0.759710974833
0.78040004212
0.93181683707
0.892455961771
0.880347391804
0.774824624302
0.80805299129
0.82043734863
0.956034478436
0.80932913468
0.952798740404
0.973030000652
0.898840188739
0.86561783893
0.861587833264
0.82207702992
0.852207051131
0.708346328769
0.920900169985
0.962659392566
0.963073575057
0.853857763916
0.726617492942
0.934675498548
0.879304414102
0.776166956661
0.882930767341
0.818833770415
0.715669235668
0.789766784169
0.735656800164
0.883025036479
0.94261215771
0.908260082536
0.511917023101
0.804230578301
0.870139247552
0.921282260855
0.926067923923
0.957717282843
0.86083167443
0.849397028516
0.888083478331
0.712549328332
0.936717327971
0.911923541712
0.698220419297
0.884737926781
0.947648536572
0.690979747178
0.763120208194
0.891498227439
0.932317767225
0.943302127574
0.947410356568
0.571036308661
0.905334730656
0.808513806919
0.791160763981
0.749611139804
0.707214096245
0.962208104137
0.834719123096
0.995019781476
0.731101294195
0.928652803755
0.918402037818
0.923914776687
0.927190127815
0.907065171063
0.863264620492
0.9836412959
0.812902837601
0.767538321909
0.932612107567
0.978212797537
0.737618901965
0.950213860572
0.867745413155
0.846413510573
0.817860491704
0.907062162474
0.627049225539
0.893976302343
0.751395233391
0.700130873644
0.546278625476
0.916498603513
0.962067703293
0.962358533613
0.810853486705
0.807404138816
