0.767558379173
0.737938815318
0.965837465965
0.652561061832
0.73277406997
0.587598593986
0.899599356162
0.874391387411
0.705893325444
0.761798935962
0.870679289371
0.843921395584
0.853731403156
0.713410286368
0.740863164334
0.753666718481
0.931623785909
0.750009276484
0.897631738614
0.960400944697
0.897979732135
0.842179923682
0.858669501427
0.72953582478
0.782595309609
0.719721805755
0.868288964995
0.907376560079
0.937556724448
0.788903318976
0.610998400433
0.922220940786
0.861173650773
0.742291241494
0.873409584363
0.724821364997
0.578830561252
0.736913889154
0.649728474796
0.85269644836
0.874907861946
0.761225298226
0.409568818978
0.721839351348
0.874435513391
0.896179592737
0.889343074478
0.894504811236
0.828145354988
0.829023863129
0.849446168812
0.670616610423
0.928211042526
0.880566015976
0.716841582719
0.815589508045
0.91776120825
0.605972050203
0.67609374765
0.820092363698
0.88863304735
0.91041924695
0.816303045194
0.544250836137
0.87584754474
0.7528859895
0.710412226908
0.674168751786
0.702757372298
0.908850768945
0.831316408346
0.97771136595
0.703428287762
0.878184717368
0.915524823371
0.850931409173
0.839935014466
0.815993160473
0.83578817524
0.958351092369
0.796991410477
0.755171013243
0.896722643146
0.93983823817
0.695160683752
0.951596808889
0.848171529717
0.839629141198
0.738523484548
0.885467008309
0.542582071815
0.822997658314
0.713128983247
0.718140290529
0.453572950774
0.823451955332
0.902387315787
0.914908062518
0.722945509429
0.761359681892
