0.844869101284
0.840221833334
0.985296020137
0.731216122028
0.748641371115
0.685264429947
0.927496001083
0.83030050795
0.73438867968
0.810656424091
0.900456302744
0.834718120233
0.862595710754
0.733430443917
0.819058411766
0.814613722177
0.902301069554
0.72518891435
0.913914726544
0.957549804692
0.850158201666
0.764463041985
0.843516238862
0.775935295268
0.852771663098
0.698036895336
0.868128506887
0.942899979441
0.948429766985
0.862774220399
0.707252205045
0.927140987519
0.832482738218
0.749032487753
0.875798404445
0.814884495234
0.74374940455
0.797609174192
0.784705835159
0.805454572805
0.916809491097
0.862165482452
0.577535363463
0.809614950684
0.806324055178
0.858586263783
0.906063812184
0.90711782138
0.763295207818
0.77434676
0.88508190885
0.788100025573
0.892891204389
0.85139172337
0.772344042241
0.868567760958
0.92736562887
0.73041433292
0.811235577574
0.877986651891
0.903246769527
0.936643116096
0.925844786867
0.590448731127
0.841585727251
0.835842831283
0.79205431507
0.745404128788
0.76988903319
0.940509153634
0.735595124079
0.988242432144
0.703871553285
0.91631758671
0.848506486018
0.895929879807
0.881909852629
0.870157299089
0.793653881833
0.96656554463
0.784759488339
0.82773819254
0.929312687723
0.957981035857
0.773282722172
0.96293568137
0.810565163542
0.775991455606
0.827910183574
0.885423383761
0.719269514464
0.880700399641
0.777630134033
0.724168501071
0.648359065131
0.887046517808
0.941404710448
0.934222204394
0.780581058923
0.821294796644
