0.948277331782
0.891548370598
0.987452175962
0.691507253208
0.76063561468
0.772976848904
0.912559356964
0.664282526613
0.865725646721
0.926682679049
0.783594662762
0.662421212562
0.916654047305
0.754288493649
0.761331601723
0.870369906082
0.920729683246
0.442557501667
0.908084080049
0.887808693821
0.727501015399
0.674797546997
0.736397414619
0.827518565505
0.876405136665
0.568750783487
0.90138044116
0.981930411324
0.89479363583
0.956723445437
0.728184968084
0.994755025598
0.730719203325
0.535139824198
0.83375336586
0.949190940134
0.476194535399
0.805293111834
0.747361216272
0.779178554774
0.904568543191
0.903695049366
0.860304669832
0.876297328874
0.799982951326
0.727143996109
0.851472955287
0.85215289652
0.63272041679
0.75148950253
0.862353017866
0.670744976909
0.80145014015
0.768714680413
0.725153312708
0.677581495169
0.932616620451
0.927131961751
0.950259490846
0.761176157931
0.903865536106
0.682709134579
0.833518695877
0.641469395123
0.812947966444
0.846359355961
0.731883527471
0.83730450436
0.696822428032
0.914698464115
0.572082294952
0.95151156552
0.763152801248
0.828947144096
0.790610192098
0.696673001419
0.759050088001
0.971656078103
0.717779259787
0.965827437334
0.847630986466
0.78862652874
0.814496387185
0.921833835601
0.395484107126
0.842494822719
0.755511986722
0.585784414503
0.872871046839
0.964934889108
0.751463428087
0.673470759017
0.703275852559
0.640026275015
0.831974286588
0.844374689739
0.984593013052
0.916452471807
0.876219105546
0.741911156351
