0.82944105421
0.83694748507
0.985506621404
0.836238962237
0.848624823872
0.755913131992
0.922497731022
0.905051923241
0.716091441064
0.719877249547
0.905593970787
0.91651966364
0.828236615537
0.842728489838
0.796549147817
0.806049270668
0.936200853437
0.864600935671
0.927071288529
0.969406656003
0.922367358809
0.884092584328
0.852208053994
0.75140425916
0.832623139062
0.804485806979
0.893602234379
0.934240255931
0.946574470112
0.838693469856
0.725831248214
0.912300618265
0.837940319612
0.794528378521
0.868958877596
0.784044446896
0.698346780057
0.769546053984
0.810709074407
0.881356272157
0.933496131455
0.866866905014
0.662266270201
0.797852368512
0.872585230834
0.936063461182
0.898850217371
0.943084506265
0.850311639731
0.79854985985
0.811876908574
0.730409318605
0.964446494742
0.943092529171
0.81064037828
0.878164158673
0.923576811798
0.752373024986
0.820781832131
0.872297409103
0.893850944446
0.940676631784
0.936994619639
0.723555751671
0.878075906714
0.777066023497
0.835513390731
0.721656328819
0.810524046152
0.936477643673
0.876848402188
0.984822668719
0.785776391598
0.944367669697
0.928490841352
0.908112661649
0.890299805946
0.842784148745
0.854598879802
0.97491538342
0.821083192515
0.771311093171
0.93926008755
0.958031179016
0.747970455651
0.952726534255
0.878819028326
0.864811035506
0.857263988688
0.863888401386
0.676640809511
0.881720311489
0.772362093778
0.714686429757
0.469101284166
0.895830596353
0.931176508933
0.927594281674
0.777863299721
0.852411635219
