0.73
0.28
1.4
1000.7
0.28
0.28
0.28
0.28
0.19
0.28
0.19
0.73
0.28
0.19
0.28
55.5
0.19
11.9
0.73
0.1
0.55
1.5
0.19
0.1
0.64
0.19
0.37
0.73
2.6
0.28
21.8
0.28
0.19
0.19
0.1
0.1
0.1
0.19
0.1
0.28
1.7
0.73
0.46
0.55
0.28
0.91
1000.8
0.1
0.73
0.28
1.1
0.37
0.1
0.19
0.37
0.19
0.64
1.0
0.28
0.82
0.37
0.28
0.82
0.64
0.73
0.19
194.0
0.28
0.19
1.1
0.91
0.1
0.37
1.4
21.7
2.2
4.1
2.3
0.19
0.55
0.73
0.37
0.19
0.64
202.0
0.91
262.2
3.4
0.46
0.19
0.1
0.1
1.1
0.91
0.37
61.3
0.19
0.28
1.1
1.0
0.19
0.19
0.82
0.28
0.1
1.8
0.28
0.1
0.28
0.19
1.1
3.1
0.73
0.46
0.55
0.19
0.1
0.28
0.19
0.28
0.28
0.1
0.28
4.8
0.19
0.19
0.28
0.82
0.19
0.1
0.82
0.73
0.55
0.1
0.19
0.19
1.1
0.82
0.1
0.82
0.1
0.46
0.19
0.37
0.28
1.2
0.64
0.1
193.1
0.64
1.1
1.7
2.8
1.2
0.19
1020.8
0.46
0.91
0.73
0.1
0.28
0.64
0.46
0.73
2.3
0.19
0.28
1.0
0.82
0.37
0.1
0.37
0.73
0.91
0.46
2.5
0.37
0.1
0.64
0.64
0.73
0.46
0.82
0.37
0.19
170.7
0.1
1.0
0.1
1.0
0.19
1.1
0.73
0.55
0.28
0.91
1.3
0.28
0.19
0.19
0.28
0.28
0.28
0.55
0.1
0.1
0.19
0.91
0.46
0.82
0.55
1.01
1.0
4.9
1.0
0.73
0.37
