0.64
0.73
0.28
0.37
0.37
9.8
3.0
7.3
3.9
0.91
0.46
0.19
1.52
0.28
0.19
1.5
9.6
0.28
10.31
3.62
0.82
0.1
4.9
1.2
0.55
0.84
0.65
0.82
0.73
0.37
193.4
0.28
0.46
0.37
1.9
3.2
3.9
2.8
0.37
0.1
1.0
0.55
0.28
0.46
0.19
0.1
0.1
0.73
0.37
0.19
2.4
0.92
0.19
0.46
0.64
0.19
4.0
0.37
0.46
0.19
3.5
1.4
0.46
15.6
0.37
0.19
1.1
0.28
0.37
39.6
1.41
0.46
1.2
0.55
0.64
1.25
1.5
0.55
1.1
0.37
17.0
0.19
3.7
1.24
0.46
15.2
0.46
0.28
1.0
0.56
0.83
0.46
4.8
0.73
3.9
0.37
0.37
0.82
0.46
0.92
0.73
2.0
0.1
2.2
0.37
19.9
0.46
0.37
0.37
0.73
2.4
11.4
0.19
0.28
0.55
1.1
0.1
1.0
2.1
3.22
1.6
3.7
0.19
0.1
0.37
7.7
0.1
0.46
0.28
0.19
0.46
0.37
0.37
0.37
1.01
0.19
76.2
16.4
0.46
1.2
0.46
0.37
0.64
1.54
0.46
2.4
0.19
0.86
0.19
0.64
0.46
1.11
0.73
0.28
2.03
0.55
0.73
0.46
0.82
0.19
6.7
0.37
1.0
0.55
3.7
0.19
0.46
0.19
0.28
0.37
0.28
1.21
0.64
0.37
0.37
0.28
1.6
0.91
0.64
1.6
0.19
0.19
0.46
1.3
0.37
45.2
0.37
0.37
2.02
5.32
0.73
2.1
1.32
0.73
0.1
0.37
0.28
0.64
0.28
0.55
1.8
0.19
0.28
0.92
0.37
3.04
1.3
0.78
1.5
0.46
0.46
1.3
0.82
2.0
0.1
1.44
0.46
2.61
16.8
0.19
5.2
0.1
0.37
0.1
0.28
0.64
1.34
3.1
3.1
0.56
0.55
0.55
84.3
0.46
1.1
3.2
0.28
0.37
0.28
0.28
0.1
1.3
0.28
14.3
0.82
0.46
0.37
0.73
0.55
80.1
1.1
3.74
0.46
0.37
7.7
0.73
0.37
1.7
11.0
0.82
0.28
0.1
