0.782114047288
0.629791376912
0.875697728326
0.795308298563
0.728270746407
0.657144181734
0.521511358368
0.575762633287
0.728632359759
0.984543347242
0.789086694483
0.867584608252
0.990292072323
0.615113583681
0.962874362541
0.891172925359
0.736050069541
0.461752433936
0.857756142791
0.285405656004
0.704163189615
0.867538247566
0.775113583681
0.78270746407
0.994445989801
0.679443671766
0.708363467779
0.856411682893
0.61515067223
0.809754288363
0.694399629115
0.844496986555
0.602828001854
0.62886416319
0.661066295781
0.873101529903
0.640519239685
0.778340287436
0.898423736671
0.77327770051
0.632637923041
0.65752433936
0.604469170144
0.97812702828
0.695558646268
0.649207232267
0.84026889198
0.899295317571
0.740751043115
0.510403337969
0.809151599444
0.63113583681
0.851052387575
0.874436717663
0.861789522485
0.580472878999
0.990811312007
0.824895688456
0.905155308299
0.788196569309
0.79735744089
0.569346314325
0.774010199351
0.570403337969
0.663273064441
0.983588317107
0.60776077886
0.724450625869
0.788029670839
0.634761242466
0.845377839592
0.7834121465
0.788252202133
0.862846546129
0.750384793695
0.361196105702
0.550236439499
0.685544738062
0.816272600834
0.673361149745
0.670319888734
0.796541492814
0.628715808994
0.771914696338
0.993407510431
0.807566063978
0.586063977747
0.489485396384
0.685099675475
0.751033843301
0.785841446453
0.507241539175
0.898015762633
0.742726008345
0.507528975429
0.864756606398
0.794696337506
0.865442744553
0.874371812703
0.757338896616
