0.907668057487
0.930431154381
0.952471024571
0.96153917478
0.756680574873
0.9753175707
0.921483541956
0.824756606398
0.666397774687
0.95057023644
0.945915623551
0.921965693092
0.990245711637
0.921001390821
0.992758460825
0.994622160408
0.855660639777
0.857579972184
0.992443208159
0.916318961521
0.941047751507
0.906240148354
0.946249420491
0.965609643023
0.998414464534
0.934538711173
0.961446453408
0.88187297172
0.897969401947
0.923801576263
0.916281872972
0.930143718127
0.921492814094
0.885683820121
0.929114510895
0.953175707
0.877617060732
0.875280482151
0.959629114511
0.982902178952
0.859870190079
0.904228094576
0.877997218359
0.979851645804
0.936597125637
0.926759388039
0.988919796013
0.989290681502
0.983773759852
0.868669448308
0.955836810385
0.851951784886
0.971877607789
0.948771441817
0.864404265183
0.784404265183
0.992545201669
0.946583217432
0.981019935095
0.941446453408
0.779035697728
0.89173852573
0.893630041725
0.943783031989
0.944997681966
0.974056560037
0.83973110802
0.869401947149
0.919601298099
0.874260547056
0.824700973574
0.95294390357
0.96407974038
0.97515067223
0.983198887344
0.849429763561
0.795141400093
0.931395456653
0.948057487251
0.889494668521
0.946175243394
0.941483541956
0.910913305517
0.949170143718
0.992276309689
0.984459898006
0.944886416319
0.906434863236
0.943356513676
0.928799258229
0.968409828465
0.743903569773
0.963189615206
0.872369031062
0.904914232731
0.915679184052
0.965053314789
0.91652294854
0.953222067687
0.89598516458
