0.901928604543
0.914242002782
0.923718127028
0.949281409365
0.832702828002
0.958368103848
0.893518776078
0.805544738062
0.727352804822
0.929299953639
0.951933240612
0.912146499768
0.977153453871
0.927575336115
0.994408901252
0.990245711637
0.805442744553
0.879823829393
0.985507649513
0.920176170607
0.942772369031
0.892563745943
0.953249884098
0.959239684747
0.994779786741
0.925878535002
0.95541956421
0.823588317107
0.873555864627
0.920732498841
0.926564673157
0.920676866018
0.895363931386
0.856235512286
0.917450162262
0.925748725081
0.827287899861
0.840788131664
0.958961520631
0.977598516458
0.825155308299
0.89592025962
0.875354659249
0.957301808067
0.886666666667
0.89311080204
0.99107093185
0.978590635141
0.988938340287
0.898006490496
0.948484005563
0.851543810848
0.968446917014
0.945368567455
0.835456652758
0.919035697728
0.986666666667
0.936328233658
0.955493741307
0.905943439963
0.871358368104
0.869225776541
0.881446453408
0.922290217895
0.936717663421
0.969958275382
0.775011590172
0.896114974502
0.895632823366
0.878154844692
0.795836810385
0.942559109875
0.969411219286
0.967111729254
0.96655540102
0.811117292536
0.741029207232
0.9165878535
0.961557719054
0.87300880853
0.920222531293
0.94143718127
0.891942512749
0.934789058878
0.982234585072
0.966342141864
0.913806212332
0.855623551229
0.951534538711
0.91003245248
0.94220676866
0.703588317107
0.950431154381
0.847862772369
0.919684747334
0.878358831711
0.943263792304
0.897477978674
0.937923041261
0.89839592026
