0.89846082522
0.911886879926
0.922253129346
0.950764951321
0.844700973574
0.957774687065
0.889735744089
0.800908669448
0.746212331943
0.929225776541
0.951682892907
0.911154381085
0.978117756143
0.925053314789
0.994093648586
0.992600834492
0.815234121465
0.879981455726
0.983467779323
0.915577190542
0.943384330088
0.892517385257
0.951061659713
0.958924432082
0.996949466852
0.925081131201
0.948113120074
0.838664812239
0.872387575336
0.920157626333
0.925563282337
0.921937876681
0.890078813166
0.850523875753
0.916819656931
0.923226703755
0.840584144645
0.839953639314
0.962837273992
0.975799721836
0.744506258693
0.894028743625
0.873685674548
0.95685674548
0.884459898006
0.888901251739
0.991274918869
0.980815948076
0.987584608252
0.897005099675
0.945906351414
0.85388038943
0.969782104775
0.94418173389
0.834492350487
0.92016689847
0.985850718591
0.933602225313
0.954279091331
0.903171070932
0.886954102921
0.865461288827
0.877663421419
0.917635605007
0.935530829856
0.972480296708
0.789012517385
0.898191933241
0.900955030134
0.871145108948
0.829253592953
0.938813166435
0.968057487251
0.967269355586
0.965442744553
0.845108947612
0.750579508577
0.912878998609
0.963198887344
0.870282800185
0.921464997682
0.943022716736
0.888585999073
0.934455261938
0.984089012517
0.963504867872
0.909207232267
0.867566063978
0.952192860454
0.907844228095
0.942596198424
0.714733426055
0.949114510895
0.844802967084
0.91692165044
0.878553546592
0.938201205378
0.900649049606
0.932563745943
0.891979601298
