0.895345387112
0.925220213259
0.91581826611
0.949578117756
0.846666666667
0.942559109875
0.899508576727
0.804543347242
0.75448307835
0.929429763561
0.958905887807
0.906694483078
0.972980992119
0.934946685211
0.994761242466
0.988734353268
0.815113583681
0.872035234121
0.98324524803
0.894900324525
0.937199814557
0.887185906351
0.95515067223
0.958831710709
0.993537320352
0.921780250348
0.929086694483
0.843588317107
0.873120074177
0.910190078813
0.921529902643
0.90545201669
0.866091794159
0.858636995828
0.923671766342
0.919091330552
0.830570236439
0.843968474733
0.964172461752
0.975261937877
0.7446824293
0.902466388503
0.879508576727
0.952461752434
0.889735744089
0.882929995364
0.969485396384
0.969086694483
0.966091794159
0.923467779323
0.955605006954
0.84451553083
0.967037552156
0.950375521558
0.830171534539
0.90407974038
0.983681038479
0.934993045897
0.953222067687
0.895957348169
0.879814557255
0.877032916087
0.875512285582
0.895975892443
0.93421418637
0.968567454798
0.785340751043
0.899675475197
0.898776077886
0.847603152527
0.836170607325
0.944904960593
0.968687992582
0.962837273992
0.94187297172
0.771766342142
0.760574872508
0.89889661567
0.957552155772
0.861400092721
0.915085767269
0.938284654613
0.879239684747
0.926101066296
0.976764024108
0.94364394993
0.890403337969
0.84672229949
0.958581363004
0.900324524803
0.939712563746
0.716402410756
0.953824756606
0.861993509504
0.910319888734
0.880352341215
0.929188687993
0.893843300881
0.935883171071
0.898433008809
