0.901186833565
0.910718590635
0.919007881317
0.947686601762
0.846416318962
0.958331015299
0.889828465461
0.806898470097
0.747454798331
0.928020398702
0.956828929068
0.913333333333
0.975744089013
0.931284191006
0.995113583681
0.990579508577
0.821910060269
0.884237366713
0.984302271674
0.919137691238
0.943273064441
0.892563745943
0.95361149745
0.957329624478
0.994594343996
0.925322206769
0.951061659713
0.840973574409
0.873351877608
0.916541492814
0.927297171998
0.920139082058
0.891988873435
0.857978674084
0.918201205378
0.921223922114
0.842197496523
0.841882243857
0.96050069541
0.979388038943
0.813908205841
0.894325452017
0.87377839592
0.953963838665
0.886175243394
0.889272137228
0.99107093185
0.976309689383
0.989541029207
0.899860917942
0.944441353732
0.862095503013
0.969986091794
0.946407046824
0.833694946685
0.91692165044
0.984756606398
0.935975892443
0.953027352805
0.905220213259
0.886212331943
0.869040333797
0.879017153454
0.919675475197
0.935808993973
0.970088085304
0.790421882244
0.900713954567
0.898358831711
0.877617060732
0.812025961984
0.941131200742
0.971803430691
0.967881316643
0.964979137691
0.842420027816
0.758553546592
0.913435326843
0.963041261011
0.872304126101
0.921001390821
0.94220676866
0.890384793695
0.935716272601
0.979953639314
0.962169680111
0.90963375058
0.867417709782
0.951497450162
0.91157162726
0.943319425127
0.721594807603
0.951534538711
0.848242929995
0.921057023644
0.881001390821
0.945266573945
0.897756142791
0.937756142791
0.90043579045
