0.852304126101
0.927278627724
0.841696801113
0.916105702364
0.741502086231
0.946879925823
0.883653222068
0.827371349096
0.608725081131
0.873018080668
0.950273528048
0.871961057024
0.944904960593
0.915994436718
0.994353268428
0.979703291609
0.823959202596
0.83344459898
0.964775150672
0.860871580899
0.95464997682
0.789439035698
0.938942976356
0.940203987019
0.982967083913
0.84578581363
0.935707000464
0.77184051924
0.849522484933
0.842086230876
0.916077885953
0.876578581363
0.87548446917
0.844172461752
0.964821511358
0.846351414001
0.758674084376
0.785025498377
0.965359295318
0.977413073713
0.805210941122
0.915261937877
0.878377375985
0.893268428373
0.832053778396
0.805869262865
0.979814557255
0.958303198887
0.983328697265
0.913852573018
0.935391747798
0.848446917014
0.957060732499
0.968131664349
0.68815948076
0.864172461752
0.971330551692
0.894436717663
0.926675938804
0.915206305053
0.860908669448
0.805563282337
0.829411219286
0.876838201205
0.913435326843
0.938618451553
0.695790449699
0.840843764488
0.830162262401
0.851506722299
0.819425127492
0.912155771905
0.962086230876
0.970551692165
0.954334724154
0.811043115438
0.669374130737
0.885572554474
0.96187297172
0.840222531293
0.859267501159
0.91862772369
0.853667130274
0.912118683357
0.944923504868
0.936968011127
0.840407974038
0.817654149281
0.943968474733
0.92815948076
0.919360222531
0.621956420955
0.957440890125
0.830273528048
0.952415391748
0.796680574873
0.922698191933
0.824932777005
0.95080203987
0.887584608252
