0.541682763471
0.698395452908
0.483625308972
0.454036176143
0.4774663331
0.590088760234
0.975185712753
0.387691602924
0.641922686781
0.579534847332
0.695195868427
0.427690841548
0.756182941225
0.445674096376
0.49323532568
0.664112850285
0.61790279329
0.611820059915
0.417657384476
0.643320620755
0.490075016501
0.680749211796
0.56365514801
0.744510000701
0.419892666992
0.48076793145
0.780102312125
0.680977354765
0.247357426382
0.57808833818
0.254136443943
0.41479551064
0.858978771703
0.550031998767
0.656744898033
0.467479967423
0.39835795365
0.459341616743
0.662615517799
0.713956438512
0.483805985853
0.535493122738
0.324570392192
0.725062199009
0.277464804353
0.589157303842
0.374357888903
0.427537269946
0.338235859243
0.47455942868
0.486425620776
0.323536554732
0.76225918492
0.465854797237
0.522769123872
0.742635524897
0.177190978836
0.574093048519
0.583901907216
0.536046019473
0.298477488155
0.663841153023
0.714245641423
0.396259186719
0.396580882992
0.801896537718
0.393290562897
0.416553089777
0.617279154549
0.636490390178
0.136497928998
0.453450636168
0.614340086497
0.357422964654
0.580505241803
0.358944757088
0.58802436013
0.210050400682
0.476368595525
0.701112350595
0.722884431843
0.763289635157
0.509048996633
0.799147918536
0.752364596504
0.775184303908
0.55807189516
0.746519448356
0.364808385086
0.345006573611
0.179363387895
0.270786309384
0.495334429834
0.594128908121
0.263464811547
0.722844054944
0.737726651691
0.544980524966
0.730790877639
0.606562047933
