0.41548449581
0.587779146156
0.285081769965
0.377471803615
0.401175771103
0.445564805972
0.638952167013
0.233766156005
0.389029623515
0.371828539963
0.595745857546
0.391370172233
0.520901924602
0.475774505061
0.364157034063
0.644073153828
0.545287098637
0.496622548834
0.402951380458
0.470668820701
0.435466474584
0.565040065155
0.41123547166
0.566855631753
0.384670462155
0.491709516538
0.521350252063
0.421371984247
0.238152032963
0.395293513378
0.258472299409
0.274004261307
0.758974215438
0.529588608259
0.593968157405
0.361572845082
0.296689791209
0.442542024049
0.421918151499
0.57260791603
0.457359836406
0.403700279011
0.312034339249
0.431112424035
0.290423345941
0.513849875872
0.354441406435
0.509453065377
0.275886148535
0.463846728452
0.372485339019
0.307446225584
0.647512818991
0.465123711581
0.442295805898
0.666169411816
0.238547348883
0.542642111997
0.503584941065
0.38487405525
0.324400221698
0.39160713547
0.72279712092
0.337983376228
0.317548723556
0.556711355531
0.250932123345
0.439092841688
0.544964862805
0.450278366795
0.173240382534
0.352440074627
0.502879072237
0.382271768604
0.535961114079
0.376648063917
0.710104139127
0.2223226399
0.475111396177
0.701437966155
0.631923401695
0.668202540058
0.494370570007
0.598701974122
0.571943143511
0.671158049631
0.374020080838
0.650559791083
0.270816224859
0.376005705523
0.236618625051
0.218377484139
0.532150323165
0.523727812939
0.232715195083
0.48929963466
0.633376243156
0.564131240209
0.641547851571
0.527269836688
