0.665042777931
0.773255572582
0.626465536054
0.531132582509
0.556200911493
0.793216561063
0.936572073214
0.387748616184
0.7653505731
0.744710266524
0.773601286665
0.613444668061
0.682857638308
0.6768596005
0.523262324546
0.811872022316
0.715484256007
0.66921836978
0.678725630728
0.794081674343
0.695414119505
0.784332054582
0.776957927391
0.835876688291
0.574905112789
0.619506988171
0.777697128894
0.84231493022
0.488679345672
0.754185154011
0.331232565543
0.61932139532
0.824921292025
0.780026009677
0.682956984364
0.710303745489
0.55227631138
0.699053046313
0.830436253359
0.752073415214
0.631061960405
0.631184957072
0.654910724188
0.67530054861
0.556906398135
0.746999070162
0.57279984119
0.600519878803
0.63552312814
0.604686463038
0.745433626013
0.541692385582
0.778135414587
0.695154217572
0.697390504265
0.797088269537
0.560478839447
0.803844003686
0.743169994239
0.471858320549
0.628096041865
0.504184494551
0.768142701613
0.535356045114
0.534945351801
0.837283772263
0.530505279272
0.65902522612
0.740290030233
0.72458430079
0.520871814287
0.695112956398
0.728834224203
0.666927527813
0.733742377999
0.542004474732
0.803896513139
0.448572929912
0.645991813411
0.741666037183
0.74520426904
0.860434805546
0.723160168294
0.841711614818
0.789916663819
0.840506632663
0.602492823883
0.7774795073
0.60933265409
0.587292442656
0.437125269704
0.384656328742
0.710411139947
0.647696943046
0.477543175105
0.855819002082
0.796269123572
0.787265989342
0.775404705722
0.641476997158
