0.569046835404
0.536262329642
0.509944377599
0.422164084883
0.565352424083
0.581014194563
0.553676321152
0.289922808781
0.596544238034
0.595311153916
0.655813741395
0.601236733626
0.459118944289
0.537259919318
0.422088456883
0.678862513511
0.578794454306
0.51386574786
0.665556286956
0.721373917662
0.521379972698
0.686975377585
0.60235475707
0.726505156073
0.550079764609
0.481058558194
0.593263022974
0.677501052137
0.513304368079
0.426067544827
0.287881070099
0.524017450494
0.765517079099
0.740652418148
0.719278073335
0.556568207883
0.423893914269
0.503148079205
0.50043666702
0.649125519399
0.42565785569
0.50213685071
0.435270525223
0.438202676446
0.433817136711
0.591229594978
0.383004975021
0.408984774282
0.412297073859
0.633211498214
0.629325686302
0.511605136109
0.611114790595
0.753067954891
0.594200189684
0.702447725854
0.429332573157
0.529137110896
0.50969068058
0.230390390957
0.439708064828
0.49598300813
0.619982128651
0.491044751513
0.343212394479
0.780827455152
0.325188515455
0.661713901943
0.574342324163
0.433050380298
0.397314096903
0.512352108741
0.6287399365
0.52718335009
0.657165550682
0.472482738651
0.576459983106
0.309078447489
0.584285442794
0.607405354091
0.510555763885
0.575368787668
0.617931000166
0.642324971988
0.377348657071
0.720647897853
0.594869863186
0.7162997075
0.549650771298
0.520428192967
0.406008079576
0.315629142229
0.538186025097
0.4560642835
0.40903702145
0.514153804211
0.724519059275
0.688114863435
0.736915921328
0.553536328418
