0.667829068729
0.955241105841
0.559810762137
0.444352794579
0.720295177014
0.685161789365
0.986647641264
0.351839382075
0.818693110388
0.738732941734
0.845791067982
0.70705991728
0.576464696742
0.767378365716
0.519467720363
0.728442138135
0.90808864393
0.572890149655
0.803872000734
0.695224772232
0.663971441212
0.893932524117
0.875361503639
0.71187232207
0.676165789286
0.537185535298
0.901704687497
0.819492495053
0.563321903703
0.816331916095
0.37275137842
0.594637875869
0.803307848226
0.753473769704
0.788902422794
0.736616676648
0.510534526295
0.672840795116
0.585698334505
0.66576813828
0.684132493182
0.634134778808
0.694619515921
0.741584653901
0.852088732657
0.775270116059
0.557305918108
0.657475211821
0.669432559188
0.604572473986
0.696353197149
0.582663232682
0.863022344282
0.61180786741
0.699075033288
0.759704424313
0.764174727059
0.809887709056
0.645771336658
0.582299166144
0.851715313786
0.438369909348
0.847247896175
0.523742066254
0.579099274415
0.890948500419
0.445418900585
0.766083936889
0.737005577827
0.664585899979
0.682685834153
0.777739723974
0.703128760043
0.720643626355
0.576759737367
0.62791244238
0.87202267581
0.452713960096
0.65869079029
0.974302351932
0.69265509885
0.86942379887
0.847951674217
0.841025911957
0.909270012943
0.763738487188
0.684849565326
0.962672351206
0.560103202395
0.651334993073
0.533419167966
0.504940549737
0.75247124907
0.517738123287
0.686675863127
0.8217889724
0.80456441809
0.851324111993
0.972506524151
0.645161876294
