0.335891001557
0.432904827123
0.293758786547
0.242014636401
0.310169343172
0.374467636432
0.462116996486
0.224529992812
0.373589596249
0.341836912099
0.538301835156
0.362061744282
0.440158048432
0.488487428007
0.504427295503
0.556567331102
0.532550869797
0.489340453696
0.489142121289
0.457502144742
0.315446546921
0.53410367181
0.459823659064
0.51961067317
0.325259841982
0.357238690721
0.31617414044
0.449110434266
0.170570995898
0.396402709059
0.140465596304
0.144655921076
0.649184915706
0.527495544153
0.534430651252
0.467371201589
0.262979232126
0.340328503693
0.468695905597
0.670152838703
0.366895678922
0.418645089755
0.255971764348
0.380523496837
0.296174146435
0.353114087071
0.231801566576
0.468715022425
0.288961339494
0.329093923801
0.328018877624
0.390266304683
0.590473629718
0.432595892887
0.461368525083
0.772535607809
0.215145698556
0.564267118816
0.657028293205
0.298062358479
0.171112382069
0.411443568562
0.700782403586
0.187975912347
0.253911193603
0.513312603827
0.276892775802
0.341907938872
0.515851709768
0.366203861075
0.189775891724
0.466550197148
0.583143746257
0.308841791499
0.475579874619
0.317277940544
0.693076440934
0.442519107835
0.365704762736
0.694599237545
0.488074868723
0.69517982408
0.417013752126
0.565433057979
0.482385405445
0.647637996371
0.380930046048
0.542299283048
0.298979741408
0.330690370035
0.109357413792
0.273124527512
0.423260840763
0.575737740201
0.313854686928
0.384582791528
0.526972757733
0.502737265989
0.698464433857
0.499986128872
