0.69042734766
0.822273113002
0.754948718041
0.481543245847
0.661091986789
0.7722171264
0.987666131306
0.397445591604
0.954867094956
0.689685111146
0.779067770242
0.785520887476
0.791967005449
0.893612326615
0.669021131476
0.95373721623
0.894047719679
0.689964512093
0.936323636882
0.971507315803
0.725169720863
0.9378705787
0.949053443487
0.783294934812
0.738278289458
0.570866913304
0.774505600309
0.90322445659
0.53567038242
0.717687854497
0.284058888523
0.683444737005
0.819620467641
0.779223927224
0.740132921531
0.836045367508
0.713944500798
0.837840992954
0.823670409998
0.778547254461
0.795011654446
0.79250495194
0.836312785778
0.948153318909
0.809630070268
0.719402718651
0.521219476773
0.630596352111
0.718893211345
0.532068790006
0.990793969604
0.648306703165
0.993742562347
0.827644686886
0.796392487439
0.806115586442
0.725876586374
0.538714386946
0.828532319205
0.56350824594
0.610632073826
0.559182492193
0.864768817523
0.481380988865
0.594922447577
0.843870152749
0.62088670458
0.779471838986
0.580387363439
0.693860553119
0.640436010559
0.795743699315
0.794817001522
0.836436943993
0.938500137587
0.797382710654
0.653681559358
0.487246894995
0.540690869125
0.992216798169
0.584506653945
0.767943245128
0.845346659808
0.943434002805
0.889027577692
0.992319134274
0.702586646967
0.628987795805
0.885698769149
0.738430579611
0.597306722949
0.510982651422
0.653837648895
0.608298052257
0.752157316432
0.832157105105
0.763888873901
0.936175573265
0.935620495818
0.651944138695
