0.745015566239
0.853915217804
0.77724331593
0.388766798978
0.552388756697
0.70029209554
0.981650288094
0.316422217066
0.908880017662
0.759761242733
0.717163726677
0.743104737736
0.43309939012
0.952010901463
0.632732505892
0.872395195419
0.757593300013
0.667924720314
0.800270528221
0.756947704272
0.631379325229
0.920045631591
0.913498676285
0.765869350307
0.724221313367
0.504683360581
0.746774389356
0.908428302977
0.450045997291
0.784236627813
0.277716403093
0.792189273234
0.807222204237
0.674809895847
0.796293411162
0.786751176386
0.595727639981
0.764130865516
0.775005448034
0.881221039991
0.680327532489
0.781902006735
0.829564343151
0.870058491049
0.834485693628
0.748612047843
0.487541456014
0.733071707814
0.670911426812
0.582142094911
0.908458982826
0.598230400717
0.914539842737
0.635100834336
0.79527239569
0.81805791612
0.75650151256
0.702362250927
0.985561826415
0.510506701606
0.744147702713
0.44620104938
0.837061991579
0.477338308055
0.567562812007
0.827174177609
0.538051180642
0.755037572698
0.513212823128
0.618275867444
0.722755814783
0.826363102529
0.79107130974
0.805576733194
0.612707002799
0.753074429583
0.821117852584
0.316733646756
0.521691597229
0.856874399367
0.661442871634
0.866798333726
0.800216527491
0.985613998644
0.891092037747
0.670599937172
0.759377797082
0.624022606267
0.912125584446
0.719249948892
0.630454133701
0.523747671659
0.722768209622
0.65678420331
0.755496024359
0.695431070608
0.815675888906
0.914992104473
0.945430306235
0.579760996935
