0.898846095971
0.898876438596
0.755921817794
0.540098802002
0.829346077086
0.754272884589
0.892413249618
0.295378875898
0.887745648617
0.748052676416
0.65525727009
0.90602922724
0.492553654514
0.931975806234
0.569567928212
0.900474151291
0.782813709321
0.555693772246
0.823326082278
0.897030731706
0.72365368371
0.920905072022
0.841587404146
0.705854230702
0.712468533296
0.634113488762
0.713310692894
0.958609257131
0.64808495995
0.763711584243
0.34952590866
0.804720994729
0.775634722155
0.812864014081
0.827989666571
0.73313691186
0.544731841336
0.733896541615
0.7244825567
0.595804242182
0.651070017799
0.748550253502
0.88919421858
0.918382909691
0.90937551895
0.759396216981
0.542163292033
0.599514652888
0.554159540009
0.605920498875
0.93604377881
0.464482477265
0.90832172535
0.7255829471
0.820651255101
0.909517849767
0.747313902063
0.807393453847
0.775728013175
0.416594201074
0.694290400729
0.709166305463
0.748035575435
0.630405993167
0.634771839046
0.862484622606
0.359038272924
0.93359071733
0.735674354164
0.714831241348
0.358018891113
0.619631805846
0.732621409469
0.90813563041
0.65671106327
0.740891202392
0.79587018812
0.525278336819
0.601811812176
0.827137442724
0.866371356262
0.649411095284
0.830888013007
0.935822852426
0.838387385022
0.69841463718
0.880372892802
0.561200078176
0.798772281484
0.736513291404
0.563576484998
0.570313072343
0.805394812333
0.624267820241
0.73700608741
0.816698672928
0.729199092584
0.934755517427
0.909325070307
0.545818997586
