0.563394906162
0.409314767624
0.353440241035
0.652287862362
0.659448050272
0.605639639386
0.382497970255
0.507517563743
0.587980861738
0.562097981519
0.804995048831
0.384110971884
0.657663986935
0.828617755689
0.568454484445
0.681384074601
0.580199313876
0.413691272333
0.585114815493
0.379617375552
0.686711860748
0.442617361473
0.385203279504
0.213674612002
0.568460820064
0.580941285239
0.45692741258
0.631709303035
0.660736527424
0.206001473618
0.500141260835
0.237350350336
0.200743848583
0.577101430911
0.342399369254
0.485070231508
0.682348496581
0.517038121653
0.624554277481
0.620555563377
0.629199459361
0.729648349689
0.707525307278
0.705712616329
0.55299346258
0.631996283104
0.583877492597
0.726312529038
0.210107893242
0.202985015088
0.655171272896
0.272131724555
0.572115768182
0.432887728141
0.295195489039
0.627332563673
0.561167584158
0.676431732534
0.596411693206
0.382154673575
0.776867482319
0.786168405442
0.638837343545
0.68463049263
0.609059465649
0.608562002243
0.477041594511
0.558267747946
0.706019307212
0.478194442489
0.494572251867
0.755133728488
0.534261618821
0.63213214693
0.763074840084
0.708233723326
0.463017115557
0.705246596365
0.690502203387
0.952709063689
0.704518938807
0.668015918829
0.541985676808
0.223975154988
0.776906434642
0.682128861794
0.778736959185
0.457529531023
0.525659256339
0.313264673997
0.509428808763
0.299287360206
0.624543483464
0.682128861794
0.612001304668
0.905463649973
0.731862765803
0.413321225262
0.637107484947
0.383435641845
