0.710237890755
0.667853773917
0.67095423806
0.671872902793
0.93244869322
0.99871081889
0.611420304954
0.776786527189
0.765522735486
0.722411665048
0.828304729187
0.698731233662
0.867144419258
0.867594482849
0.85542563626
0.894212060202
0.641997878741
0.493345488335
0.503221544859
0.882008015731
0.792039412242
0.78277720679
0.577902769369
0.737588053369
0.756100731647
0.762475302819
0.853974779544
0.815527663189
0.959987047179
0.603953895467
0.680343859847
0.466056804689
0.659022625199
0.541229156987
0.776488283798
0.701485585294
0.940358361374
0.920861550302
0.933145845946
0.857344155509
0.85406183564
0.959832645801
0.801555746406
0.998843866886
0.828343681511
0.745147619919
0.808916092941
0.788790178383
0.574157245367
0.619902525331
0.939883424613
0.473127589978
0.788625921598
0.661649091191
0.818482877403
0.803889366016
0.716136117251
0.854232193391
0.668865830365
0.605160009574
0.959539330114
0.998573077844
0.998440029848
0.860753891713
0.805725052914
0.95987112882
0.788726352889
0.932875526208
0.79197018974
0.854762038849
0.789665901699
0.8936136962
0.794605807181
0.932274581028
0.885329757228
0.840983241115
0.72572003135
0.99862517071
0.998448946645
0.998354850972
0.684672964741
0.798169006153
0.786685579662
0.744038182663
0.960112351641
0.860839539893
0.894052261816
0.854193710373
0.759374838676
0.725097263482
0.59908344714
0.603274341682
0.788936836227
0.998673509135
0.668024131668
0.801796030617
0.860607233869
0.659932607788
0.998487898968
0.592907157372
