0.80132508295
0.460912516836
0.657378649434
0.724128148451
0.759577109174
0.728407507004
0.533803811696
0.802798935616
0.675816473548
0.658521407352
0.617619590672
0.71223431465
0.617555765178
0.641377222746
0.709244137206
0.660296553893
0.733118156945
0.709347853633
0.712747265125
0.529363716146
0.68921325693
0.801422463758
0.629285107541
0.481843993599
0.761123938784
0.373635143443
0.821901999709
0.876403104923
0.928205705811
0.707876816797
0.710326354766
0.589594801977
0.46036812292
0.741517779624
0.756563466475
0.390193635284
0.788488415204
0.652015900057
0.657468990666
0.903073713752
0.856987952938
0.728954247446
0.501999709031
0.704482802315
0.414788742309
0.832179781398
0.688854003876
0.860409187117
0.20991993655
0.456352044528
0.703637349177
0.609495450087
0.780751920631
0.709347853633
0.428211806778
0.785672349951
0.761017406526
0.879516474956
0.806911221554
0.761132386276
0.77649485407
0.928205705811
0.855617816699
0.900561992857
0.681676451678
0.700287918679
0.617422717183
0.555422116472
0.75257014938
0.585498472412
0.645514147202
0.784797799898
0.679924066435
0.761308844993
0.876399115829
0.851731735819
0.739801530873
0.902991350707
0.883771898949
0.952117739263
0.852240462547
0.784594825442
0.657149863198
0.651627550087
0.776803656825
0.681033972996
0.883884062868
0.660344423013
0.645638043749
0.605173384769
0.657822846711
0.661054950934
0.734699715132
0.681033972996
0.705333417808
0.904441738118
0.875656440509
0.465560983851
0.852658848044
0.768114942205
