0.802985484393
0.533777765263
0.704854961259
0.628595933002
0.762771199685
0.728934067327
0.537882073014
0.852816065252
0.685937976638
0.588469643
0.762955871241
0.574517671684
0.714229799935
0.762977459276
0.832281855257
0.708717107579
0.733619374792
0.733597786757
0.6656482746
0.60125515649
0.595675118852
0.90166837963
0.67964107546
0.530127979501
0.858948709646
0.471878534454
0.848644412219
0.900554483976
0.976234389739
0.70885156349
0.761371731877
0.517754515888
0.364745331588
0.646292959016
0.805898695801
0.48698077257
0.741310112117
0.725141612814
0.610116106082
0.952260173361
0.952301002905
0.776957119593
0.64752465025
0.728890891257
0.465592896598
0.763039876854
0.737897794735
0.813211642521
0.210457290889
0.363812118396
0.705934597641
0.612092115205
0.783562588875
0.709994556061
0.345955293996
0.714431366476
0.835323890915
0.881315321404
0.711304386595
0.763897062619
0.800603526359
0.999837620435
0.905183944134
0.95077669994
0.729409473393
0.72717769299
0.667979078379
0.606079378265
0.729707482131
0.682151857744
0.789601137596
0.881407539856
0.732957889253
0.856343127731
0.952268620853
0.856144611673
0.693843890352
0.928808762865
0.812206156344
0.952674335112
0.902395098578
0.832606145081
0.753239613105
0.703841966201
0.800646702428
0.799885020251
0.860705083982
0.564760114698
0.736319521684
0.514697462467
0.708422853281
0.61653995429
0.783494304983
0.776281789554
0.708448665062
0.9522085498
0.879791018439
0.433241349534
0.900841464044
0.672800953628
