0.778374655647
0.427853257681
0.235540709871
0.556018133949
0.716710077388
0.62589860194
0.340596064407
0.470882669032
0.544783673814
0.562980040454
0.704914328354
0.49037361379
0.672646317598
0.799764643492
0.569401542137
0.678640986292
0.592321933912
0.465467357484
0.481568746158
0.289751080575
0.685431596435
0.383192072498
0.342699255213
0.228614939859
0.419042758388
0.572908424496
0.485933752892
0.646655731858
0.72261252763
0.194408229734
0.501306545398
0.262687663377
0.121614784988
0.64023188365
0.473229898489
0.480756613682
0.64409590719
0.565591723335
0.674953186816
0.658658209789
0.521298708003
0.627858889343
0.699675006218
0.705534045738
0.600836770993
0.524041327007
0.620928426279
0.735917327214
0.209453681933
0.208011976666
0.571717328152
0.510837897325
0.749014928595
0.465467357484
0.301395478715
0.693098164548
0.520251453673
0.708888638593
0.715379362778
0.406361899935
0.675078021973
0.824533393404
0.698743435595
0.65056504334
0.525631801991
0.610744270958
0.560134408981
0.557856402026
0.707753858861
0.480369202322
0.531689592221
0.669486721012
0.518872635289
0.630734790995
0.660877318954
0.448928576457
0.477619074436
0.745966791971
0.730978829647
0.745707266251
0.470041204988
0.805407568014
0.542973329391
0.233182686396
0.778582557807
0.680596111338
0.654477170653
0.47033217415
0.523716333225
0.369106114576
0.604095390955
0.416896156861
0.687369826498
0.680596111338
0.455172211506
0.800660077623
0.675243452021
0.42824794327
0.698743435595
0.44521121076
