0.991972301613
0.984467174455
0.79083282883
0.871459679652
0.811146465429
0.998645116176
0.708359027788
0.887294268377
0.844109517038
0.927053092486
0.648054261056
0.87810527452
0.813726939521
0.652927290561
0.815831538241
0.840512997405
0.887526105096
0.849901445929
0.972892702775
0.743595627954
0.76333765094
0.984852239289
0.885496829844
0.738476447924
0.973064703094
0.494463607736
0.98702582586
0.891192081884
0.995816614339
0.912254729422
0.929858598373
0.784660293503
0.790290546787
0.88142537345
0.883317611612
0.67299618455
0.980860330109
0.98479615733
0.986835991947
0.984117307503
0.890096489129
0.99380047963
0.640194573894
0.998518638452
0.506617436562
0.890292424008
0.806663428461
0.883707604151
0.839989018261
0.7395877624
0.810985024474
0.975395506873
0.986219325045
0.888601752385
0.936370910593
0.894763963
0.978594055782
0.889466916337
0.893935639499
0.774373125713
0.994414096048
0.99573659782
0.983907528123
0.990453161005
0.983825165078
0.993536495511
0.807720303547
0.825679905764
0.958458285816
0.81285543995
0.808597200126
0.825747016393
0.811126754614
0.981856899489
0.894910855496
0.905544605103
0.80360355921
0.993195780009
0.991149140468
0.99931716108
0.974383215772
0.986808068293
0.847096878652
0.832649086498
0.994544797518
0.998682660584
0.987284178317
0.890118077163
0.812277021414
0.884893772791
0.956378794918
0.974049774499
0.722529929933
0.998208662434
0.983723795176
0.997627897372
0.990678896758
0.716818486866
0.995438589081
0.776253396596
