0.775930045382
0.67717675438
0.424969847147
0.751450856716
0.912883598256
0.845532215449
0.539207390617
0.680295756074
0.768191673589
0.762378860621
0.764416583365
0.797277326463
0.7661175797
0.864599612354
0.81223243743
0.852943716239
0.677291499477
0.520151022381
0.683369939131
0.698852783683
0.796353968679
0.746249782946
0.459048671632
0.67762212492
0.698283047292
0.75691262947
0.785628469925
0.75939361088
0.95878163703
0.781319545149
0.674847827821
0.563741253326
0.47909363106
0.732397538964
0.679727192945
0.747778544309
0.940177678911
0.823925173995
0.79957762541
0.861933724734
0.686511936775
0.939075750536
0.737471196399
0.845510627414
0.824369840577
0.845493263125
0.845469563218
0.732600748072
0.658596965473
0.642846147709
0.901000558473
0.706344535646
0.829871738916
0.676954303762
0.767951389378
0.866546993866
0.606837540654
0.780601273694
0.865100126243
0.492051379522
0.939518305245
0.95889755539
0.90089449552
0.80847705802
0.816876680699
0.864601724227
0.712992477039
0.799599213445
0.743987967017
0.850675330039
0.783360318377
0.872103800902
0.74101773504
0.852952633036
0.79044260164
0.788840159376
0.806713174802
0.980141120044
0.999359163886
0.922275566569
0.72838498036
0.891599438711
0.877932804896
0.7462777066
0.958953402697
0.770858499819
0.87239993242
0.705729980618
0.810360144734
0.823974216378
0.679142908096
0.82869331381
0.732600748072
0.805074830698
0.70496548261
0.834096892731
0.827667178209
0.737835846462
0.939350763325
0.638307028782
