0.437210028111
0.53082818271
0.746483262234
0.699066786809
0.715838577818
0.609084808125
0.59059442184
0.751933067707
0.62931443911
0.556788263618
0.946297886719
0.408586875414
0.774719003571
0.946353968679
0.972953712438
0.773400490893
0.730594703423
0.687890285854
0.541635809856
0.547844481676
0.365842332259
0.758968655112
0.682958123906
0.48403236328
0.972871584046
0.666591343198
0.41436730633
0.944865332902
0.882925741854
0.461069734045
0.809271356902
0.423496463786
0.352628812517
0.477882354598
0.851698415157
0.578753384863
0.551686447877
0.487632872006
0.405559153561
0.816584068969
0.999609303504
0.6304316199
0.845591582544
0.725792304335
0.423157860156
0.752484266547
0.891424153256
0.972940571895
0.210087009166
0.165619646989
0.59873193762
0.617312430484
0.481631867694
0.61384191927
0.190504080608
0.4318716826
0.738437964905
0.92574678174
0.665459379297
0.972880031537
0.747266532445
0.999760654399
0.808959503663
0.946325810373
0.5797828056
0.682945218016
0.454556717868
0.494710931524
0.68379958795
0.773648049333
0.946319474754
0.972929777878
0.844079246859
0.785678920223
0.946325810373
0.755498613203
0.657753154904
0.925794416208
0.85940463955
0.776263252003
0.759821617132
0.97306798823
0.609619581286
0.726029538063
0.80065608853
0.799946499219
0.845643206105
0.659482309544
0.973033494305
0.419239397225
0.500619717384
0.407659763189
0.832677479456
0.725872086202
0.560476297746
0.763285088769
0.925627812897
0.564599847007
0.711325270672
0.779006105659
