0.683827746256
0.641195601673
0.462866233967
0.658707486824
0.654253781426
0.838412153125
0.434955721064
0.701238965464
0.724520956819
0.7066899442
0.858662198882
0.590390978079
0.719695796434
0.858683786917
0.903434140069
0.927707069143
0.578394835767
0.404480690442
0.584496036718
0.608280653836
0.78415015886
0.690689925427
0.512402325876
0.628595229044
0.757554404194
0.786458435994
0.640006147897
0.776383863413
0.838129631455
0.65102238116
0.835004059489
0.256093457418
0.325621242626
0.578774503593
0.729967007851
0.633310102731
0.700098554071
0.65308638499
0.654710180636
0.857770988497
0.777121611031
0.85294840929
0.765225430705
0.817085990773
0.624119231654
0.79842642
0.712297436186
0.729344474636
0.463680243663
0.52365790474
0.9526778549
0.329178340631
0.780415194222
0.439463161896
0.694663062403
0.563836756914
0.690614132654
0.777156339608
0.542657252406
0.527866632877
0.854458633102
0.977096033903
0.721735396399
0.82821110282
0.68321061005
0.859662522703
0.670144921415
0.63190852305
0.677243395704
0.62526269353
0.834350317485
0.927661781201
0.755932016463
0.792105818914
0.841395290993
0.826687738466
0.636221436918
0.973998150938
0.841427907697
0.860971883931
0.712703854403
0.781810672937
0.855488992449
0.802287393057
0.854471773645
0.862758763099
0.906447782768
0.527116214022
0.706633158283
0.651433961733
0.488225369695
0.560644778277
0.632127219226
0.839909236394
0.627974103745
0.97708289336
0.849398820167
0.703345676057
0.995289584712
0.506544928924
