0.995310394689
0.946876335075
0.910591869598
0.847786650892
0.92375694239
0.933859147524
0.925919353249
0.880124223602
0.916359393999
0.85025140491
0.952039173157
0.932745078708
0.913789477144
0.725663018831
0.865118801144
0.960590226429
0.955410956653
0.623132538039
0.918061717441
0.959209964179
0.90993460186
0.968812645831
0.89947418581
0.910651023695
0.817874396135
0.922583719478
0.83823326432
0.937378816261
0.896993000099
0.952620855105
0.683762200532
0.904357685103
0.880587597358
0.925722172927
0.93311643498
0.871563311315
0.9194682704
0.865493443754
0.791488382793
0.952929770942
0.927789279963
0.885858884617
0.901284958428
0.760767688718
0.94310033192
0.917190837688
0.873548259884
0.857386046206
0.836481645798
0.933773702718
0.912106871734
0.9319629301
0.857740970784
0.832166683098
0.952699727234
0.812103585396
0.803785862171
0.915136876006
0.890509053863
0.705097111308
0.915550954681
0.884807256236
0.932281704953
0.684892701042
0.896966709389
0.922698741332
0.879029872819
0.90933320188
0.882053304414
0.937684445759
0.954865424431
0.785461237635
0.90689802491
0.893207137928
0.938834664301
0.912852870617
0.929248414342
0.9259916527
0.90767688718
0.709661835749
0.908748233593
0.926537184922
0.881563639949
0.942219593151
0.90396332446
0.859591179467
0.794317920405
0.918899733807
0.92175227579
0.914003089158
0.910621446646
0.967264780308
0.918242466069
0.978527062999
0.908209274048
0.773475960432
0.866538499458
0.89079167899
0.889634887772
0.825492129219
