0.997525386966
0.958283216668
0.919589864931
0.732311282001
0.924637681159
0.938391008577
0.939892865359
0.851026980841
0.938252982352
0.872112129876
0.950468303263
0.933376055736
0.921417069243
0.833287324592
0.718193170988
0.987084688948
0.955542410201
0.728078477768
0.92551513359
0.966446481974
0.77202668507
0.973972197575
0.743885766867
0.775405041244
0.821364487824
0.931555424102
0.828545137862
0.952528837622
0.913470702291
0.974369844556
0.442860429196
0.780393703375
0.87205297578
0.92486115219
0.916931216931
0.831272798975
0.932587334451
0.854369187288
0.699792960663
0.955588418942
0.944612047718
0.854763547931
0.887219428834
0.882046731736
0.920483749055
0.902862400999
0.89264846035
0.878576358079
0.858763022117
0.947931249795
0.933799993427
0.929070952052
0.72049689441
0.627000558678
0.955272930428
0.836606526669
0.572486772487
0.883430280325
0.903664267639
0.815179598409
0.889910940221
0.87250320418
0.915383351408
0.652009596109
0.762985967334
0.896631502843
0.875457622663
0.914657070558
0.852982352361
0.969903710276
0.941536034704
0.758868184955
0.890610930362
0.910144927536
0.920575766538
0.913043478261
0.930444641625
0.934713595583
0.906713989944
0.561914620921
0.910184363601
0.907292385553
0.869305596635
0.948535936114
0.905941700352
0.887925991653
0.674327122153
0.916711032239
0.932331000033
0.926773801308
0.879315784285
0.97112294193
0.921118012422
0.963554503927
0.891048013408
0.888872457195
0.894216043905
0.88191199185
0.867438956259
0.79786716619
