0.754079989484
0.579890893555
0.466186861218
0.535913109205
0.461244207828
0.89869532354
0.562792073351
0.565693910414
0.729162969536
0.397380788064
0.665365276545
0.799392027342
0.604393834829
0.886943376384
0.692250813369
0.960485063591
0.699635216405
0.632386867791
0.776519110059
0.960517926978
0.488441946827
0.733556804364
0.927598672319
0.831772322456
0.493486476716
0.477304545006
0.795951230734
0.517930263893
0.697978901706
0.566541785796
0.767498110355
0.877432712215
0.59716388971
0.633813138782
0.760274737914
0.80095303822
0.853347135956
0.840559992113
0.518952315226
0.726878964146
0.939850142956
0.815399783102
0.789904367544
0.915863156857
0.875874987676
0.714883827927
0.571310263236
0.645627526373
0.711022379966
0.446725163495
0.545966019258
0.694912747708
0.530592526866
0.603621545236
0.902530480791
0.411939268461
0.64498340399
0.632189687469
0.69114331723
0.821702980709
0.683318544809
0.448111998423
0.769837983503
0.703822011897
0.869670380229
0.751151861711
0.675641657629
0.797407078774
0.654697821157
0.507667028164
0.688090308587
0.523014229847
0.68467251635
0.635456308127
0.586795491143
0.614427026849
0.816086627888
0.8659305268
0.658243780604
0.522820335864
0.682171612606
0.647510598442
0.600578395609
0.716425120773
0.68753163101
0.456028788327
0.541453876236
0.726691642841
0.903509809721
0.526103388215
0.716227940452
0.758069604653
0.884491767722
0.477281540636
0.49465641329
0.671592888363
0.660314173979
0.792332971836
0.469246442538
0.518061717441
