0.994764862467
0.947655197345
0.918051858425
0.857609517237
0.912399355878
0.946590423609
0.939123862105
0.858546123764
0.910338821519
0.863127279897
0.941220546189
0.921735844096
0.913490420323
0.79312497946
0.853347135956
0.967997633836
0.941812087154
0.710167931907
0.923595911795
0.957846133623
0.884452331657
0.971862368136
0.902596207565
0.890025962076
0.81088764008
0.920841959972
0.848125143777
0.947904959085
0.909283906799
0.944378717671
0.67102435177
0.888931611292
0.879795589733
0.918985178613
0.927473791449
0.860961582701
0.927795852641
0.856488875744
0.826455026455
0.949847185251
0.926175687666
0.867547405436
0.909619113346
0.841279700286
0.926839528082
0.921430214598
0.889348976305
0.87977915804
0.852249498833
0.939393341878
0.919376252917
0.920592198232
0.852712872589
0.848986164514
0.944552893621
0.827168161951
0.815567386375
0.905797101449
0.892868645043
0.788060731539
0.92195274245
0.884439186303
0.916526997272
0.738216832627
0.880327976601
0.916480988531
0.87822471984
0.906631831477
0.873689572447
0.94530875152
0.955483256104
0.788971047356
0.893391172894
0.886900653981
0.95311051957
0.912629399586
0.925633441783
0.92679351934
0.91005948273
0.728177067929
0.903338920109
0.925469124848
0.868470866608
0.951414768806
0.915360347037
0.880429853101
0.792280390417
0.913480561307
0.919708173124
0.898655887476
0.910227086003
0.969049262217
0.913582437806
0.967879325643
0.902924841434
0.849620427881
0.877994676131
0.88843537415
0.88479739722
0.831200499523
