0.996447467876
0.94791810444
0.909770284926
0.844303131881
0.924236747839
0.935476026159
0.927135298564
0.878481054257
0.916642019126
0.853925531565
0.951677675901
0.934572283019
0.918722271517
0.807762331986
0.851671103224
0.971671760492
0.957934864767
0.705166124421
0.92551513359
0.957218442933
0.910894212758
0.966288737717
0.895412271189
0.9010023333
0.820187978573
0.927105721516
0.833711262283
0.941355286076
0.904374116796
0.959311840678
0.680574452003
0.900933320188
0.879292779914
0.932104242663
0.933661967202
0.867665713628
0.919764040882
0.866893424036
0.79179729863
0.950780505439
0.927835288705
0.886266390614
0.901955371521
0.846718590818
0.939130434783
0.91761148904
0.879161326366
0.862926813237
0.841588616123
0.935909822866
0.916411975418
0.932758224063
0.859364422097
0.827427782707
0.9534358671
0.821942883434
0.80371356272
0.910798908936
0.89450524171
0.785434946926
0.9119425548
0.889927371915
0.930802852542
0.755180912945
0.884728384107
0.921403923888
0.882947188537
0.912231752604
0.880817641066
0.946104045483
0.952104899931
0.783489434421
0.903006999901
0.893667225344
0.938170823885
0.914180551448
0.926612770712
0.924098721614
0.909882020441
0.707519142923
0.913460843275
0.930375628512
0.880663183148
0.940234644582
0.902905123402
0.865684051398
0.791222189359
0.918505373164
0.918893161129
0.915915738276
0.906244043511
0.967225344244
0.919734463834
0.978947714351
0.904311676361
0.855397811298
0.87656840514
0.889615169739
0.890344736929
0.824302474613
