0.996749811036
0.947319990798
0.908508330869
0.847103092445
0.920989845213
0.935305136547
0.92887705807
0.87599000953
0.920210982944
0.854280456144
0.950409149167
0.931864339939
0.919445266029
0.823747083374
0.852637286799
0.971684905846
0.956633474646
0.700690131125
0.92438463308
0.960439054849
0.904242663249
0.966288737717
0.899953991258
0.901238949686
0.801889644747
0.928643728023
0.835939399915
0.942558086036
0.905800387788
0.960665812219
0.657767261494
0.901600446942
0.880377271682
0.928620723652
0.931617864537
0.867665713628
0.921269184002
0.864379374938
0.794755003451
0.953708633212
0.927539518223
0.884038252982
0.900890597785
0.858772881133
0.93763186434
0.917131683591
0.880659896809
0.863590653653
0.84819415689
0.935909822866
0.918712412501
0.93058266785
0.853363567649
0.823878536922
0.952778599362
0.822659305268
0.804245949588
0.909241184396
0.895474711624
0.802392454566
0.912908738375
0.868658187913
0.930862006638
0.770488678563
0.885267343652
0.919576719577
0.879365079365
0.910430839002
0.877787636794
0.945381050971
0.950428867199
0.778060402905
0.902704656742
0.894922606724
0.935830950738
0.911531762463
0.926494462519
0.924907160932
0.911814387591
0.707223372441
0.911255710013
0.92887705807
0.879105458609
0.938972690525
0.90602057248
0.87037037037
0.79227381774
0.918235893391
0.919198790627
0.917841532748
0.905823392159
0.968086364981
0.913303099017
0.977856649906
0.900269479773
0.869680239245
0.87890170561
0.879907325249
0.890085116172
0.824414210128
