0.996624930165
0.945762266259
0.90637221072
0.739409773571
0.940201781196
0.905964704722
0.929021656972
0.784274869368
0.926086956522
0.839873147327
0.947556607184
0.946817180979
0.917052811463
0.754957441914
0.686256531598
0.981024680404
0.935660061126
0.614686647606
0.906349206349
0.967918761708
0.776561832462
0.937848762693
0.856771500871
0.880114364586
0.715656117519
0.893867692004
0.815366919715
0.955959775214
0.911242564659
0.963012258043
0.374517729797
0.867369943146
0.834743172631
0.885681422327
0.868355844753
0.723487462618
0.869989155082
0.784416181932
0.726747510598
0.916066909856
0.930221170594
0.803700417365
0.787787965428
0.910874494725
0.848414341582
0.81904104637
0.910519570147
0.836918728844
0.855542410201
0.959216536856
0.944595616024
0.883193663939
0.723842387196
0.755233494364
0.960146570706
0.810578724243
0.69159683197
0.843028032469
0.906010713464
0.790009530382
0.81841335568
0.795583160801
0.880784777679
0.656216109632
0.766827697262
0.898281244865
0.840178776825
0.929570475533
0.751526504322
0.975293305728
0.90584639653
0.600354924579
0.80012488087
0.915573959052
0.871155805317
0.889651319465
0.907545433632
0.945762266259
0.871063787834
0.61969502777
0.858417956555
0.913957080417
0.758391665845
0.937894771435
0.889884649512
0.910371684906
0.650277695619
0.873397088304
0.897292056919
0.945900292484
0.779443951494
0.970715435933
0.925830622104
0.964014591344
0.806845443491
0.907032764797
0.88931282658
0.828837622005
0.861349370666
0.62089782773
