0.915877783734
0.790872289691
0.814438857978
0.819433918475
0.674012972103
0.974732486327
0.792580320852
0.971858588473
0.810867422072
0.797998730722
0.975478033071
0.780027562637
0.757130446034
0.957432002235
0.763776800146
0.99175472539
0.774476525547
0.919927714827
0.826257827727
0.952293377779
0.973661045285
0.967697390176
0.842542016591
0.955849050403
0.675542575238
0.948672495487
0.898315844819
0.988016311659
0.946013584149
0.968686728652
0.970530981267
0.993770422949
0.824122647574
0.448570111175
0.776670651131
0.786680283677
0.666827893717
0.746301738993
0.952800729527
0.959864220123
0.779920300437
0.567265465987
0.954036529737
0.937896572333
0.963679858531
0.991578197173
0.951859348396
0.957262919216
0.98134536272
0.706170066812
0.66909842244
0.743395493036
0.968431948835
0.977480483311
0.788246650688
0.830434019113
0.983286710989
0.971601549423
0.96599711229
0.846733714527
0.84585800518
0.974718571508
0.962053416473
0.943544037577
0.943516926786
0.967446923439
0.834276357542
0.636704005619
0.975191880729
0.805090923841
0.944020992378
0.961741539688
0.975701953825
0.779907412542
0.968778022186
0.966726433637
0.947768699771
0.722603210986
0.555506571286
0.869480386781
0.807546247517
0.947869081581
0.844792982413
0.82621110269
0.774603504686
0.990350663701
0.964695075489
0.99160900489
0.99227311657
0.978119024587
0.668806005862
0.904224354116
0.9350878328
0.801710085009
0.824447258216
0.968719436178
0.986434746175
0.976019273308
0.611162816729
0.983075164667
