0.957135786038
0.904481393166
0.9083398543
0.968177990556
0.893674456911
0.985493416391
0.902774748352
0.970665816374
0.966118392001
0.896501681074
0.980899266982
0.886225151009
0.854320576885
0.89228364254
0.797810392881
0.99131540735
0.955558122865
0.936775633561
0.914677412398
0.959991507339
0.975759666948
0.964014943796
0.834886709756
0.955653216018
0.749909836082
0.90549383743
0.903987853544
0.974777927709
0.964417600654
0.955725203382
0.961015093727
0.996053069373
0.842599678367
0.820757828754
0.722157320632
0.800184743608
0.872891571214
0.83180896751
0.92253635824
0.957579314467
0.957645345673
0.840372383141
0.96545982571
0.939283843817
0.97342485279
0.984260850991
0.960752920058
0.941161779536
0.938364798281
0.783709803632
0.815626906227
0.847254056863
0.888899055435
0.9866408498
0.888826041147
0.813733874728
0.980311096323
0.980837394817
0.969255541795
0.925918069958
0.974599140259
0.974086191776
0.853283486448
0.902415530375
0.896294550526
0.969012160833
0.971195709101
0.758759558094
0.982687192821
0.965819403111
0.95658027156
0.962398976362
0.984983600025
0.93426167253
0.954795118415
0.958138166448
0.958790365811
0.785758003331
0.71046414906
0.970474654491
0.901465009622
0.921666913128
0.81732317911
0.962426600615
0.781577036749
0.992285901773
0.971404071959
0.991077777162
0.994778297401
0.982457675332
0.880250661852
0.877887145172
0.930036804952
0.9717765886
0.910530693728
0.978857639595
0.985505688131
0.985632205155
0.813625380219
0.914506737648
