0.963329574792
0.94583695324
0.949190681282
0.96252610954
0.92476981501
0.979510865882
0.929931853331
0.972000612047
0.964132834659
0.928412108665
0.981031945548
0.926682152679
0.920148657502
0.952892690561
0.87448782171
0.992448617863
0.939141204089
0.929171467536
0.953122567474
0.964527327472
0.971980484338
0.967883058015
0.858091287372
0.953471926982
0.897930851053
0.936613944394
0.941655627235
0.984937491143
0.963168963895
0.966693263995
0.965796759439
0.996682779103
0.913551698429
0.888083985943
0.881163443153
0.887442980051
0.908041224833
0.894491991021
0.948040115755
0.960647146897
0.961300629915
0.844519101811
0.966620660476
0.974985879797
0.970354144973
0.986661388278
0.955353662319
0.944876882095
0.969631858054
0.790107231393
0.915253003239
0.92724423947
0.951623361286
0.981841315613
0.93452127889
0.850707447868
0.984644817834
0.9759519071
0.967420428802
0.961944100425
0.973067585969
0.977368035145
0.941873437792
0.931979026106
0.926892980154
0.973430911641
0.965790187126
0.89037320468
0.97543608323
0.960518627372
0.956104600414
0.958150900304
0.978775947799
0.929198218903
0.95678293499
0.957254087671
0.951101992027
0.861449585225
0.855021247055
0.968761437365
0.936381962287
0.947660924108
0.827407982485
0.959446467485
0.897098169816
0.99210998971
0.964149573519
0.991663431856
0.994267916228
0.982171060874
0.911863281515
0.915573095416
0.932607503527
0.962330018423
0.947803307106
0.974291833285
0.986354235342
0.982959943807
0.905007845699
0.972426220653
