0.879215676609
0.877047018737
0.880294562849
0.873732724573
0.735767964493
0.956628023521
0.942295452165
0.849812278313
0.83321626401
0.710625684188
0.906513008045
0.881941748769
0.938304158426
0.928595260541
0.728167495394
0.979633223863
0.867366104529
0.846808988049
0.958833701999
0.915571298299
0.9336117324
0.944529576435
0.717633464163
0.907822387352
0.881870069482
0.899344617173
0.740967896305
0.985039464685
0.789160099488
0.964147108901
0.952488236587
0.994024586612
0.71418962355
0.851494893107
0.884239593667
0.77028698415
0.632795327907
0.644049489516
0.929650886954
0.935907215373
0.824876101633
0.545563175331
0.874624607972
0.94437933747
0.887628031736
0.982384147581
0.825602034131
0.893529763335
0.971480218365
0.64775103668
0.639859434658
0.844087639739
0.936303197225
0.960622706109
0.899503276914
0.782690889747
0.965212439745
0.955252767046
0.917646762828
0.749343128133
0.830816137493
0.957370848917
0.95308672783
0.851584235486
0.896779772064
0.887239135659
0.755089742879
0.761925050987
0.872638845245
0.800987849437
0.826742997919
0.890600976399
0.959844913954
0.882315138296
0.928860771713
0.875215602671
0.903675771374
0.847790265172
0.611621389592
0.942502582714
0.869978188137
0.858305914465
0.758434947452
0.805564592486
0.852382514772
0.992717723269
0.915949771099
0.938805913439
0.987945967373
0.938624866757
0.653686091959
0.839537904788
0.904453255451
0.89279730987
0.744183811161
0.948995103627
0.987151333666
0.941969455176
0.859253149062
0.981363950042
