0.720029020869
0.750008420776
0.616101755834
0.680605001941
0.711707651199
0.754960863931
0.86358568961
0.691793235036
0.6809995461
0.616874618755
0.502307600674
0.622174418915
0.783640383577
0.711406249037
0.750410666864
0.784366418767
0.624394474328
0.909384800705
0.757705318028
0.784494014061
0.544931617138
0.902286959504
0.632975809781
0.775414517828
0.587857241148
0.544904814425
0.656479376288
0.890524984031
0.670580889768
0.731798287502
0.928871040952
0.813079826902
0.417761983688
0.615559745405
0.714757923231
0.75193647038
0.611146129216
0.585534544693
0.618960814638
0.653405793083
0.620308600898
0.536389766909
0.460530488343
0.846405047536
0.567181155536
0.672260937253
0.515295107118
0.622875243124
0.663631901185
0.807651917986
0.805352738087
0.58577340719
0.648271789785
0.911583188024
0.66482405713
0.572386016583
0.566101653142
0.883774089067
0.759468186925
0.687181679267
0.753139717103
0.643958298675
0.595245753156
0.44989165953
0.596509896466
0.652256049095
0.509165295723
0.579035451467
0.628047756069
0.600697024591
0.612715268921
0.497975727627
0.847683002972
0.713416863323
0.91285277403
0.342232861154
0.66855209893
0.837104505937
0.530088459224
0.661948310813
0.788353861542
0.649558474073
0.548377460253
0.535853301868
0.710258456205
0.766359821808
0.776750648502
0.502664610765
0.636534306446
0.646045726867
0.699926934365
0.758258521928
0.52545241132
0.618054143535
0.734968401552
0.772961710116
0.954193751784
0.868319192591
0.484200724597
0.846574233247
