0.964655590266
0.949724373628
0.950080356794
0.963271245515
0.928896919434
0.980185041416
0.921411979273
0.971384046943
0.966073412735
0.941835852378
0.982185386462
0.929026003767
0.909479945203
0.952446286746
0.864324972119
0.992611487992
0.942161900713
0.930455635861
0.946126853854
0.965561542522
0.972043229388
0.968128800902
0.893024465435
0.953211499083
0.906094895983
0.936824566484
0.945451856781
0.984703352496
0.964460115303
0.961242249292
0.965491454966
0.996558932081
0.919198547519
0.884806455654
0.885091735111
0.907429075501
0.915075345406
0.898950073014
0.947393975243
0.961441575219
0.963819982296
0.821179997166
0.966527826557
0.973064299812
0.970353323434
0.987366166144
0.957100254472
0.943855708978
0.969112953413
0.819543593946
0.926822019713
0.929519594735
0.9507178198
0.982262611139
0.937440001972
0.882978325744
0.985124904753
0.976471427897
0.967516908302
0.966339334677
0.973711364556
0.978378117484
0.939202254714
0.933296569458
0.923309118468
0.973852361206
0.968680669801
0.891696190729
0.975992059824
0.963095384799
0.957093630813
0.957121717181
0.979230258929
0.933222836323
0.955539381504
0.958402804735
0.951430915749
0.832771297888
0.867397014938
0.971858845204
0.929488735672
0.947725825698
0.847903124108
0.960988393706
0.906168167002
0.991890433382
0.964561575383
0.993072987589
0.994395460175
0.983609781245
0.921522527629
0.899960668815
0.930131898105
0.96686563317
0.951358620307
0.976073238158
0.98575451179
0.983839914889
0.911626267481
0.971476007977
