0.964784058444
0.942187779195
0.951567137203
0.962947867182
0.924393652789
0.980395355429
0.871967442405
0.971195914486
0.965244993233
0.940256546126
0.983733987689
0.920675572151
0.860142105728
0.948893951624
0.869673191741
0.992758440801
0.9444072698
0.927571828192
0.943477595601
0.964312905763
0.97147677817
0.966242855177
0.883564339863
0.95124524791
0.842548537558
0.931830738297
0.947845000216
0.983617688559
0.964862669468
0.965203402815
0.96258844382
0.996806831508
0.918907619981
0.830310274784
0.802591750515
0.918078378939
0.917952786147
0.900598080474
0.945361487479
0.95896227287
0.964997350536
0.889007190521
0.967406873407
0.974249369982
0.969313152225
0.987202371783
0.959257924258
0.940703258019
0.966959802091
0.818148723226
0.932370797571
0.922451174904
0.946313035156
0.982417214531
0.926992899848
0.873721633795
0.98557438934
0.976036731014
0.966368499315
0.967116613369
0.976805280853
0.980021606479
0.933893468969
0.929126847693
0.887715320267
0.974725041128
0.972577743273
0.89260922876
0.976499257534
0.96274900337
0.958384371451
0.955782916505
0.979456695646
0.933995904628
0.951398208223
0.95889480397
0.951402469957
0.789637824482
0.861031832587
0.97286153369
0.927929043667
0.946723547981
0.850710220563
0.962812929383
0.845974201618
0.991610596622
0.963577268834
0.993492383306
0.994192745399
0.983618304713
0.922066283829
0.904451715066
0.928146443454
0.968560160282
0.953700212162
0.975538621581
0.985308929514
0.984414376113
0.894783483367
0.968185127677
