0.867268257148
0.927184483701
0.943409215079
0.86439628483
0.927503187033
0.880604625751
0.851686395921
0.923148788927
0.845458022218
0.955931524313
0.902347477691
0.929949007467
0.986862138044
0.868207976689
0.89080495356
0.849054816973
0.931003460208
0.796002549627
0.794303405573
0.798619559279
0.767026042615
0.835798579494
0.875071935895
0.758488435622
0.822139865234
0.846253869969
0.978943726097
0.846980513568
0.992099799672
0.990564560189
0.945620105627
0.820602804589
0.679761427791
0.925443452923
0.903472955746
0.714190493535
0.919307958478
0.932800947004
0.93439628483
0.887772718995
0.842121653615
0.942473137862
0.746745583682
0.875204880714
0.89568930978
0.776853032235
0.807525040976
0.922205427062
0.90051720998
0.981143689674
0.82144600255
0.724115825897
0.847484975414
0.899677654343
0.92399380805
0.871994172282
0.89162811874
0.841402294664
0.944339828811
0.907521398652
0.773241668184
0.906366782007
0.917801857585
0.90450191222
0.979419049353
0.802862866509
0.81209797851
0.900511746494
0.969910763067
0.929763248953
0.886492442178
0.99786377709
0.843964669459
0.969351666363
0.984816973229
0.949258787106
0.922646148243
0.919677654343
0.834694955382
0.919497359315
0.898747040612
0.678377344746
0.946818430158
0.926446913131
0.797104352577
0.856559825168
0.915643780732
0.89549808778
0.986295756693
0.926836641777
0.97187761792
0.89092879257
0.942611546166
0.932489528319
0.938646876707
0.838779821526
0.991214714988
0.93624476416
0.951183755236
0.919845201238
