0.722629757785
0.767712620652
0.925193953742
0.852019668549
0.721649972683
0.805995264979
0.677412128938
0.858697869241
0.680956109998
0.836346749226
0.858792569659
0.84565106538
0.773309051175
0.957517756329
0.582072482244
0.662176288472
0.839941722819
0.806301220178
0.89557457658
0.790209433619
0.740103806228
0.840588235294
0.614969950829
0.831194682207
0.955128391914
0.866596248406
0.950522673466
0.438785285012
0.983405572755
0.846490621016
0.834350755782
0.879883445638
0.779837916591
0.68002913859
0.921307594245
0.802092515025
0.604660353305
0.697386632672
0.919898014934
0.640947004189
0.83825714806
0.79552722637
0.740045529048
0.694953560372
0.839464578401
0.76550719359
0.756406847569
0.863165179384
0.83623565835
0.787993079585
0.894525587325
0.761759242397
0.871679111273
0.809927153524
0.66024949918
0.614059369878
0.867157166272
0.647069750501
0.66357311965
0.938625022765
0.874806046258
0.914019304316
0.889806956838
0.757151702786
0.746193771626
0.916330358769
0.879058459297
0.899526497906
0.667907484975
0.752618830814
0.692132580586
0.996476051721
0.815368785285
0.721804771444
0.928060462575
0.810371517028
0.4751338554
0.838770715717
0.620355126571
0.892050628301
0.720617373885
0.73170460754
0.600322345657
0.817437625205
0.810841376798
0.819797851029
0.939725004553
0.893378255327
0.684179566563
0.905640138408
0.770231287561
0.92910945183
0.760823165179
0.896162811874
0.908732471317
0.688253505737
0.785958841741
0.955170278638
0.646412311054
0.848828992897
