0.841833910035
0.912584228738
0.935596430523
0.826111819341
0.944778728829
0.857286468767
0.789348024039
0.917182662539
0.907100710253
0.971056273903
0.902937534147
0.904714988162
0.988980149335
0.955780367875
0.830965215808
0.922323802586
0.902294663996
0.893948279002
0.706089965398
0.901766527044
0.809124021125
0.810142050628
0.884336186487
0.8273757057
0.934197778182
0.946035330541
0.942321981424
0.814403569477
0.988734292479
0.98084319796
0.939082134402
0.912928428337
0.740624658532
0.851154616645
0.894523766163
0.707829175014
0.858244399927
0.928302677108
0.91331451466
0.897006009834
0.859317064287
0.938584957203
0.897472227281
0.83856310326
0.897641595338
0.889215079221
0.91945365143
0.852023310872
0.907696230195
0.98
0.906060826808
0.729810599162
0.853148788927
0.93139865234
0.841429612093
0.852125295939
0.909854307048
0.877838280823
0.947918411947
0.907641595338
0.86465488982
0.904793298124
0.868896375888
0.876004370789
0.926883991987
0.866261154617
0.776598069568
0.899699508286
0.961303951921
0.851651793844
0.904529229649
0.992429429976
0.835572755418
0.973185212165
0.987530504462
0.933655071936
0.863150610089
0.889725004553
0.795973411036
0.936319431797
0.887288289929
0.681240211255
0.963270806775
0.933232562375
0.917800036423
0.950544527408
0.904481879439
0.892686213804
0.97590056456
0.872939355309
0.976419595702
0.898847204516
0.895893279913
0.949484611182
0.935026406848
0.736412311054
0.984946275724
0.934449098525
0.959025678383
0.873407393917
