0.892578765252
0.930837734475
0.951028956474
0.893414678565
0.912799125842
0.892128938263
0.886346749226
0.93453105081
0.802748133309
0.964727736296
0.925290475323
0.943702422145
0.99099617556
0.896512474959
0.89453105081
0.876663631397
0.933061373156
0.843644144964
0.843605900565
0.850318703333
0.797166272082
0.853482061555
0.904378073211
0.811422327445
0.856729193225
0.888679657622
0.979792387543
0.868269896194
0.995916955017
0.989366235658
0.946581679111
0.866987798215
0.785647423056
0.931099981788
0.921478783464
0.771863048625
0.919446366782
0.937951192861
0.941393188854
0.87379348024
0.844685849572
0.948584957203
0.76144600255
0.887111637225
0.917262793662
0.818892733564
0.840845019122
0.920792205427
0.919799672191
0.986148242579
0.860549990894
0.697144418139
0.882039701329
0.891296667274
0.917277362958
0.884228737935
0.901921325806
0.865904206884
0.957208158805
0.924439992715
0.820732107084
0.92781642688
0.898803496631
0.919202331087
0.970863230741
0.768085958842
0.883123292661
0.92373520306
0.962866508833
0.928929156802
0.882292842834
0.998100528137
0.870509925332
0.968501183755
0.9897705336
0.948111455108
0.937355672919
0.914046621745
0.852076124567
0.936754689492
0.915763977418
0.761873975596
0.945561828447
0.944680386086
0.818080495356
0.889668548534
0.924336186487
0.91557457658
0.979684938991
0.934114004735
0.978401019851
0.909495538153
0.948395556365
0.921143689674
0.952301948643
0.844494627572
0.994496448734
0.950879621198
0.957055181206
0.927588781643
