0.896080859588
0.928373702422
0.94918594063
0.897250045529
0.915935166636
0.895618284465
0.783924603897
0.925607357494
0.892056091787
0.965141140047
0.929167729011
0.940047350209
0.991722819159
0.899526497906
0.888131487889
0.875829539246
0.934092150792
0.850797668913
0.71971225642
0.861307594245
0.747958477509
0.839182298306
0.912028774358
0.821965033691
0.879125842287
0.892726279366
0.972196321253
0.87346749226
0.991586232016
0.984878892734
0.957322892005
0.873813513021
0.761010744855
0.913347295575
0.934454562011
0.827927517756
0.925882352941
0.944015661992
0.934336186487
0.866326716445
0.849009287926
0.950841376798
0.888981970497
0.868637770898
0.926252048807
0.846252048807
0.86067018758
0.911382261883
0.917206337643
0.984592970315
0.868220724822
0.777036969587
0.890413403752
0.919870697505
0.909621198325
0.897060644691
0.913700600983
0.869326170097
0.960950646512
0.920812238208
0.832977599709
0.930910580951
0.848623201603
0.921746494263
0.963716991441
0.851265707521
0.816270260426
0.926374066655
0.966410489893
0.920559096704
0.885279548352
0.996537971226
0.876057184484
0.964727736296
0.990045529048
0.96269167729
0.928985612821
0.926528865416
0.817168093243
0.944164997268
0.92132216354
0.757973046804
0.962383900929
0.949000182116
0.825283190676
0.901311236569
0.928803496631
0.91384083045
0.970509925332
0.925887816427
0.979903478419
0.909052995811
0.944392642506
0.920482607904
0.952345656529
0.847077035148
0.990608268075
0.955702057913
0.960442542342
0.926288472045
