0.894585685667
0.932578765252
0.952103441996
0.896095428884
0.922735385176
0.895352394828
0.878818065926
0.935390639228
0.803199781461
0.964432708068
0.927541431433
0.943789837917
0.990773993808
0.911773811692
0.894327080677
0.890559096704
0.933287197232
0.859051174649
0.833527590603
0.865729375341
0.814066654526
0.853554908031
0.906811145511
0.825609178656
0.8722418503
0.903030413404
0.978087780004
0.872542342014
0.994791476962
0.987971225642
0.946669094883
0.882187215443
0.787333818977
0.931282097979
0.922189036605
0.788610453469
0.919391731925
0.940322345657
0.943024949918
0.885317792752
0.857845565471
0.949058459297
0.809564742306
0.877339282462
0.919666727372
0.836004370789
0.857421234748
0.922602440357
0.922793662357
0.984625751229
0.87635039155
0.698357311965
0.885936987798
0.896607175378
0.914764159534
0.887623383719
0.905774904389
0.879661263886
0.958533964669
0.926108177017
0.837872882899
0.929688581315
0.900781278456
0.919154980878
0.969887087962
0.768169732289
0.871056273903
0.926175560007
0.962764523766
0.926568930978
0.893565835003
0.997889273356
0.874538335458
0.970675651065
0.989828810781
0.944399927154
0.929801493353
0.917146239301
0.853609542888
0.939723183391
0.918699690402
0.768983791659
0.947084319796
0.945547259151
0.84295028228
0.902864687671
0.926040794027
0.91816062648
0.980792205427
0.933385539975
0.977639774176
0.911462393007
0.948869058459
0.930540885085
0.95292114369
0.846985977053
0.993483882717
0.951342196321
0.956199235112
0.928787106174
