0.874507375706
0.925607357494
0.942749954471
0.881431433254
0.927958477509
0.883125113823
0.862008741577
0.92347659807
0.863523948279
0.966938626844
0.911344017483
0.936847568749
0.990963394646
0.917455836824
0.877783645966
0.897497723548
0.926177381169
0.858027681661
0.831717355673
0.865740302313
0.812555090148
0.847654343471
0.891207430341
0.815297759971
0.884687670734
0.908512110727
0.978153341832
0.854421781096
0.993545802222
0.987486796576
0.946887634311
0.880307776361
0.783491167365
0.920358768895
0.916028045893
0.795709342561
0.909455472592
0.933066836642
0.932888362775
0.888359133127
0.846878528501
0.94819887088
0.835294117647
0.871048989255
0.90353487525
0.840542706247
0.867525040976
0.913503915498
0.911367692588
0.984651247496
0.87572755418
0.742138044072
0.862826443271
0.90627390275
0.897350209434
0.87730832271
0.898468402841
0.886508832635
0.950571844837
0.914740484429
0.82915680204
0.913895465307
0.904372609725
0.907058823529
0.97033509379
0.825121107266
0.861039883446
0.909941722819
0.963631396831
0.909122199964
0.89059369878
0.9973757057
0.850353305409
0.969422691677
0.989318885449
0.954758696048
0.924687670734
0.921684574759
0.835179384447
0.932952103442
0.905226734657
0.737918411947
0.952744490985
0.938146057184
0.854700418867
0.91044072118
0.924072118011
0.901668184302
0.980234929885
0.92409032963
0.977372063376
0.901507922054
0.948734292479
0.935217628847
0.944150427973
0.830752139865
0.992575122928
0.944097614278
0.95704061191
0.919535603715
