0.1
0.1
0.1
0.37
0.55
1.9
0.1
0.46
0.82
0.28
0.1
0.28
0.28
1.3
0.28
0.19
1.4
18.2
0.37
0.46
0.92
0.1
0.37
0.28
0.28
0.19
46.8
0.19
0.64
0.19
0.37
0.19
0.73
1.4
0.46
0.28
0.91
27.6
0.28
0.64
0.1
0.82
0.37
0.46
251.4
10.5
0.19
275.1
26.6
0.82
0.19
0.92
3.3
0.37
52.8
0.1
0.37
0.28
0.64
0.46
1.1
0.64
0.19
2.5
1.0
0.1
0.19
0.28
15.4
0.46
0.1
26.7
0.64
4.9
0.28
1001.1
0.82
0.73
0.37
1.6
0.92
0.73
0.55
0.73
0.37
0.46
0.19
0.91
0.19
1.0
0.55
1.0
19.8
312.2
0.19
0.1
0.73
1.0
0.19
0.28
50.3
0.1
0.1
0.1
0.19
0.19
0.19
1.01
0.1
40.3
0.1
0.1
0.37
485.2
0.28
0.1
0.1
45.9
0.28
1.0
0.19
0.28
268.2
0.46
0.46
1.11
0.55
0.19
0.19
54.0
0.1
0.19
0.55
0.19
0.1
0.19
0.28
0.28
34.1
0.73
0.73
0.46
0.19
0.82
0.64
0.28
0.19
0.28
0.28
46.8
0.37
53.0
0.37
4.7
7.3
0.37
48.0
0.64
0.55
0.46
0.1
0.46
1.01
0.19
0.1
0.55
0.83
0.73
1.11
0.28
130.1
1.01
0.28
0.1
0.1
0.19
0.28
1.6
0.64
0.64
200.5
0.37
0.28
0.28
0.64
