0.973925433389
0.827380669675
0.893825694609
0.823913559725
0.835953455236
0.759439563049
0.883139396818
0.886630254096
0.875658988364
0.794561861791
0.857183566849
0.743172643078
0.986772738067
0.765685110425
0.914675848967
0.837212063643
0.75369270957
0.815483258133
0.731061505581
0.91372595583
0.96786986464
0.849821895037
0.906293042033
0.908050344336
0.894941819045
0.886131560199
0.831536452149
0.845594870577
0.818024222275
0.914675848967
0.892733317502
0.903538351935
0.901686060318
0.773711707433
0.835953455236
0.716338161957
0.820850154358
0.680717169318
0.719805271907
0.829779149846
0.807907860366
0.912467347423
0.87285680361
0.913345998575
0.905841842793
0.823153645215
0.838969365946
0.916884350511
0.810306340537
0.695582996913
0.808525290905
0.88551412966
0.850771788174
0.799050106863
0.800142483971
0.993398242698
0.986772738067
0.739468059843
0.820565186417
0.872191878414
0.831797672762
0.837876988839
0.74495369271
0.897530277844
0.899667537402
0.75369270957
0.685941581572
0.833744953693
0.833768701021
0.835953455236
0.914675848967
0.823248634529
0.914675848967
0.895203039658
0.984825457136
0.861553075279
0.814272144384
0.786677748753
0.995606744241
0.933697459036
0.914675848967
0.797601519829
0.802350985514
0.814675848967
0.884421752553
0.84117786749
0.919900261221
0.762051769176
0.914675848967
0.906293042033
0.827190691047
0.872334362384
0.897079078604
0.892733317502
0.971716931845
0.8953217763
0.783685585372
0.84117786749
0.748468297317
0.923486107813
