0.969603419615
0.883946805984
0.785490382332
0.73514604607
0.890762289242
0.841652814058
0.898385181667
0.91146995963
0.9022559962
0.730301591071
0.893754452624
0.687888862503
0.986772738067
0.793232011399
0.94208026597
0.74796960342
0.698408928995
0.747708382807
0.687508905248
0.797079078604
0.966587508905
0.729375445262
0.928900498694
0.935454761339
0.925860840655
0.792709570173
0.886345286155
0.761149370696
0.726217050582
0.94208026597
0.923652339112
0.808359059606
0.930847779625
0.696509142721
0.890762289242
0.647185941582
0.877416290667
0.790334837331
0.650653051532
0.87979102351
0.866231298979
0.939871764427
0.74932320114
0.803253383994
0.933246259796
0.873165518879
0.754523866065
0.944288767514
0.855996200427
0.52669199715
0.721515079554
0.771099501306
0.89517929233
0.819187841368
0.868439800522
0.993398242698
0.986772738067
0.69909760152
0.877131322726
0.893991925908
0.860579434814
0.70527190691
0.567086202802
0.921895036808
0.922274994063
0.698408928995
0.656304915697
0.888553787699
0.870814533365
0.890762289242
0.94208026597
0.879814770838
0.94208026597
0.918285442888
0.98658275944
0.763809071479
0.864758964616
0.829375445262
0.995606744241
0.942863927808
0.94208026597
0.796461648065
0.870648302066
0.87299928758
0.909261458086
0.756732367609
0.808050344336
0.683923058656
0.94208026597
0.928900498694
0.883756827357
0.888553787699
0.92624079791
0.923652339112
0.967394918072
0.919686535265
0.708406554263
0.756732367609
0.832438850629
0.947423414866
