0.973925433389
0.865281405842
0.88280693422
0.827950605557
0.87736879601
0.82156257421
0.902089764901
0.903823319877
0.897649014486
0.824863452862
0.86786986464
0.772714319639
0.986772738067
0.764592733318
0.935383519354
0.839491807172
0.783234386132
0.836190928521
0.745784849204
0.895298028972
0.959083353123
0.811826169556
0.925243410116
0.928758014723
0.925243410116
0.882616955592
0.872951792923
0.849631916409
0.822061268107
0.935383519354
0.923034908573
0.903538351935
0.918879126098
0.789194965566
0.87736879601
0.718475421515
0.863120398955
0.763547850867
0.753194015673
0.869437188316
0.858917121824
0.93317501781
0.856186179055
0.901472334362
0.92654951318
0.862811683686
0.843006411779
0.937592020898
0.849964379007
0.703657088578
0.817359297079
0.864901448587
0.862312989789
0.790216100689
0.831536452149
0.993398242698
0.986772738067
0.780883400617
0.866777487533
0.888957492282
0.8511279981
0.801686060318
0.745476133935
0.921277606269
0.918617905486
0.783234386132
0.731393968179
0.875160294467
0.854048919497
0.87736879601
0.935383519354
0.860721918784
0.935383519354
0.915910710045
0.981310852529
0.866350035621
0.855687485158
0.836737117074
0.995606744241
0.92367608644
0.935383519354
0.804345761102
0.833744953693
0.848634528616
0.901614818333
0.845214913322
0.903229636666
0.787888862503
0.935383519354
0.925243410116
0.873402992163
0.883020660176
0.922583709333
0.923034908573
0.971716931845
0.919069104726
0.777701258608
0.845214913322
0.81538826882
0.921206364284
