0.973925433389
0.867988601282
0.770767038708
0.71899786274
0.878318689147
0.822987413916
0.896912847305
0.906055568749
0.899881263358
0.721515079554
0.868819757777
0.661624317264
0.986772738067
0.764212776063
0.935858465923
0.730539064355
0.674756589884
0.749703158395
0.637781999525
0.785870339587
0.96259795773
0.75279031109
0.925718356685
0.929232961292
0.925718356685
0.783163144146
0.87390168606
0.740679173593
0.707456661126
0.935858465923
0.923509855141
0.802327238186
0.92111137497
0.697577772501
0.878318689147
0.658632153883
0.861458085965
0.765447637141
0.633459985752
0.870387081453
0.857254808834
0.933649964379
0.741106625505
0.792044644977
0.927024459748
0.863761576823
0.734053668962
0.938066967466
0.850914272144
0.485751602945
0.708406554263
0.759415815721
0.867204939444
0.795488007599
0.832961291855
0.993398242698
0.986772738067
0.680622180005
0.86772738067
0.887722631204
0.840821657564
0.696580384707
0.537069579672
0.921752552838
0.919092852054
0.674756589884
0.623391118499
0.876110187604
0.849346948468
0.878318689147
0.935858465923
0.86561386844
0.935858465923
0.916385656614
0.983068154833
0.779387318927
0.856637378295
0.826430776538
0.995606744241
0.924151033009
0.935858465923
0.842199002612
0.835169793398
0.855283780575
0.903847067205
0.736262170506
0.793801947281
0.691902161007
0.935858465923
0.925718356685
0.8743528853
0.89261458086
0.923058655901
0.923509855141
0.971716931845
0.919544051294
0.66922346236
0.736262170506
0.816813108525
0.921681310853
