0.817573023035
0.930634053669
0.922559962004
0.77542151508
0.95867964854
0.943528853004
0.755022559962
0.772168131085
0.609973877939
0.766753740204
0.654523866065
0.771075753978
0.717003087153
0.777867489907
0.976038945619
0.773213013536
0.771693184517
0.819472809309
0.79261458086
0.934457373545
0.759914509618
0.471621942531
0.941890287343
0.691284730468
0.676751365471
0.65701733555
0.954262645452
0.953455236286
0.762170505818
0.976038945619
0.674542863928
0.963666587509
0.808691522204
0.766753740204
0.95867964854
0.743552600332
0.922441225362
0.926169555925
0.763927808122
0.926739491807
0.781334599858
0.830586559012
0.46440275469
0.808620280218
0.69743528853
0.650344336262
0.811944906198
0.978247447162
0.750914272144
0.911303728331
0.473925433389
0.62187128948
0.317976727618
0.481310852529
0.815198290192
0.993398242698
0.85188791261
0.787437663263
0.680075991451
0.472809308953
0.660389456186
0.469698408929
0.893469484683
0.78190453574
0.665495131798
0.794585609119
0.916528140584
0.956471146996
0.493018285443
0.95867964854
0.976038945619
0.792187128948
0.976038945619
0.800213725956
0.965352647827
0.519496556637
0.780645927333
0.649418190454
0.995606744241
0.526430776538
0.976038945619
0.435502255996
0.817406791736
0.764141534077
0.769959629542
0.814153407742
0.831512704821
0.621467584897
0.976038945619
0.941890287343
0.798693896937
0.956471146996
0.692044644977
0.651650439326
0.815364521491
0.779696034196
0.484279268582
0.814153407742
0.80422702446
0.846497269057
