0.973925433389
0.834314889575
0.882426976965
0.81598195203
0.842887675137
0.7698408929
0.886606506768
0.890097364047
0.879126098314
0.798028971741
0.860650676799
0.738708145334
0.986772738067
0.763215388269
0.918142958917
0.829280455949
0.749228211826
0.818950368084
0.726597007837
0.902327238186
0.96786986464
0.838423177393
0.909760151983
0.911517454286
0.898408928995
0.886131560199
0.838470672049
0.837663262883
0.810092614581
0.918142958917
0.896200427452
0.903538351935
0.905153170268
0.777178817383
0.842887675137
0.711873664213
0.827784374258
0.694585609119
0.715340774163
0.836713369746
0.814842080266
0.915934457374
0.861458085965
0.901947280931
0.909308952743
0.830087865115
0.831037758252
0.920351460461
0.817240560437
0.679719781525
0.800593683211
0.874115412016
0.854238898124
0.794395630492
0.807076703871
0.993398242698
0.986772738067
0.746402279744
0.827499406317
0.875658988364
0.835264782712
0.818356684873
0.737022085015
0.900997387794
0.903134647352
0.749228211826
0.684944193778
0.840679173593
0.837235810971
0.842887675137
0.918142958917
0.830182854429
0.918142958917
0.898670149608
0.984825457136
0.861553075279
0.821206364284
0.793611968654
0.995606744241
0.933697459036
0.918142958917
0.801068629779
0.809285205414
0.821610068867
0.887888862503
0.833246259796
0.908501543576
0.765518879126
0.918142958917
0.909760151983
0.834124910948
0.875801472334
0.900546188554
0.896200427452
0.971716931845
0.89878888625
0.775753977678
0.833246259796
0.758869627167
0.925670862028
