0.600473906866
0.656197926758
0.800193760899
0.230258186398
0.641049861138
0.300125944584
0.617846993477
0.62998126978
0.660542207583
0.829272427824
0.819171026287
0.431757411354
0.418607505005
0.468693082736
0.598130207324
0.248394206549
0.473846315314
0.442125234128
0.814733901699
0.652997642576
0.649005360718
0.994808015243
0.432949040884
0.656907576051
0.827925789576
0.0684323128593
0.233167829232
0.838628657237
0.625094458438
0.82661709617
0.622942097785
0.418585706904
0.814125169541
0.484482981334
0.485438061099
0.459380449525
0.258682910289
0.258831460311
0.274435671382
0.431013853904
0.444310695602
0.492468352386
0.645405444681
0.464662856036
0.795503132468
0.633917038042
0.320361041142
0.64083914616
0.112229542078
0.271703642705
0.664888103081
0.269155686882
0.661713653685
0.489826745463
0.471647129109
0.487572660337
0.621454982884
0.625083963056
0.826916618226
0.449773138281
0.629135987858
0.631242330298
0.643754440354
0.506605631983
0.15337789834
0.488991151586
0.637675192146
0.642406994768
0.488423593619
0.450382677776
0.48397839566
0.487766421236
0.642326261061
0.446999935413
0.663032035135
0.255294516567
0.264184912485
0.466544758768
0.473992443325
0.291729638959
0.40145966544
0.659544338952
0.831558806433
0.61791238778
0.79938642382
0.81942453013
0.111133178325
0.473745398179
0.658554543693
0.294695795388
0.277289607957
0.652912872182
0.4471694762
0.245805076536
0.496522799199
0.829370115611
0.259931860751
0.457966802299
0.131172899309
0.814733901699
