0.808624782019
0.45687205322
0.973210941032
0.750826713169
0.636525544145
0.449929761674
0.828591035329
0.639808984047
0.786615158561
0.814389168766
0.663946748046
0.421515533165
0.639508654653
0.461441581089
0.605648130207
0.271825550604
0.793355615837
0.463438125686
0.828411806497
0.437246496157
0.643089194601
0.996754504941
0.764581314991
0.821131240716
0.626561389912
0.582362914164
0.629419363173
0.634340082671
0.603441677969
0.471287056772
0.486981689595
0.412850384292
0.797680520571
0.459201220694
0.294969482658
0.6265589679
0.301748692114
0.563273428922
0.273138280695
0.480265452432
0.307240198928
0.617825195376
0.455446295937
0.811611121876
0.973210941032
0.629785086869
0.472485952335
0.801445133372
0.115799586643
0.451202932248
0.626377317057
0.295635535749
0.463793354001
0.449859523348
0.476270748563
0.4182111025
0.468097267971
0.804868242589
0.820683975974
0.643268423432
0.629123877801
0.789234967384
0.625999483304
0.460329070594
0.389811406058
0.449501873022
0.476093134405
0.441362300588
0.466571400891
0.640571917587
0.475104146483
0.785953949493
0.819882290254
0.470417554737
0.428799328296
0.421849770716
0.770138216108
0.443925595815
0.476270748563
0.470155170187
0.792261674094
0.611728185752
0.639629755215
0.663052218562
0.630367984241
0.828411806497
0.448942388426
0.622504521088
0.648556481302
0.423162500807
0.298439417426
0.460190208616
0.825908254214
0.621086837176
0.626466931473
0.828859071239
0.620987534715
0.635450978493
0.484893108571
0.828411806497
