0.820499095782
0.615068139249
0.944758767681
0.755247691016
0.976879480721
0.777505166957
0.820848672738
0.448889104179
0.777505166957
0.964521572047
0.9958260673
0.726632435575
0.944068494478
0.883224342828
0.945002583479
0.772726538784
0.756699283085
0.970641994446
0.997295420784
0.940798779306
0.790121423497
0.965174707744
0.736374572111
0.965223147969
0.791634373183
0.599557579281
0.444942840535
0.808382580895
0.919341374411
0.625335852225
0.971495349738
0.765542046115
0.965001130272
0.914797681328
0.964164729058
0.612530678809
0.762770457922
0.557630142737
0.938985500226
0.964037977136
0.795310986243
0.777505166957
0.881776787444
0.782009300523
0.912638054641
0.965564651553
0.784126138345
0.581861557838
0.903518374992
0.945002583479
0.932739133243
0.964310857069
0.963126493574
0.9076293354
0.926659885035
0.73136343086
0.765131111542
0.912638054641
0.972185622941
0.785149841762
0.795463572951
0.939309242395
0.938145869664
0.93273428922
0.525838015888
0.875909868888
0.962865723697
0.744575502164
0.797132338694
0.781705741781
0.96119534328
0.763710198282
0.808545662985
0.93964509462
0.933630433379
0.894782987793
0.608892010592
0.897343861009
0.947075825098
0.730844313118
0.436045178583
0.906933410838
0.645655719176
0.996605147581
0.966071659239
0.997295420784
0.759888264548
0.933492378738
0.809235936188
0.57933701479
0.918705192792
0.916468061745
0.79337418459
0.599632661629
0.783001517794
0.98971694762
0.600368145708
0.763460731124
0.958260672996
0.96135277401
