0.581591099916
0.794663501905
0.820330362333
0.267281857521
0.794971097333
0.757248272299
0.781043725376
0.79298424078
0.808506103468
0.821693147323
0.972659529807
0.598385325841
0.423160886133
0.283540011626
0.569914583737
0.575609539495
0.628719401925
0.582848931086
0.948212555706
0.64563795776
0.780864496545
0.806123651747
0.442844571465
0.648362720403
0.997963895886
0.223492701673
0.41394836272
0.959783310728
0.600913098237
0.96015307111
0.608315571918
0.44349286314
0.822032228896
0.653497384228
0.613227410709
0.448799489763
0.415517826003
0.429114997094
0.277019150036
0.6137715559
0.456346476781
0.808343828715
0.640593715688
0.628403733127
0.43437641284
0.796403313311
0.787152037719
0.778113899115
0.437753503843
0.76891025641
0.999308112123
0.603716172576
0.474639120326
0.826173868113
0.449023929471
0.456506329523
0.593334625073
0.448175418201
0.82679390299
0.610481657302
0.448069657043
0.640717238261
0.649355745011
0.792226151263
0.617217270555
0.633330103985
0.776468546147
0.646903862301
0.8008404379
0.410070722728
0.803279403216
0.634559678357
0.79309484596
0.622311567526
0.818638991152
0.275781502293
0.410887747852
0.433026545243
0.628326228767
0.456426403152
0.435183749919
0.826631628237
0.999470386876
0.780992055803
0.799291158044
0.974003746044
0.412145579022
0.470924562423
0.934524155525
0.609106762255
0.45539866305
0.652610928115
0.449857908674
0.415295808306
0.821039204289
0.643793999871
0.422858942065
0.633538396951
0.418998256152
0.610464703223
