0.78919460053
0.971360524446
0.954786701544
0.750377026416
0.989916359879
0.776012400698
0.963695666215
0.887291707034
0.777331589485
0.965399954789
0.989475553833
0.77078731512
0.971683459278
0.873985984628
0.953609604082
0.769998546793
0.767145417555
0.956188238713
0.996552670671
0.961390718853
0.953968061745
0.962586385067
0.746193405671
0.960400116257
0.980090260285
0.56168458955
0.729549344442
0.801031776787
0.9175862236
0.921467900278
0.960327455919
0.757846509074
0.957157043209
0.931591099916
0.971416230705
0.726870600013
0.916213750565
0.566131402183
0.927459148744
0.969971097333
0.918551798747
0.776671995091
0.964024252406
0.944849189434
0.919368823871
0.963374346057
0.781287541174
0.734537880256
0.937632403281
0.978023477362
0.97997561842
0.946856229413
0.965985274172
0.950216366337
0.931495026804
0.741472905768
0.926629206226
0.946039204289
0.971287864109
0.950278531292
0.771592230188
0.970548343344
0.919340567074
0.947883162178
0.54487502422
0.916786959891
0.986548149583
0.921654395143
0.959371568817
0.910861913066
0.98511431893
0.775970419169
0.800868694697
0.962672770135
0.981335174062
0.900418200607
0.596764192986
0.916650519925
0.942065491184
0.868827100691
0.888389685461
0.918038332365
0.955419653814
0.988230640057
0.990687366789
0.998531453853
0.767897048376
0.925902602855
0.809850319705
0.778678227734
0.942156720274
0.933561809727
0.944574694827
0.769697410063
0.969747464962
0.987643706
0.732194988051
0.925318090809
0.949512368404
0.960425951043
