0.622747529549
0.995900342311
0.965140799587
0.724195084932
0.996004488794
0.809009881806
0.973708260673
0.970560453401
0.811075050055
0.964355260608
0.998198023639
0.816069237228
0.762197248595
0.764561131564
0.944995317445
0.768353193825
0.772051604986
0.769310695602
0.998361105729
0.948554866628
0.82291303365
0.822104081896
0.783621552671
0.93588290383
0.999065910999
0.597104081896
0.750146128011
0.79171268488
0.949364625719
0.994196053736
0.769206549118
0.76549925725
0.99928954337
0.939171187754
0.79396273332
0.759223018795
0.744538364658
0.576433023316
0.751864141316
0.599197506943
0.765931182587
0.810851417684
0.973965801201
0.940502486598
0.612387780146
0.998256959246
0.780531066331
0.782226474198
0.768397597365
0.962851998967
0.999185396887
0.798374830459
0.946730284829
0.968235322612
0.906445779242
0.781385228961
0.940420138216
0.786288187044
0.9703448944
0.972899308919
0.793178809016
0.927711037913
0.970225408513
0.994355906478
0.62229380611
0.793297487567
0.973521765808
0.968196570432
0.968969192017
0.588103080798
0.977626267519
0.779877930634
0.611192921268
0.967283472195
0.981034037331
0.920828489311
0.598201252987
0.801249757799
0.940024543047
0.911431893044
0.948267454628
0.970121262029
0.999409029258
0.799183782213
0.994749079636
0.998600077504
0.724719046696
0.935763417942
0.808905735323
0.774741652135
0.7515589679
0.940937641284
0.921926467739
0.782805334883
0.964947038688
0.964872763676
0.58640525092
0.943686624039
0.899803009753
0.801369243687
