0.95386714461
0.905514112252
0.940922301879
0.892537783375
0.968154588904
0.769994510108
0.958407608345
0.730812019634
0.7761997029
0.956679906995
0.990542853452
0.899518827101
0.948183491571
0.87176580766
0.951663921721
0.744953335917
0.752351772912
0.939464251114
0.98433766066
0.943945779242
0.926253794484
0.948168959504
0.88755247691
0.946021442873
0.935455015178
0.88161774204
0.726302234709
0.785364593425
0.906325486017
0.762947264742
0.959100303559
0.764747626429
0.961615158561
0.917049344442
0.965063295227
0.735231382807
0.904185235419
0.550606310147
0.927325130789
0.965115772137
0.924461506168
0.773097106504
0.916706226184
0.922884776852
0.907617225344
0.952479332171
0.7735128851
0.732304785894
0.919962216625
0.951663921721
0.954290996577
0.952426855261
0.962646128011
0.922728960796
0.917308499645
0.727782083576
0.908827423626
0.917861525544
0.971391203255
0.938946748046
0.937698604922
0.933942065491
0.930003067881
0.9439296325
0.533087902861
0.89584544339
0.972524704515
0.753887328037
0.927996835239
0.899933798359
0.970865626817
0.763535006136
0.798989213977
0.945227830524
0.955830588387
0.900410127236
0.748861654718
0.905582735904
0.939829167474
0.865763256475
0.871157882839
0.896020635536
0.782580895175
0.984457146548
0.972644190402
0.993645449848
0.754094813667
0.9109410321
0.801972324485
0.730449525286
0.923240005167
0.91870842214
0.919957372602
0.75608409223
0.920717076794
0.968275689466
0.731773558096
0.910270942324
0.92065168249
0.960340373313
