0.59587289285
0.794279209456
0.808092746884
0.265789898598
0.811002389718
0.826033391462
0.990885164374
0.826642123619
0.831460311309
0.816937931925
0.99578166376
0.603775108183
0.412880255764
0.498175418201
0.60961134793
0.6442170445
0.447976813279
0.644817703287
0.992604792353
0.665752761093
0.794644933152
0.796187754311
0.416437382936
0.668770587096
0.992126848802
0.269397888006
0.790351514564
0.826634857586
0.652450268036
0.827249241103
0.64426144804
0.603822741071
0.994761997029
0.69720257702
0.61593037525
0.469763611703
0.643505780533
0.437280404314
0.467008170251
0.591388135374
0.457744784602
0.828746851385
0.627396983789
0.814570819609
0.4097413292
0.992048537105
0.675971226506
0.663144254989
0.453590227992
0.799011012078
0.999335561584
0.792166408319
0.670087353872
0.847116191952
0.505811212297
0.67792175289
0.839685461474
0.410873215785
0.849570496674
0.797649034425
0.64653087257
0.628868759284
0.847413291998
0.813655299361
0.659633146031
0.644479429051
0.796944229155
0.670100271265
0.841045017116
0.419774914422
0.801202932248
0.505222663566
0.631578182523
0.654240134341
0.820537040625
0.312756733191
0.248062391009
0.602027223406
0.696794871795
0.665667183362
0.800374604405
0.849421946651
0.995977846671
0.792767874443
0.806126073758
0.996919201705
0.293178001679
0.666613382419
0.825477136214
0.444990473422
0.471207130401
0.698370793774
0.637735742427
0.445310986243
0.817742846993
0.815912613835
0.626100400439
0.84338790932
0.487970677517
0.601619518181
