0.924638312988
0.926963443777
0.938311373765
0.887180294517
0.968380643286
0.780774074792
0.958351094749
0.883786249435
0.786888845831
0.943247432668
0.962473357876
0.898716334044
0.918735064264
0.878672576374
0.950272072596
0.744614254343
0.759461183233
0.910690757605
0.984563715042
0.943086772589
0.935798133437
0.920821223277
0.893090809275
0.943350771814
0.933121811019
0.87820109152
0.726053574889
0.783263902345
0.904116611768
0.916113640767
0.929842407802
0.752275883227
0.949188626235
0.914351223923
0.900678163147
0.873298940774
0.874368662404
0.5598131822
0.908434250468
0.908886359233
0.876998159271
0.783831460311
0.916772427824
0.921255570626
0.903877639992
0.950104146483
0.772460117548
0.732992637086
0.890337789834
0.950272072596
0.953557934509
0.911885616483
0.962413614933
0.920852709423
0.913449428405
0.737476587225
0.907776270749
0.915489569205
0.970202803074
0.938935445327
0.935350868695
0.931080862882
0.916434960925
0.919730510883
0.5545113996
0.893207065814
0.972808887167
0.894835464703
0.937526642124
0.869757153007
0.970589517535
0.762391816831
0.770919718401
0.944323612995
0.955703029129
0.898317509527
0.746265258671
0.91482190144
0.937497577989
0.863021539753
0.871697184008
0.89338225796
0.921906284312
0.956432861848
0.95968320093
0.993735871601
0.751469353484
0.918959503972
0.802107957114
0.739743589744
0.8935703675
0.916570593554
0.918373377252
0.756130917781
0.929405638442
0.966883840341
0.714201059226
0.908614286637
0.916498740554
0.959302137829
