0.761660612482
0.733030624086
0.923192573533
0.752467080369
0.877745825135
0.917799303769
0.725
0.914235533021
0.863988320468
0.888186771606
0.88842830836
0.809981837445
0.902689067151
0.833318197871
0.849235028505
0.803063669845
0.827159325967
0.798514832753
0.857572776348
0.789122017053
0.914043817164
0.878206195449
0.857667372988
0.762424953332
0.731229504061
0.917148478886
0.707560163463
0.786289163009
0.903213132536
0.90355368044
0.840394026538
0.648934841834
0.847592200192
0.918050300187
0.848518616619
0.817528126734
0.830847333636
0.81295973967
0.887441350083
0.887300085768
0.887649462691
0.849326471924
0.844256092024
0.843260304727
0.848340144291
0.732239165532
0.922999596388
0.641987664598
0.812697391655
0.803395388729
0.493057237274
0.932362771808
0.932234751022
0.848069597901
0.887883431714
0.828990716916
0.81897167146
0.832948640331
0.823410145805
0.887441350083
0.869206901771
0.832991524141
0.903445209626
0.863927147974
0.720536299884
0.897630038848
0.913193708693
0.877970334494
0.857487008728
0.87304878664
0.86777281671
0.92295860451
0.863510922759
0.922523459967
0.812571262802
0.898992861107
0.903177816457
0.778896120276
0.776243630493
0.830299934413
0.894119872862
0.898965743403
0.889089854195
0.922121739569
0.832724130972
0.863025326674
0.729514151657
0.833818298774
0.594471772363
0.86711064023
0.858798118158
0.772526613188
0.908088012714
0.788973185006
0.913344432672
0.527647444629
0.913461101862
0.812331617981
0.853505751476
0.677890242672
