0.638993996267
0.452421043338
0.35831504465
0.459068033903
0.674977927451
0.717298572221
0.0136471419202
0.146276676252
0.573982140154
0.487978028354
0.469360778972
0.308718026336
0.298235457343
0.416893067958
0.0937162605318
0.523441678018
0.566183593159
0.538838857777
0.448718530851
0.410398062661
0.248360955552
0.183327026891
0.506213737955
0.466409363806
0.50974156198
0.490884667777
0.394897457242
0.615780611473
0.136152313203
0.233322612381
0.366070707835
0.187778114121
0.193606528429
0.444577720599
0.223216538015
0.49824680894
0.602833484688
0.358655592553
0.459027042026
0.570275213158
0.229261893951
0.487920009081
0.374296200999
0.514474547197
0.196754704606
0.294502043287
0.237129811816
0.418964103728
0.454960647798
0.27269247263
0.580385071389
0.581435094092
0.3012593966
0.355730664447
0.426466247919
0.513017758943
0.639127692851
0.523939886989
0.35958200898
0.390469703849
0.394358256395
0.280450027748
0.150217572272
0.419831870239
0.394821149286
0.308960193734
0.545385575904
0.304287119722
0.108690277988
0.44800590283
0.383654331265
0.301739316886
0.438281368246
0.358754603703
0.25898037435
0.431035896272
0.0430244437718
0.660323646637
0.395146561727
0.645570354674
0.280649311336
0.168648781595
0.319664749508
0.336863049291
0.645529362797
0.49080835982
0.271895338278
0.259757958731
0.419549972252
0.386901518591
0.275840648807
0.463005146057
0.481025805963
0.667548937995
0.190909893547
0.56710181121
0.186539528783
0.202163740477
0.615780611473
0.226021013067
