0.598902678977
0.259638766964
0.33376154079
0.576126330659
0.550721457041
0.946512537208
0.0793413551284
0.239162378286
0.518086877554
0.584395338278
0.669552494829
0.519722768781
0.109962287473
0.259408581807
0.051956889158
0.41503960446
0.755516876041
0.113580293628
0.30797512739
0.35968543464
0.333374955855
0.247177236265
0.30797512739
0.669634478583
0.31638476868
0.604543161294
0.496006760507
0.544319787094
0.124228091418
0.237861989809
0.569490691691
0.172817340195
0.0137820997931
0.436929266939
0.167256319056
0.59675533525
0.5471293073
0.313361460068
0.43419164018
0.405929317391
0.220842792997
0.482086549619
0.258323243025
0.489134629938
0.0390166994602
0.0880581201756
0.434483628475
0.363211366732
0.278139347157
0.353962968569
0.359826068311
0.529110539327
0.421859391554
0.170395666213
0.434527142929
0.517316230261
0.677938171636
0.559188486958
0.278711341506
0.384829221533
0.33811487816
0.0703584582009
0.216946042077
0.460962489279
0.31613944806
0.418254628929
0.439603198628
0.396541546844
0.203157005197
0.420652338429
0.223907093487
0.306198602492
0.410835729782
0.341739821402
0.0341708289188
0.763426416427
0.0666748650421
0.373937995056
0.418464002825
0.653786388174
0.4841178548
0.26135285808
0.266873517986
0.278913778316
0.455651203269
0.579307300338
0.287824781797
0.172387240805
0.365711871248
0.210540588265
0.35439180667
0.398352757177
0.701977700419
0.564951314263
0.217081630594
0.189017960749
0.276057590434
0.319695651077
0.56955564805
0.0388470561526
