0.667736239342
0.629707759447
0.794143837344
0.830351016599
0.783137202967
0.860131300136
0.752042026134
0.773829524242
0.822264895818
0.829365950255
0.851943645628
0.7380114525
0.774506836184
0.792276499672
0.629762625498
0.652077342213
0.782218354271
0.816050527219
0.773912769285
0.67365925029
0.831963573987
0.808381892942
0.773090409162
0.717592452449
0.61125826144
0.824536476464
0.780400837496
0.743744639524
0.772875359467
0.771894076989
0.850151985268
0.682441602341
0.73700620554
0.845928560618
0.609544170324
0.747297689319
0.793783739468
0.751997881035
0.793335351395
0.807707734221
0.808086120781
0.880168760406
0.832195020433
0.789039402654
0.73789919782
0.629376671207
0.844981963574
0.723030497957
0.63131653297
0.501915897281
0.595327556632
0.817607587912
0.808547752384
0.759854447303
0.808446849301
0.710674284849
0.61061815751
0.787696761011
0.795130164977
0.8071931285
0.773502850512
0.772601029211
0.752963397407
0.844934665254
0.679208919833
0.801906437617
0.794569522224
0.779844609253
0.771912365673
0.829823167348
0.760515993139
0.788166590989
0.842787952172
0.794612406034
0.756495635942
0.915763584077
0.751576610665
0.666898743757
0.653285656627
0.78688512184
0.895381161394
0.823804298471
0.831022652742
0.808579915241
0.801702108874
0.837093234448
0.843636799354
0.773495913425
0.744631956006
0.759636244387
0.65365269159
0.70303339892
0.846195953786
0.787794510872
0.786183845416
0.485309772464
0.810640860703
0.767553352505
0.814142197669
0.465379521719
