0.47762095757
0.399696660108
0.290614121386
0.703615483578
0.532273220322
0.881920059533
0.180084884718
0.239849149892
0.633165581959
0.575390368801
0.667929847132
0.525040361233
0.310009585793
0.267979037385
0.109772463549
0.438341910095
0.746570556481
0.315369431411
0.338275061803
0.369216992079
0.382158443065
0.323668709954
0.338275061803
0.647102820241
0.610314817618
0.590591418193
0.632956208062
0.512144316634
0.202647444629
0.27443683467
0.549095025478
0.759792644165
0.101222188588
0.629897583371
0.238566419454
0.603723954392
0.55360539327
0.360774557288
0.390551687604
0.445557741789
0.297072549316
0.76735154634
0.458446218657
0.616133772262
0.179453609808
0.242238030372
0.595699636749
0.367309293174
0.359003077544
0.382196912366
0.392276499672
0.496765425559
0.417236769083
0.161757101054
0.574207910802
0.489466979466
0.39710849604
0.53159590838
0.419105998688
0.410049947026
0.361415922506
0.245263861561
0.309219388527
0.752559154432
0.325485596085
0.417135866001
0.426362191615
0.445557741789
0.218055345341
0.567620200797
0.396499293678
0.453216285758
0.553492507946
0.332495837748
0.0664900862721
0.762308914787
0.27319509611
0.624508097472
0.466483779829
0.626321830382
0.788132536199
0.466338731648
0.439700317845
0.453799631704
0.560725367035
0.598085364008
0.431435094092
0.311926113718
0.399023762676
0.258792442359
0.403023939256
0.424525124868
0.649293047778
0.560404369103
0.252479693255
0.203271782453
0.615815927552
0.203021416679
0.512144316634
0.112877125271
