0.786745118813
0.929948665557
0.918471570556
0.750636320065
0.997893017507
0.965371323344
0.410256798345
0.918318954644
0.9574680894
0.956839337067
0.819673578528
0.860218959689
0.916521618485
0.916427021846
0.91772551839
0.841401165431
0.931327884567
0.840713132536
0.761763407497
0.860014000303
0.947650850108
0.761533852984
0.606047878513
0.827209777509
0.62564893295
0.796392084153
0.687479819383
0.891420084759
0.722256066798
0.877173200141
0.794640154382
0.616893698602
0.681532213309
0.734834266687
0.956810958075
0.775694339337
0.923876822562
0.788479390545
0.916685585995
0.789044447808
0.600269915746
0.997117325059
0.842342086676
0.974054033601
0.836883860552
0.890723222844
0.956933933707
0.564922935271
0.841742343979
0.917033070985
0.742057035467
0.957603677917
0.917784798951
0.761763407497
0.877094369608
0.820506028959
0.963773270773
0.768573104283
0.679566495131
0.761645477019
0.956822309672
0.578448362847
0.632318626709
0.801101735533
0.785744917007
0.894416275667
0.9574680894
0.755641112961
0.708911634125
0.801923465012
0.748318702386
0.802654381716
0.917250643257
0.917784798951
0.72089198325
0.836698451138
0.797292644165
0.996523888805
0.953408001614
0.883794964936
0.814624640533
0.917585515362
0.734986882599
0.956963573987
0.957144568892
0.795263230917
0.997760582211
0.564962035215
0.564422834368
0.721974168811
0.956933933707
0.867593713738
0.835587886585
0.841183593159
0.876714091115
0.86410246708
0.801893824731
0.620846576863
0.957602416629
0.850310907623
