0.693355532012
0.665206094546
0.457492684527
0.475723979618
0.828238358307
0.680078578276
0.4612406034
0.372551208314
0.67970965138
0.509612910549
0.4658821452
0.458801271379
0.359042808133
0.536836562232
0.371472806619
0.486813228394
0.544143837344
0.236684576964
0.494099061601
0.587882170425
0.529678749811
0.258373694566
0.436155466424
0.738075778215
0.379129458655
0.657040512588
0.554270722971
0.665397179759
0.358526941123
0.515409792644
0.494409969225
0.346397129307
0.193914282831
0.529573432218
0.457199434943
0.802124640533
0.829020357197
0.44238118662
0.665293754099
0.521455779224
0.357480071641
0.479717219111
0.536217900207
0.529122521568
0.214852933757
0.372509585793
0.24455123354
0.460055622824
0.370927299329
0.314268957167
0.672618056607
0.600850108471
0.386315019424
0.42273535644
0.665428711972
0.614304273246
0.821344785833
0.501512915595
0.465119065637
0.522083270269
0.822264895818
0.208183239998
0.350096488573
0.4658821452
0.479270722971
0.515510065082
0.67143749054
0.508499192775
0.350044775743
0.536369254831
0.363946067302
0.529796680289
0.522932117451
0.457111144745
0.222087684779
0.658079814338
0.358573608799
0.464323192574
0.550397305888
0.686779173604
0.401875536048
0.400918218052
0.516153322234
0.373763937238
0.522053629988
0.650589652389
0.401067050098
0.298324378185
0.460014630947
0.350544876646
0.357999722517
0.51554222794
0.457475657131
0.665174562333
0.358960824378
0.67879017204
0.50249672065
0.449209802734
0.671973538167
0.371513167852
