0.579737399728
0.792945613238
0.599838555068
0.613186140962
0.985839513647
0.979234776247
0.622480576157
0.630857423944
0.779353337369
0.765543489229
0.968604636497
0.702213561374
0.77243075526
0.566008274053
0.56449409717
0.823700242167
0.986193935725
0.795407648454
0.644407446647
0.532956838706
0.778375838757
0.630887064225
0.546679027294
0.695344584027
0.782218354271
0.83760784017
0.539639145351
0.785831945916
0.600114146612
0.586322587155
0.61702928712
0.633216664144
0.444561323848
0.802878891075
0.764687704959
0.972402376268
0.764759598406
0.593461480248
0.579453609808
0.768192195147
0.637726401292
0.985935371576
0.809016321074
0.971907951163
0.7862406034
0.600025225771
0.772412466576
0.431319686191
0.972348771505
0.674612153776
0.836964583018
0.786204026033
0.600095857928
0.4617520559
0.793181474194
0.702231850058
0.943726981484
0.623782225922
0.681908077292
0.593263457949
0.793181474194
0.261299883961
0.830554084052
0.979289642299
0.482017809394
0.617136496645
0.786168709954
0.79316318551
0.200400459109
0.779224685939
0.431220675042
0.7862406034
0.572307779628
0.586286009788
0.231197971848
0.837589551486
0.600132435296
0.944524115837
0.913169113566
0.681366353867
0.802860602391
0.786222314717
0.616752434287
0.758620907119
0.779335048686
0.830757151506
0.972143812118
0.318964103728
0.602171938853
0.644479340094
0.95852063468
0.78610753746
0.809988143888
0.823513571465
0.38640457091
0.599749634226
0.985993390848
0.578332324303
0.792700923263
0.586233666314
