0.54053339892
0.274178270521
0.338050552444
0.737884062358
0.560000756773
0.923545103678
0.152726275163
0.286877554109
0.695901442914
0.595376746885
0.781138060643
0.531487437566
0.331549871349
0.253332954947
0.0877516270622
0.452476540033
0.774556026437
0.314866807931
0.345415846829
0.387979920287
0.502301220927
0.315166363957
0.345415846829
0.667036224207
0.482136370516
0.630076055699
0.639361661874
0.496725064326
0.259803365118
0.260315448262
0.606874022501
0.631890419252
0.087860097876
0.631737172696
0.231504464961
0.61850310277
0.54704795419
0.40233716765
0.381735911407
0.438729125675
0.315066091519
0.795266384138
0.473781595278
0.50845693961
0.174625397306
0.264874375662
0.643861939357
0.387928838101
0.373985293376
0.388162176479
0.416306568791
0.587901089753
0.41606250946
0.258888300288
0.453346829121
0.489378689269
0.396494248524
0.565634932647
0.329119998991
0.409480475254
0.354517935523
0.230267140911
0.324145477019
0.63931373291
0.308532616921
0.464062736492
0.489075349377
0.453040336007
0.22158380001
0.56746695424
0.408208465769
0.317727410322
0.538035416982
0.387622975632
0.0418747792745
0.841255486605
0.131831138691
0.624236920438
0.493851218405
0.618621663892
0.802124640533
0.473750693709
0.574048988447
0.4874615307
0.580859946521
0.623494021492
0.4279861006
0.329654785329
0.366548105545
0.25969867817
0.502264012916
0.395954417032
0.758354775238
0.574632334393
0.230371827859
0.207402502396
0.531469148882
0.257045557742
0.503307098532
0.108156122295
