0.927748722603
0.848937215751
0.944528629236
0.770046482708
0.715985137568
0.734667475643
0.913010645393
0.850950463574
0.807070185379
0.802005726349
0.842545467309
0.834219697236
0.905682724178
0.674205356292
0.820786345015
0.790079677479
0.945698970561
0.663650722814
0.912674686229
0.925067066475
0.838515963075
0.72910308932
0.881869738102
0.865237252355
0.863281669165
0.668335096701
0.869073203997
0.8897291768
0.976792743282
0.871950418445
0.82516985995
0.949258131967
0.852252179974
0.704957654102
0.910849475252
0.812225904959
0.805692251378
0.837465965331
0.577110149477
0.741554137061
0.960123151598
0.882318017941
0.57438787739
0.843451554187
0.799629943489
0.804328357461
0.815313720673
0.954628464265
0.718339860301
0.850154190213
0.882911211509
0.801356873875
0.834521559051
0.793929669206
0.893629311685
0.849943588946
0.91214116302
0.755720582262
0.868811456709
0.933005731363
0.90278344674
0.760976588159
0.914369023562
0.60647649038
0.880825757538
0.695392846577
0.641327991415
0.712852193011
0.7224656394
0.913040731288
0.643032858812
0.950997096711
0.499234313966
0.973287235056
0.765345060147
0.542937085379
0.699714685427
0.854490570579
0.741554137061
0.948747674611
0.80134885097
0.840788451028
0.891515777545
0.981146172322
0.689043218388
0.870027428308
0.712505202353
0.740983507915
0.84550291081
0.898583455766
0.712660646145
0.736837671552
0.872257294576
0.66425946076
0.520939281649
0.960919424958
0.889257831108
0.935392545718
0.798716335137
0.710426266992
