0.958065276364
0.935129795566
0.994523364205
0.680331345993
0.766899498067
0.698609530209
0.801016903259
0.78605518756
0.685526177236
0.733854153609
0.762306384728
0.830083889505
0.87349683346
0.753382908203
0.903867541832
0.849893445788
0.977453630114
0.613289942787
0.803878071895
0.932610603272
0.812228913548
0.652630259391
0.677403988387
0.866537965893
0.930116482558
0.72427881602
0.798161751801
0.790762627301
0.967921415642
0.930698143199
0.684941508005
0.892108971113
0.781876256713
0.624797797712
0.87728163908
0.928921069654
0.836100065688
0.904986737135
0.533429441054
0.793848437288
0.979101334309
0.970641180571
0.713880127765
0.922967070988
0.718398026365
0.782198175792
0.889664993557
0.800054154611
0.595199293984
0.569347487076
0.769706512092
0.804507869969
0.82317015078
0.822602530224
0.766618696378
0.654578822538
0.961230312542
0.709649048032
0.825303240752
0.881330197714
0.856515351328
0.679189084837
0.968012676191
0.621211559001
0.678492094931
0.719581404911
0.758295934894
0.830010680493
0.515317230694
0.806560730887
0.603391683256
0.931525505318
0.492873152851
0.957826594929
0.684673743538
0.975749765581
0.820309985007
0.777157785478
0.777593028095
0.932805158728
0.705931434245
0.824588199309
0.892907250199
0.966231591193
0.620844511079
0.799312537294
0.737987955613
0.640752347953
0.93024986336
0.891106107938
0.759740057865
0.673525916492
0.749600108309
0.577492741778
0.599191692281
0.968513104915
0.965447352191
0.927511044031
0.911428127303
0.68487030472
