0.852071664602
0.811053557908
0.927456889419
0.680050544304
0.793878523184
0.634728148865
0.918504329862
0.851252325389
0.736658159044
0.754633478581
0.612945459286
0.868856585552
0.763338330935
0.71387561488
0.901942044537
0.827627877591
0.968214251689
0.669290825306
0.786180044026
0.923590851882
0.796601296702
0.667673708438
0.65498999644
0.756009406857
0.897424145937
0.707577132714
0.722660194856
0.892660545858
0.889162559106
0.913099900215
0.673969182015
0.918549458705
0.808101128723
0.796311469245
0.907736587959
0.839729427516
0.64470362886
0.801425068571
0.68318649745
0.783440723265
0.96368431873
0.823561267418
0.652880473753
0.892116492586
0.718174387877
0.688461557747
0.913075831499
0.895334179081
0.703934733665
0.617723600881
0.727364626007
0.842905495189
0.876670895406
0.874959007968
0.594125227525
0.812847680127
0.90205035376
0.733121060628
0.805421979752
0.777741451845
0.829658675519
0.950810564161
0.811875404279
0.684180334856
0.777818672309
0.714935641256
0.889588775955
0.828698935461
0.549592085404
0.923634977862
0.7003254291
0.9955011558
0.706097909532
0.986513997463
0.826627020143
0.917347025759
0.777481710283
0.78829508246
0.700777720392
0.894633177722
0.780040014241
0.859988266501
0.66021541501
0.880255128392
0.517702039322
0.980045028557
0.8246674255
0.672577207929
0.890902526714
0.860660184828
0.768178148614
0.660554884194
0.897430163116
0.682569736598
0.556516855623
0.977398472639
0.896662972787
0.916609921325
0.821776170968
0.685709701197
