0.896889619865
0.809592386263
0.928587116217
0.677088086487
0.797821781185
0.892561262404
0.662171499631
0.731343987083
0.546410000552
0.729114622247
0.781612503698
0.786095302087
0.66718782123
0.758579243741
0.678102984019
0.692754814997
0.842074121617
0.650280550973
0.790890993787
0.929047430414
0.795534250285
0.700894553952
0.588660626087
0.807147405844
0.708819680187
0.62720767792
0.748194094139
0.696538617754
0.92589342573
0.788849164364
0.688809551269
0.75008047977
0.825014416158
0.576409649549
0.707048623821
0.754162132889
0.710140450988
0.739386949742
0.852138355004
0.690500378581
0.823629462114
0.704054074382
0.939773052064
0.763735966183
0.521444724689
0.715358348084
0.588510196611
0.747440943895
0.481168736743
0.620249813217
0.843243460079
0.79614900541
0.799359170432
0.777911938585
0.649516369234
0.730568773849
0.886951245807
0.874742389522
0.925195432961
0.858135978218
0.708331285821
0.678648541586
0.842853847735
0.807317892583
0.845002482086
0.800901573994
0.847907776702
0.437687598093
0.682108419538
0.745702982014
0.628909536727
0.954685627466
0.571922839707
0.799024715563
0.726069929649
0.706316533704
0.570186883553
0.689819434485
0.698686750673
0.850218373456
0.761258392711
0.885304544474
0.751339574485
0.945520460916
0.543383359491
0.880076117315
0.499641476415
0.705740890242
0.937812454558
0.719194299726
0.75022890352
0.481735354437
0.664231380592
0.562204092685
0.726876231641
0.833669125353
0.854717217656
0.693270286668
0.670861309037
0.777761509109
