0.929795566342
0.844573256648
0.970725421077
0.831171996049
0.794337834518
0.800897562541
0.903254792432
0.82775724694
0.833089470438
0.905090032041
0.863277657713
0.88516715222
0.905630575292
0.751826464556
0.706251347597
0.844016667586
0.813695099509
0.778669100281
0.91920833981
0.950256983688
0.876304850348
0.781000757162
0.895977014376
0.889000095272
0.735681370312
0.70341525054
0.894405527782
0.898692767852
0.959762120855
0.908785582839
0.876807284798
0.947140084943
0.873589096872
0.75874020328
0.952218584057
0.858478957423
0.638598197855
0.882863575508
0.673183940149
0.764324145435
0.96656554463
0.890205536808
0.72049100181
0.899741762733
0.850584418515
0.842693891059
0.880315300182
0.790643286583
0.736821625741
0.850113072823
0.89506842034
0.855951742224
0.882473461733
0.809633503653
0.919188282547
0.84371480577
0.92400102292
0.814203551139
0.926351734201
0.938550561854
0.92074372333
0.626636045911
0.907944180636
0.757259977235
0.888503678001
0.653499741763
0.719941432791
0.808357861695
0.755429751942
0.906732721921
0.763043489162
0.950433487607
0.61011588084
0.956526884255
0.824422726885
0.658938268757
0.596013618882
0.866882950825
0.754121015499
0.941905139172
0.838047625972
0.883677900406
0.896565695059
0.962927157033
0.78813713151
0.855744650979
0.804487812705
0.815109136585
0.899912249472
0.928942129781
0.79991776522
0.782501040471
0.870124204604
0.760561402805
0.766851360635
0.796364620993
0.901120699597
0.795938404144
0.720705614529
0.738064173215
