0.910216668589
0.858850016798
0.969066685387
0.768607374053
0.766635745052
0.815686785773
0.833329154737
0.751598814616
0.836142185941
0.930952870445
0.789839993181
0.823014706988
0.877996680523
0.604869402143
0.881776471827
0.896590766639
0.842392029243
0.521980253624
0.858707610227
0.978586865501
0.81104152355
0.530164118558
0.886469871483
0.840361231315
0.815528333392
0.746250545307
0.826844641451
0.87843794032
0.96736181799
0.953301676286
0.87143394391
0.961155097804
0.853643151197
0.649424105822
0.951235778147
0.891021867432
0.564195778949
0.91187239569
0.770401496272
0.716428403091
0.90461567776
0.846447607921
0.739497264691
0.933779941734
0.792645001479
0.777634145485
0.904516394306
0.793028095212
0.625807680929
0.753748953262
0.911635719981
0.799673066605
0.812508712374
0.789930250866
0.888746370889
0.869674921902
0.920355615282
0.899358669
0.815984636136
0.791837696624
0.884567440041
0.727699582307
0.798671707726
0.697484317727
0.851712639586
0.897119275532
0.892270432084
0.884266581089
0.772630861108
0.904872410733
0.618054545728
0.965363111684
0.683768158091
0.891471150134
0.779251763786
0.657734832948
0.657879245245
0.785772380145
0.718328828806
0.948138936664
0.724913628409
0.816009707716
0.780302262961
0.942914019526
0.791528814766
0.883440221833
0.771731292841
0.749537930792
0.934291401953
0.910450335708
0.879018598098
0.83387671803
0.772071263457
0.64962568132
0.885884199389
0.841501486745
0.895918848312
0.800659883969
0.754691644645
0.674298121136
