0.906746762006
0.856314277262
0.9737340106
0.752064143129
0.926603452858
0.858658469932
0.852793726088
0.951119446018
0.747739797121
0.875622903389
0.822777529848
0.942095683175
0.666718481264
0.927897647784
0.667287104684
0.830148072748
0.87046718381
0.90583515938
0.919740860156
0.941257289562
0.940108008364
0.925959113268
0.649696884606
0.706308510798
0.737135521915
0.580257635549
0.801534380657
0.765315977115
0.906272407724
0.846023396798
0.789035696915
0.889500523996
0.766386032122
0.733256447157
0.817658414774
0.800803293403
0.718972666964
0.776551053257
0.869721053608
0.914744595821
0.563815693806
0.927266345416
0.8977696323
0.856075595826
0.860668207733
0.86588309624
0.770638171981
0.673794683822
0.852126822077
0.848032131736
0.908254566788
0.813063295709
0.951010133932
0.95872114888
0.687768579294
0.708414523464
0.911661794423
0.923504605649
0.863311253629
0.921964207813
0.874338235663
0.555232187896
0.888490139348
0.926354742791
0.967273566031
0.877662225654
0.904787167363
0.550112571391
0.799461462475
0.892365704085
0.89778216809
0.928402589393
0.598538828355
0.733022278605
0.915649178404
0.597570062529
0.708029424006
0.832251578256
0.82992443426
0.949877901409
0.719039858797
0.871131079231
0.809844606351
0.899312537294
0.464125077095
0.794839767536
0.647197749575
0.907268250856
0.975536155725
0.873532936534
0.72063942556
0.572639886877
0.76170667255
0.760304669832
0.818486779756
0.738569616254
0.933859167924
0.79346032924
0.697190980249
0.850314648321
