0.959261692131
0.845030562255
0.982466943123
0.624984330263
0.768760812119
0.730141554137
0.764193773223
0.70419547809
0.721082691083
0.842287731473
0.569910093316
0.788603462887
0.946600544555
0.673779640875
0.846504771122
0.851031695491
0.892205245977
0.61659237122
0.718638713527
0.910477413014
0.802053863781
0.429739907436
0.748219165718
0.913972391177
0.887716430409
0.819837636452
0.55714163938
0.726847148609
0.964537755291
0.944657998586
0.723630966409
0.956835766112
0.748606270903
0.715747458995
0.881969021557
0.943509720251
0.52442122259
0.886114857919
0.426669140396
0.77638758656
0.930657025809
0.915716370237
0.568297489332
0.892531677941
0.689488489638
0.694527877089
0.852623239348
0.922633117551
0.556193933681
0.547673608151
0.7355509981
0.859376519964
0.785112496177
0.7737149562
0.77817268301
0.596367629582
0.965495489623
0.862864478085
0.699471992539
0.924775233291
0.928854880684
0.856338847409
0.872072767752
0.565467409454
0.591064489116
0.627390199018
0.693648366085
0.831093772721
0.565075289953
0.770732441119
0.59655967788
0.942411585075
0.682307989309
0.895973504355
0.739837235307
0.646842736011
0.658872079788
0.770186883553
0.728204022484
0.921953176318
0.75716370237
0.858785833555
0.788242432144
0.947467018337
0.589940279498
0.910444318529
0.748711571537
0.557327169068
0.895043348761
0.940288523735
0.843491167283
0.673870901424
0.834943764447
0.702530725221
0.740433938896
0.896368131014
0.945866448711
0.905868253865
0.698007812304
0.660355314423
