0.86975013664
0.781067447563
0.94976156928
0.707688450526
0.877797110751
0.777053487707
0.893356532901
0.930631954229
0.806366175431
0.788737846552
0.791943498689
0.932547422892
0.768527144999
0.800289326026
0.800190544003
0.879857994575
0.986792291994
0.798789544149
0.847154125027
0.924447297033
0.881070456152
0.835869908589
0.647717232699
0.754001674782
0.895010254276
0.585010204133
0.809809004708
0.86293868996
0.926054886702
0.896242773117
0.771895762402
0.90495063406
0.808091100091
0.774001775068
0.859834828435
0.853510773258
0.786450315651
0.835293763695
0.764879731634
0.835849349894
0.771426422436
0.848865511034
0.824843427987
0.890696939763
0.842388017791
0.82622186342
0.843829132172
0.810347542233
0.797634245772
0.784315219953
0.748895596929
0.77512097037
0.9253087565
0.84777740449
0.628741055714
0.742146829197
0.943755421729
0.844649474249
0.92069307874
0.848286858982
0.887293222149
0.628918562496
0.873283725035
0.826955959264
0.890271725777
0.785370733444
0.809169178003
0.6791519789
0.605207868464
0.944737224777
0.78971664101
0.93445787724
0.609583360494
0.730399289973
0.884538357009
0.510283860422
0.716640007221
0.891077526338
0.779002050855
0.941440813523
0.668077360865
0.796686540072
0.768986957764
0.89212401406
0.508414523464
0.899325073084
0.721654323092
0.808701843764
0.937285951391
0.90072657437
0.790500880012
0.621982760782
0.817041653922
0.726544283931
0.579896604807
0.8499857092
0.933111031996
0.948533061892
0.886919655617
0.778075405282
