0.1
72.6
33.9
3860.6
0.46
0.46
38.5
0.19
0.1
0.28
3498.4
4.6
2.1
1289.9
0.1
0.82
0.19
1.5
57.6
0.82
231.5
15836.8
0.19
1.01
0.37
0.1
10.0
144.7
25.3
0.46
190.0
1541.5
0.1
13.1
32.9
301.0
5.2
0.1
23.6
1752.2
11.6
0.46
0.28
46.8
0.1
0.46
132.0
270.7
0.37
0.19
0.19
702.1
2599.4
359.7
28.4
272.0
9.4
0.1
0.28
1561.8
24260.4
0.1
0.1
5.3
0.19
3066.2
304.2
281.5
1722.9
13.7
28.1
300.9
21.7
2297.5
19.4
13.5
7.0
17.5
0.19
1512.2
13.8
528.5
1.2
8939.2
0.28
0.19
8.8
0.19
0.37
1207.5
0.28
29.6
0.37
0.37
23.5
0.19
0.73
0.19
30.5
0.37
4.7
35.7
4181.5
0.1
1.0
0.19
2.2
0.28
0.1
0.74
0.19
5.6
9.1
307.5
6.3
19450.2
21.1
3155.4
79.6
2.0
0.1
0.19
0.46
2.1
765.6
0.19
2.0
0.28
0.28
138.8
8.4
0.28
0.28
0.1
16200.3
1.01
9425.8
0.28
4.3
