0.535091524533
0.628433402346
0.742916296954
0.589700614545
0.641775937428
0.659078510631
0.762608038384
0.662864372802
0.778438331854
0.706566104703
0.353156528312
0.815186171087
0.712412501232
0.479585264057
0.425426402445
0.698761050314
0.470853462158
0.295892076637
0.377478720957
0.763360609944
0.350921818003
0.598271385849
0.475944000789
0.12900193894
0.665099083112
0.680226100102
0.669354891715
0.602392454566
0.453899240856
0.589661178481
0.750691774294
0.486328831049
0.655476683427
0.518475796116
0.689845213448
0.623102960991
0.274103651122
0.58547438299
0.569325314667
0.621091721713
0.897939465641
0.714903545959
0.311019093628
0.471389135364
0.725005751093
0.600013145355
0.710381543922
0.744033652108
0.590827828716
0.494561109468
0.54799369023
0.475148706826
0.448144861809
0.306365638043
0.593801965231
0.689805777383
0.60419008183
0.632846955207
0.544999835683
0.581054257452
0.490259292123
0.504939367051
0.80356239114
0.50032534753
0.565720201124
0.787291728286
0.823191692136
0.775763252161
0.775723816096
0.46711032239
0.370567550692
0.505990995432
0.31457491209
0.769114988991
0.449163626803
0.716020901114
0.493815110585
0.78311479181
0.55040257649
0.627227316047
0.57807354826
0.494206184889
0.54927207598
0.562029642775
0.765634756318
0.470610273095
0.815186171087
0.621321765421
0.412721417069
0.439679253344
0.851322751323
0.329100529101
0.660195865786
0.426487889842
0.289385126031
0.621686549016
0.483476289066
0.647342995169
0.664060600085
0.425173354366
