0.417532616911
0.279411088107
0.436806993329
0.391701994808
0.372361891617
0.410033192021
0.524335338
0.47132340859
0.40238259555
0.596953564034
0.448611521903
0.487091261625
0.319169213579
0.391278057117
0.329215550955
0.609990469618
0.308265141806
0.317792237668
0.306743566992
0.369154425055
0.11036182589
0.415452364521
0.268694337638
0.261908048243
0.492270531401
0.44894672845
0.413460843275
0.40566893424
0.359745637385
0.197528673305
0.489145223307
0.382503532814
0.32564001446
0.441835091525
0.710785763581
0.555453679056
0.272118702553
0.501597160603
0.488783726051
0.421587958855
0.634568996681
0.475664662
0.29556015643
0.456666338033
0.306589109074
0.605875973578
0.486792204805
0.411771665188
0.455082322784
0.250438726215
0.311452890335
0.386621315193
0.261434815472
0.46289394985
0.496401459134
0.435259127806
0.468296690657
0.266144138815
0.471987249006
0.35893062539
0.360659239541
0.494922606724
0.6734562424
0.493174274541
0.526872391469
0.489815636399
0.641476880607
0.389381839692
0.459094942325
0.491448946728
0.384504913076
0.416918071576
0.294952183772
0.475963718821
0.325285089881
0.426461599132
0.274918663117
0.465437575997
0.292063492063
0.458651286602
0.404932794374
0.331098623024
0.268707482993
0.362184100693
0.429619770614
0.368359131092
0.489950376286
0.225347530316
0.365526307141
0.240448256597
0.298869499491
0.458049886621
0.492793059253
0.361293502908
0.343563705676
0.500486378126
0.386509579677
0.365010351967
0.406138880673
0.361056886523
