0.961684577213
0.605442176871
0.709974037924
0.616293667225
0.629616484275
0.79227381774
0.625738604621
0.72496302869
0.660958296362
0.722498274672
0.644188110027
0.965989680897
0.92350718065
0.641375004108
0.610618160308
0.954852279076
0.755286075783
0.385655131618
0.651072989582
0.772121988892
0.750954681389
0.908035098097
0.897232902823
0.577002201847
0.354086562161
0.324088862598
0.797653554175
0.888494528246
0.653623188406
0.584879555687
0.509080153801
0.756508593776
0.61974432285
0.566025830622
0.783045778698
0.475171711197
0.486414275855
0.445791843307
0.736843143054
0.800499523481
0.939051562654
0.701186368267
0.626763942292
0.475753393145
0.810075914424
0.818147162247
0.782247198396
0.563304742187
0.919764040882
0.287824115153
0.882999769956
0.458677577311
0.774846363666
0.62355647573
0.804949226067
0.572365177955
0.78361760163
0.769788688422
0.529494889743
0.598590160702
0.472197574682
0.666390614217
0.93557461632
0.555825035328
0.604360971442
0.620871537021
0.583850931677
0.777827072858
0.819925071478
0.659364422097
0.660458772881
0.771086792205
0.30015117158
0.690256005784
0.780889940517
0.55930855434
0.896095829636
0.900266193434
0.783607742614
0.751950442013
0.747254264024
0.707686746196
0.611393736238
0.608317723225
0.893690229715
0.914055670577
0.611413454271
0.775838837951
0.775007394262
0.84907160932
0.632524894016
0.717526044234
0.934161490683
0.834013605442
0.796125406684
0.421305333728
0.922130204739
0.751138716356
0.753031647442
0.776555259785
