0.790193565349
0.8097341352
0.849972066121
0.594360642808
0.612507805054
0.722458838608
0.787459331559
0.714834532847
0.878684807256
0.587771533734
0.621242893293
0.887508626639
0.712530809425
0.563524926879
0.517716651878
0.669749252358
0.587360741398
0.275490486049
0.531851194584
0.849265503303
0.393966282165
0.778139275034
0.694998192514
0.161503828585
0.770031877485
0.763074698478
0.625544710638
0.705169410759
0.341605047816
0.684833546945
0.730237602287
0.622600151172
0.689710473561
0.724509513951
0.738197114595
0.731604719182
0.357648953301
0.72062177528
0.418377205955
0.710657596372
0.924857865852
0.826823096388
0.214512471655
0.625495415558
0.562220250419
0.767741299418
0.532883104933
0.731907062342
0.624187452759
0.717861250781
0.597768576029
0.640983929804
0.279194189753
0.395431989221
0.70032534753
0.478822833481
0.539942160439
0.556130664826
0.641309277334
0.70396332446
0.497048867856
0.613102632357
0.884242005981
0.494081304019
0.601376975911
0.770735153965
0.784803969897
0.750399290151
0.633813138782
0.548526077098
0.468296690657
0.636389628315
0.469887278583
0.899434749745
0.49051562654
0.787584212429
0.81098951658
0.84899602353
0.555943343521
0.483555161195
0.711728942785
0.570127181307
0.524867724868
0.681869269447
0.650083801637
0.487009103158
0.611084820402
0.599244142101
0.545949587564
0.530040421966
0.841378290447
0.480114364586
0.548138289132
0.434361957343
0.578326596339
0.756416576292
0.517424167735
0.749166913142
0.584228860626
0.597936179303
