0.408370304644
0.201810772618
0.31048670676
0.357954582799
0.244858523119
0.238663774689
0.43304084919
0.420076243058
0.376854316606
0.435476026159
0.450898813632
0.451815702126
0.210894212758
0.338243123336
0.366436622958
0.493338591475
0.241197541819
0.427759702915
0.307946366953
0.420036806993
0.215807289099
0.259035788228
0.206004140787
0.374563738539
0.458237207927
0.459137664728
0.32556442867
0.39096914128
0.243764172336
0.25152979066
0.436287751816
0.360705248283
0.224256465871
0.530020703934
0.68178711098
0.636701830491
0.426675211147
0.453356994972
0.282756580893
0.246383384272
0.526491176181
0.501475566072
0.205488185612
0.464954484209
0.244194682704
0.381340168918
0.2789772914
0.275290019389
0.371596174702
0.130132439449
0.243869335174
0.351549508692
0.243359952677
0.321068717342
0.430635249269
0.451565940386
0.437953925532
0.218492227809
0.320332577475
0.41841335568
0.295215090867
0.464353084229
0.671839363765
0.378559926386
0.215902592921
0.223372440764
0.504285385652
0.263199579349
0.274728055473
0.348171152519
0.338328568142
0.53695487857
0.230477505012
0.22298136646
0.242134148345
0.379105458609
0.432518321338
0.409773571264
0.25805317296
0.200936606527
0.243741167965
0.439491932039
0.376555259785
0.339623385586
0.35168096224
0.261507114923
0.403250188964
0.243139767984
0.210526142824
0.231719741037
0.175086266391
0.230536659108
0.425597292057
0.293029675638
0.425971934668
0.373949193204
0.25873015873
0.256488875744
0.409750566893
0.289782773013
