0.334434256795
0.529856386999
0.359183673469
0.481060830129
0.347306845443
0.359923099675
0.495671891945
0.508465608466
0.364708008807
0.62912681981
0.705221992179
0.477652896908
0.454645239738
0.533799993427
0.673341220546
0.480528443261
0.317710079201
0.633694830589
0.332863386901
0.625472411187
0.463268592461
0.351546222354
0.590781819974
0.63685300207
0.527072858129
0.667701863354
0.259831082191
0.320661211344
0.62749679582
0.338591475237
0.629143251503
0.631423970554
0.521489368694
0.804354398764
0.661576128036
0.818041999408
0.637336093858
0.664599559631
0.451950442013
0.508222419403
0.649669722962
0.600696703802
0.33170988202
0.679230339479
0.347103092445
0.622245226593
0.594432942259
0.28487298301
0.297936179303
0.393486476716
0.606888165894
0.502819678596
0.311689506721
0.63863419764
0.683131223504
0.459571461435
0.449042032272
0.325850340136
0.73509809721
0.415823720793
0.775520063098
0.647073515396
0.57448486641
0.589411416741
0.664915048145
0.496703802294
0.669755825035
0.165411285287
0.448246738309
0.656896381741
0.650054224588
0.382306352493
0.679532682638
0.542308324296
0.498383121364
0.647697919748
0.358431101909
0.372802261001
0.626816523711
0.145975878274
0.476647277268
0.649594137172
0.617098820204
0.674793782247
0.312612967892
0.338571757205
0.460892569588
0.4551940583
0.529849814322
0.667869466627
0.358187912846
0.817082388511
0.610999375596
0.339827138585
0.609421933024
0.509852443393
0.425873344507
0.349449538269
0.393575207861
0.579273061882
