0.393673798022
0.260951723685
0.268092937658
0.589155082323
0.312182457524
0.242397055441
0.496000525814
0.250718065004
0.392109500805
0.427634822045
0.452193631076
0.381402609353
0.268516875349
0.338722928785
0.287919418975
0.554858851753
0.311328009465
0.307617733084
0.239800847875
0.303996187847
0.0937395247954
0.394768148805
0.250507739328
0.223615629827
0.366712675408
0.289184659371
0.338197114595
0.37162575175
0.254070130468
0.207578297019
0.257524072431
0.333458214204
0.208298005192
0.31658286503
0.489901081205
0.355483256104
0.148815274902
0.354283742482
0.266594367215
0.386095501002
0.640484406323
0.298977948667
0.0882973479247
0.499822537711
0.293608071248
0.543044464162
0.407906930888
0.228571428571
0.427187879983
0.123283709619
0.297568109369
0.225728745605
0.227559236255
0.275000821585
0.3681389464
0.234858194486
0.414666929574
0.158069604653
0.34661342798
0.465089224095
0.159029215551
0.433901869927
0.642630385488
0.37232902823
0.345197016004
0.345969305597
0.372844983404
0.321788425515
0.382684281442
0.483095073778
0.31899175129
0.314095106642
0.248000262907
0.349416674883
0.203644549607
0.20890597785
0.319073909757
0.520851818988
0.239991455519
0.252742449637
0.373508823819
0.263557790266
0.243491406224
0.296670938907
0.384741529462
0.3173617273
0.368119228368
0.189575733675
0.390180419994
0.19179729863
0.229751224161
0.38876072168
0.32671793355
0.294337638437
0.385063590654
0.462358276644
0.258572414473
0.271836077426
0.273354365901
0.212925170068
