0.405221992179
0.45072792402
0.409944460876
0.52814749088
0.386558874758
0.360810411121
0.55406355779
0.562598179368
0.389460711821
0.637513556147
0.68570114036
0.538581616221
0.340070327648
0.526826382727
0.410559006211
0.504814486181
0.355174340268
0.425833908443
0.233445068849
0.603289625029
0.232922540997
0.428137631864
0.456534884485
0.44192053633
0.562059219823
0.671159091656
0.29857044267
0.373170330934
0.584886128364
0.4681389464
0.539064708009
0.612461796313
0.522869630944
0.771543593283
0.674373130895
0.635393867692
0.301321108153
0.539790988859
0.486798777482
0.540349666437
0.677002201847
0.390988859312
0.143573564692
0.687525058333
0.215360347037
0.631128200072
0.481264583128
0.330914588057
0.344608761379
0.331926780374
0.470380229386
0.555677150087
0.268599033816
0.622439120576
0.519576719577
0.459670051596
0.366088271057
0.344950540603
0.742709257616
0.446472115416
0.433714548621
0.668487298301
0.611745374478
0.585822734891
0.659804791482
0.565828650301
0.764132899537
0.220871537021
0.452821321765
0.760350323704
0.603920602057
0.273929475172
0.665184527917
0.57057083703
0.496385027441
0.689993098689
0.419530710835
0.479240198495
0.315988037727
0.204019192218
0.607969371323
0.519415688981
0.450080515298
0.679190903415
0.3481185711
0.34791810444
0.493821683263
0.330484077689
0.52869959578
0.593716520425
0.42350718065
0.697288770581
0.525317953268
0.37476091886
0.546974925236
0.539528081764
0.460978014394
0.496270005587
0.532409872161
0.421417069243
