0.281813401689
0.290413750041
0.305629498176
0.448079135036
0.478615794144
0.408179697
0.530691117027
0.413635019225
0.444999835683
0.569184002103
0.506181603076
0.41841335568
0.248828420257
0.517926977554
0.520519898781
0.592908081107
0.212238325282
0.445571658615
0.246314371159
0.631197213185
0.259167241776
0.349127477078
0.254444773078
0.309678267442
0.438466594367
0.455940057182
0.274724769135
0.275506917743
0.405800387788
0.166840842617
0.398310821913
0.420250419008
0.36279535969
0.3227808998
0.585405369877
0.583982385225
0.415192743764
0.415948601663
0.407229945118
0.487787965428
0.660876137895
0.479056163528
0.381918564527
0.479611554767
0.390877123796
0.529816950935
0.400861020737
0.185914752374
0.380863649808
0.319169213579
0.36186532584
0.20278352887
0.261750303986
0.390679943475
0.523868677906
0.385937756745
0.552581419041
0.302109829439
0.337668014066
0.47792237668
0.313473988629
0.51886687042
0.63921259325
0.518097867166
0.509096585494
0.408222419403
0.523563048408
0.23514739229
0.399654934438
0.512120017089
0.576788589832
0.443123336291
0.374100364784
0.31455190772
0.398590160702
0.264793453613
0.287110979658
0.410082487101
0.292070064741
0.189631601433
0.330714121397
0.464645568372
0.429849814322
0.447904959085
0.400667126754
0.34831903776
0.423007657169
0.245466495777
0.445298892504
0.349613855204
0.245676821453
0.628012750994
0.495392553157
0.389648033126
0.456666338033
0.378865555884
0.351043412534
0.376213480561
0.424946596996
0.32892635315
