0.755906993636
0.601176748959
0.908508800167
0.881720909374
0.666300187917
0.621746331773
0.865837687332
0.88922987187
0.720010234992
0.662934746423
0.838228245827
0.672631300917
0.896213052917
0.78756008243
0.677075543596
0.798809494331
0.779026795319
0.859618278815
0.646445128611
0.867678610242
0.75483864755
0.87348311639
0.854332400628
0.868355990634
0.88622788265
0.824362857984
0.796771025067
0.742879939691
0.686769897017
0.682450290129
0.654387152334
0.645247469453
0.735721773295
0.828257657673
0.719835249643
0.850305261391
0.776702186491
0.834532643297
0.646360662413
0.596448567789
0.758034606379
0.732115864513
0.769454601482
0.797762608712
0.677706701444
0.889060389205
0.708092522128
0.672560591428
0.905655933682
0.793366789652
0.583519186483
0.733622774508
0.81191936367
0.83255883057
0.910630910226
0.770050267018
0.551144695825
0.653271483166
0.75261941512
0.674459017386
0.653492140792
0.766810836986
0.722472686053
0.772990901312
0.775540294779
0.740449129063
0.680467948242
0.877947443866
0.711772166874
0.717178278705
0.871202253899
0.91757584762
0.679279093378
0.403737147794
0.836034876011
0.922842741547
0.714038172118
0.722490569775
0.698925050693
0.860778244589
0.790055824729
0.85007112219
0.718205629796
0.718002580759
0.743621701485
0.914455275561
0.485733466498
0.710291119494
0.861022013487
0.80090409097
0.648945548191
0.867306353674
0.672106895138
0.868190910116
0.922951419555
0.598397893573
0.72235190214
0.643702866073
0.729325178356
0.884098619101
