0.728310208304
0.614278639406
0.908474408393
0.709361991311
0.674328603776
0.389206210329
0.853541664947
0.617390132037
0.834640495902
0.675610729133
0.677701473894
0.385372490432
0.795268792353
0.69334505405
0.579249929153
0.697536173269
0.514527910989
0.571534616009
0.705919512242
0.663087721036
0.633078834201
0.761162056793
0.837109275049
0.508011082405
0.706687411785
0.73592207099
0.732529391211
0.671474086486
0.70876660091
0.631463246198
0.371255079665
0.731208471932
0.502752442504
0.593680167502
0.91034532093
0.646461636663
0.682120679361
0.707132578915
0.670833023807
0.495639122982
0.617370597509
0.589507482274
0.574865940863
0.752697828366
0.498133214475
0.824158433276
0.521403789698
0.532376141463
0.939875749397
0.629980548012
0.640377594172
0.597434923884
0.643842909379
0.580857813398
0.763183467736
0.546450631295
0.581042703579
0.485932388523
0.594181737142
0.595451206326
0.488362924016
0.747957816425
0.465407652583
0.46563959071
0.587307234103
0.583055585362
0.722767629911
0.677848670689
0.513977642595
0.764792727653
0.675566157393
0.519650084329
0.54863079467
0.21347249621
0.597472617269
0.763777757601
0.502781881863
0.368636077247
0.41485779689
0.707943674527
0.864966337331
0.822721132232
0.538100308425
0.721753485262
0.740095856754
0.711801331099
0.646489150083
0.562392181787
0.63359663676
0.547737158799
0.675840741322
0.398326083547
0.613091160213
0.765704522381
0.712920026743
0.519001868161
0.621424424763
0.60896002025
0.361530736617
0.610582486608
