0.572730349228
0.736791770186
0.957782858589
0.742154685948
0.845369629037
0.545925400114
0.826848970585
0.634299604632
0.858969787514
0.605492779103
0.716257129415
0.688283685368
0.846593150809
0.766692529281
0.559707697429
0.781393499679
0.748868235482
0.700355198248
0.822822656751
0.810895864458
0.72741767297
0.83230185523
0.850059016285
0.513861535964
0.650126149029
0.765141872949
0.796689310211
0.658164194586
0.77607598106
0.829242087828
0.727852109867
0.673130669484
0.637796835406
0.764843352345
0.839178009074
0.740785067917
0.715774819168
0.748971135671
0.714154553884
0.712182667096
0.6796686834
0.812502373032
0.577007035181
0.743326757626
0.548611535276
0.811308015485
0.548986268052
0.629894706143
0.837316451099
0.636975559829
0.636032399803
0.562583675188
0.691751751917
0.811561138946
0.61472078006
0.64775559279
0.531556241557
0.595685895796
0.712547219907
0.623408142321
0.457836784892
0.732157134642
0.689217765965
0.755502546367
0.692885579942
0.684250218044
0.788964917639
0.934525214673
0.651690562072
0.661560726244
0.778378028884
0.499684145942
0.414544969309
0.452849152174
0.733411471445
0.957575957673
0.480312222286
0.612959646067
0.567935860716
0.773899119295
0.876645233713
0.74047911869
0.835522851271
0.697344679868
0.790541161451
0.833266475724
0.47581377817
0.739163426962
0.628651924976
0.402350471442
0.671438594174
0.321120401476
0.606392192792
0.837752813935
0.755189718785
0.326866854308
0.821724321038
0.85487991768
0.751378835027
0.8023477201
