0.796686008601
0.802936507281
0.941785180722
0.986673324914
0.877164136808
0.556711210893
0.889573239347
0.968062697581
0.925753936483
0.839438836292
0.892408772379
0.623033409546
0.976186585007
0.905073474587
0.682642333798
0.820411930919
0.921943602992
0.894036741421
0.908651319681
0.870270374375
0.677446424494
0.985285548026
0.986942406159
0.927617145263
0.922286145067
0.866389056262
0.837451266855
0.773795118569
0.667711351212
0.895688096869
0.777526488545
0.783389048008
0.804310252326
0.954652656833
0.854428422463
0.970763414856
0.78831725174
0.940436748024
0.650825540157
0.587807978341
0.849767374037
0.772504464052
0.736754627069
0.878716443946
0.672835450491
0.96544094382
0.674229280331
0.911950453834
0.925370399412
0.968786850786
0.783396476631
0.927830099131
0.761441868271
0.829162574045
0.931015327726
0.759362404013
0.74288709318
0.731444261939
0.763140546802
0.711048839071
0.639908215232
0.948284400716
0.735664545382
0.803809783222
0.780744733244
0.89142874437
0.650989795273
0.920075716931
0.804283564308
0.91140541299
0.872558665489
0.828479415835
0.721304191119
0.609394732281
0.842742647726
0.969215509865
0.741735381432
0.649639711769
0.763425035561
0.855393868359
0.970609064571
0.973555751818
0.755949914571
0.731129783552
0.803084804613
0.938128096979
0.622588792684
0.949400345018
0.862402636886
0.707075351002
0.646811607361
0.732842493926
0.787765607675
0.91416088197
0.971953645391
0.589487672612
0.745080187862
0.918255429086
0.943240090354
0.907206865148
