0.769072440083
0.637728326991
0.953278086387
0.673643244493
0.772572972467
0.588884578453
0.834022269362
0.673382967542
0.741248393904
0.5189611483
0.714818177566
0.405165094275
0.837225656814
0.665621706988
0.686884077709
0.89524760702
0.857960045012
0.67878165075
0.78434046206
0.765838512735
0.669790540336
0.717371147777
0.850360288231
0.65192057426
0.688621825295
0.713541830028
0.766076778949
0.743090967619
0.7624494097
0.556017047315
0.562881370388
0.780252518166
0.836672637079
0.854529671847
0.776218225439
0.862202064057
0.696581457606
0.702182089314
0.720919553512
0.644970134183
0.653175461331
0.708901966934
0.575277541621
0.83218519833
0.764786674701
0.778772296187
0.787198280962
0.629136436297
0.841717222575
0.860017498535
0.710678508442
0.583851548593
0.846557383364
0.902545266454
0.73320264459
0.794967520408
0.744815508764
0.513236981338
0.685698249321
0.79167719055
0.756180201893
0.867472259595
0.683319989325
0.924032972082
0.681958075051
0.670418946841
0.77160284929
0.715783348328
0.714575784339
0.741976123854
0.714969776508
0.674555314355
0.601684371552
0.564285655328
0.821037861217
0.881686792733
0.743088216277
0.691993319742
0.797571115311
0.720159632861
0.834387647575
0.810085869383
0.79977576563
0.705876041039
0.654313691503
0.68208848866
0.75219460792
0.571146676792
0.860802456398
0.715764639203
0.846140004787
0.593918158582
0.467519032408
0.658531498739
0.711358640177
0.656303186879
0.705985269315
0.803921212571
0.69486737156
0.660060694604
