0.812565653898
0.850990345541
0.919400262478
0.652508536038
0.741061577785
0.627887327044
0.936082474227
0.889416137721
0.913568793179
0.868535653265
0.585416787038
0.475856974239
0.910730233671
0.87743239265
0.747906641464
0.95392272581
0.909275599173
0.825057846965
0.727010749493
0.887203508511
0.790308397921
0.893207762086
0.934826211485
0.63032914304
0.783388222606
0.879998569302
0.711598557196
0.766958584049
0.741204922701
0.737893682644
0.773487518537
0.780816268135
0.728618358604
0.825617469921
0.875722158483
0.83008069686
0.758820939913
0.665372985674
0.872374050443
0.753967572684
0.812774480753
0.769050154213
0.719611840675
0.742408634812
0.685375792043
0.915282879224
0.727710415755
0.725600411601
0.973140024047
0.804680858089
0.735857689588
0.81661672981
0.811947702492
0.938910303501
0.917678197541
0.766191785043
0.646871311482
0.910310654021
0.829127081734
0.886651314178
0.769284568548
0.815018475261
0.805080903211
0.906516828583
0.828137424029
0.850056540077
0.840348429947
0.885836366688
0.791274944354
0.754661185993
0.903869487342
0.782565846492
0.798643863544
0.661480662193
0.883288624026
0.962660987897
0.718758924666
0.83730929761
0.695457259278
0.856978091064
0.948059891212
0.8065008708
0.78394316828
0.899777141301
0.837812242921
0.82150944123
0.614197474818
0.851494116255
0.797430246603
0.754733821421
0.822804497894
0.801471417684
0.682955711648
0.885477316561
0.819040662083
0.574185809128
0.751196421054
0.634576664768
0.794199070597
0.92758880644
