0.758180977772
0.488637783079
0.912200275684
0.667095325745
0.686577578214
0.839356296033
0.796274958111
0.683084199318
0.735968293535
0.534237699438
0.748193881566
0.823643106925
0.783816331416
0.880382656641
0.655300047598
0.889091204235
0.80360838499
0.663910372284
0.699084078259
0.787617585477
0.926353453897
0.882478628951
0.810608349222
0.586843082714
0.844804503397
0.772745481609
0.7663161457
0.863669354728
0.760051340041
0.5021031258
0.726922981684
0.770543032364
0.878194789509
0.927969592169
0.703733295915
0.80281709904
0.790525203668
0.616331415648
0.701861007707
0.887267064511
0.644986367101
0.669638941394
0.63567224914
0.899238153409
0.651549143095
0.799225222102
0.637408070787
0.710069636465
0.884986477154
0.880086337111
0.641251145246
0.564897553782
0.968743654718
0.977095078124
0.812500171959
0.654336252507
0.501838996971
0.748536148506
0.895024473187
0.841190615723
0.886520350301
0.938719360368
0.849164279878
0.83850117895
0.878011550134
0.711788124658
0.791602354048
0.851298495841
0.65717123527
0.718098327459
0.729042340402
0.729071504626
0.657774329429
0.602281687893
0.748304485513
0.84967905596
0.818674183333
0.912499071422
0.657514327613
0.799338027123
0.81814097326
0.820495846849
0.857166557989
0.845180336709
0.613020175591
0.730903348108
0.762219397511
0.698283712881
0.866046789321
0.786347566025
0.905979491497
0.782008699743
0.663447596565
0.78414181517
0.720788039366
0.654321120126
0.817400312002
0.595869135171
0.64678987176
0.818168211545
