0.793820761076
0.77222107583
0.930418286519
0.620662578173
0.859009406838
0.782134436071
0.971688691159
0.624478964615
0.858546355985
0.798051224485
0.601470867416
0.714818727835
0.805558536176
0.790024184296
0.913553660798
0.957124187322
0.795499629945
0.649025061974
0.807596730305
0.940177846745
0.886754764636
0.848072547385
0.961818251852
0.510556073725
0.755093421816
0.825748708933
0.750235652439
0.739334560432
0.762306615051
0.621024379641
0.660405162618
0.852412789338
0.832119991526
0.898068557939
0.890335911341
0.916131668221
0.636339724701
0.525794656344
0.858761786061
0.773051155701
0.591854927241
0.768605812485
0.660734223117
0.861156829243
0.645332210786
0.870935648863
0.730473313359
0.641580756014
0.998126611255
0.904751017309
0.775703174223
0.594494839858
0.837920095527
0.906174286508
0.85575319362
0.777415334329
0.737617998179
0.845453269832
0.938685518862
0.951900489464
0.753193895322
0.937728326991
0.838909202964
0.880152094184
0.837262799931
0.755951290242
0.889197681169
0.932212986884
0.784681903598
0.729492459947
0.788116403776
0.785617910136
0.532584968318
0.748368591781
0.912030793019
0.958518567431
0.595234125445
0.887193878814
0.707800329611
0.707332326342
0.980270401889
0.797055513827
0.79397180975
0.805649330461
0.854585799224
0.810887335298
0.764279602376
0.666730222666
0.955323984273
0.664057018811
0.960273648472
0.601371543971
0.616189446402
0.875881736317
0.682804938109
0.439644361537
0.80028586443
0.687983238825
0.758056341981
0.839025309595
