0.760821715792
0.609197461062
0.963863874605
0.986108199274
0.876682101695
0.650526469285
0.948447555295
0.931228831863
0.935943256323
0.825483479567
0.738088477655
0.67885373591
0.939866394834
0.891403707158
0.632630365461
0.940533870395
0.904864922866
0.847643613172
0.900170583202
0.828793343954
0.617299337752
0.983611356439
0.957465903995
0.926441221706
0.928851397269
0.799264841426
0.854203912959
0.812261905745
0.727559091947
0.697408786135
0.814043124534
0.798064155792
0.774548711134
0.876835351443
0.895637197043
0.956965985159
0.807568391483
0.836622287521
0.65495337851
0.683334296303
0.840087877862
0.779394924875
0.692951337015
0.903171471885
0.7223604313
0.962059544543
0.698582508619
0.877353154001
0.98574667294
0.97894425506
0.674481303256
0.877238147907
0.798334612707
0.94155819501
0.92497558184
0.751400570628
0.62885607455
0.747439463598
0.784225455966
0.746679818081
0.769218536341
0.989254909082
0.725584178683
0.810023689054
0.822902995936
0.899596928402
0.707171372837
0.899460736974
0.806842587472
0.814130617209
0.842716509978
0.833025183033
0.744148308337
0.637360747705
0.81319846255
0.968889475842
0.777951570879
0.668391207812
0.743392239565
0.803871688416
0.959225387183
0.963895239903
0.75647432035
0.768945328084
0.795903526945
0.930853273684
0.545098346719
0.926749372006
0.674714892189
0.735933076358
0.677472287108
0.692402994561
0.730348402433
0.88221890227
0.93565849243
0.606008105453
0.745258474821
0.910899991471
0.90843754041
0.920854896976
