0.961328477914
0.999385676123
0.799898001119
0.599322525394
0.992138075206
0.992526256975
0.999089391517
0.399995518674
0.996372988424
0.987435500377
0.993491285844
0.999329966793
0.990869222911
0.998540249204
0.77818658264
0.98869296201
0.999972977153
0.799843340929
0.995532237672
0.978454885185
0.983325090091
0.99996972482
0.998548484952
0.828951960183
0.798221872709
0.795610376114
0.994523609545
0.972477440494
0.793637056341
0.841248689324
0.399453008424
0.983367655196
0.814538276521
0.97189471821
0.999516136671
0.991976702499
0.792278037964
0.988553771118
0.836868028091
0.999532031141
0.79976524745
0.799902977039
0.991816034215
0.99961208801
0.968374951215
0.998968845341
0.795969826436
0.981096926739
0.999912876424
0.783153203504
0.999875864266
0.798691362821
0.999166668165
0.974424336929
0.999450715304
0.999869262179
0.992107013171
0.992443539786
0.978053619143
0.641265595465
0.991694866049
0.794161386495
0.991215499034
0.799564187279
0.799754456297
0.999963272609
0.799921876546
0.991908830641
0.83504221739
0.799849276063
0.998658479778
0.999779815507
0.99975321981
0.991607824905
0.995280683895
0.799695509621
0.991236429375
0.792436735364
0.999968038702
0.999628499556
0.982219873648
0.999754838483
0.992330352577
0.999400416539
0.999588130151
0.99967543358
0.986668848878
0.994676589132
0.976344098108
0.799997564497
0.783396041925
0.573084615232
0.99855600129
0.84123463085
0.772982503943
0.995915585903
0.814413024203
0.999996537838
0.999969110323
0.799578478064
