0.918339520261
0.998892520412
0.799899972003
0.599048939679
0.988642940517
0.989391756638
0.998502787415
0.399998508723
0.995593582381
0.979439345624
0.99747737305
0.999059693363
0.979668080608
0.998431183616
0.760567446807
0.984819027861
0.999967251847
0.799853120412
0.990590024298
0.960958888403
0.968957433696
0.99995707519
0.998634626833
0.909233330516
0.795190502826
0.794583717768
0.989256177785
0.943778795144
0.785293321535
0.896630537286
0.399119411906
0.958257435554
0.928099136828
0.943418183273
0.999669198691
0.98828027533
0.789140390208
0.984259296729
0.887317959237
0.999407018626
0.799831388228
0.79989648736
0.988412084773
0.999438785084
0.934656988201
0.998364023673
0.794832274002
0.955220445279
0.999914585023
0.757977577482
0.999825490563
0.798579749322
0.999307522693
0.938698589896
0.999509991709
0.999805549411
0.988610559563
0.989314127778
0.954365456199
0.696649871435
0.987854129684
0.786275826078
0.980289336302
0.799199835974
0.799827626312
0.999972152829
0.799907188587
0.988480810931
0.882203109891
0.799585732117
0.998670889605
0.999568293913
0.999563018238
0.988031741578
0.99036351499
0.799742496102
0.987986283845
0.789111501391
0.999963744722
0.999477483359
0.957286876219
0.99955956357
0.989274312918
0.999198367179
0.999521704607
0.999680709255
0.975637464906
0.989380545829
0.949933934161
0.799991944104
0.758418733322
0.544631416165
0.998449506095
0.928051243591
0.744523744434
0.994544914579
0.927978807973
0.999990310443
0.999944365609
0.799679390336
