0.440333914257
0.342970994878
0.224621440343
0.290236104442
0.325917892512
0.243759318611
0.249406636439
0.126401553506
0.546502474771
0.209417319681
0.57205986782
0.265141779269
0.427188430924
0.3179874364
0.333337994512
0.431616805543
0.319899321536
0.372531298841
0.311451961682
0.493904137388
0.320242405276
0.463479971619
0.2731768721
0.444608529927
0.324517238268
0.303158046034
0.280730612044
0.357981481781
0.204513175099
0.299438710145
0.23370802616
0.334888638294
0.576259799716
0.384938022809
0.316127371281
0.449033120148
0.219113223479
0.315929915655
0.44684468173
0.702511633463
0.389291533801
0.39448228842
0.216927587764
0.341320555409
0.333911754144
0.531801746428
0.197627092809
0.471293163864
0.467368196552
0.420275183405
0.342683785333
0.24901872445
0.501375894542
0.332280438996
0.533618497056
0.548231262511
0.352524522896
0.301158430319
0.386764560413
0.0828860849875
0.332209412224
0.319220318183
0.577274565311
0.201362967639
0.158676312159
0.630260739746
0.471357048991
0.42556475951
0.24877728738
0.354264461494
0.182834647156
0.504586465016
0.455522934798
0.336615282791
0.436915216905
0.372155796678
0.44410830751
0.182424148683
0.330446684808
0.4377839722
0.288752658071
0.530965319631
0.333850529336
0.426347860024
0.369782792067
0.480735220766
0.172355665326
0.370784600784
0.467377803677
0.400838562546
0.268608085092
0.324775289218
0.662749732769
0.282799126276
0.218981893644
0.299100684759
0.499838147687
0.598632311231
0.620654979548
0.38700441628
