0.911158817002
0.999458261617
0.799902587359
0.599432864937
0.986173714789
0.986525926046
0.99926828486
0.399997107371
0.995171805654
0.981880184625
0.996643456694
0.999368230425
0.982057616666
0.998897586259
0.747186446551
0.981543433193
0.999964239317
0.799859797438
0.994735310992
0.947422450575
0.968833110616
0.999961271749
0.99709791413
0.911361061202
0.796972167217
0.79447976299
0.995033236753
0.94382643359
0.786834912739
0.930524860719
0.399508582864
0.964176712931
0.888073632236
0.942006130874
0.999497417018
0.985914652168
0.786299319318
0.981380846482
0.925357494426
0.99940974639
0.799759672021
0.799904191044
0.985855810407
0.999591165163
0.939168364775
0.998789434921
0.794809567616
0.961215350656
0.999928673473
0.763954032984
0.999873765987
0.797210426892
0.999064646803
0.94652145671
0.999359095414
0.999830803707
0.986155901892
0.986430903945
0.960104034213
0.73054124229
0.985783936829
0.787354986382
0.982642946812
0.799602930518
0.799746542784
0.99997001708
0.799901163526
0.985915813716
0.91756711348
0.799652367489
0.997242380696
0.999682859991
0.999662334318
0.985655229843
0.994516580307
0.799705371536
0.985583273832
0.78633964376
0.999965790545
0.999556993177
0.963345202103
0.999644993534
0.986321583566
0.999287034489
0.999614853243
0.999700478048
0.973859689826
0.995171933049
0.95469948736
0.799998044103
0.7642000488
0.544651424762
0.998912791294
0.930503922884
0.744547290132
0.994739365168
0.887960534953
0.999997234767
0.999962111061
0.799664192795
