0.948221123323
0.999435510269
0.799901822986
0.599363846519
0.992177163162
0.992532656728
0.999108081195
0.399995953317
0.996877444871
0.987071598703
0.995343692241
0.999396811994
0.98877121286
0.998812336147
0.767607775146
0.989197733198
0.999968121134
0.799833913658
0.994238288451
0.967853551159
0.981432291807
0.9999657231
0.998374987186
0.902777193257
0.797794423132
0.796166120514
0.994174845462
0.964273870781
0.792868591329
0.914745481654
0.399475040362
0.980804486482
0.838280207886
0.963644716561
0.99956824895
0.9919793853
0.792286176293
0.989089431984
0.909077315916
0.999523593058
0.799793334424
0.79990317188
0.991866692685
0.999627765158
0.959058558794
0.998836413908
0.796506071822
0.978594233447
0.999927834162
0.780598967466
0.999875639451
0.798484892085
0.999260850954
0.969955285657
0.999519403993
0.999867343752
0.99215708712
0.992437829467
0.976758890562
0.714765055607
0.991777538274
0.793366108464
0.989271652599
0.799596860494
0.799782573246
0.999969027891
0.799916510944
0.991967732353
0.907792456744
0.799780062805
0.998481909531
0.999746407895
0.999726137013
0.991682014085
0.993990196837
0.799722862198
0.991505968407
0.792384368295
0.999967514132
0.99956457696
0.979908288685
0.999717339225
0.992364899256
0.999451104984
0.999629870932
0.999682163063
0.985877332763
0.994322864116
0.974758997574
0.799998164005
0.780827972228
0.565046764662
0.99882594499
0.914737418265
0.764944383594
0.996437293207
0.838139788002
0.999997721868
0.999964554059
0.799576724501
