0.7608975362
0.999109347657
0.799954347426
0.599626985797
0.903895966087
0.903218686321
0.997470958308
0.399996665234
0.934560677157
0.749823804445
0.986249515147
0.999630455453
0.800871947677
0.997954559352
0.649010091527
0.829850983164
0.990802954738
0.799561586911
0.844524748611
0.866703004377
0.804304920826
0.990802197858
0.903584349051
0.7407493287
0.705121631287
0.734184875239
0.941025642179
0.793003405808
0.632978993821
0.855681931952
0.399665399306
0.874539172786
0.919900175836
0.786692731798
0.981411076699
0.876181923559
0.704084908692
0.838864039261
0.857154662108
0.877214307211
0.799735526815
0.799753489589
0.903988305387
0.999219020247
0.793980185044
0.900490427947
0.734400136268
0.78620653788
0.941606386085
0.637698332407
0.990066555937
0.703309302034
0.939347550378
0.689462078988
0.931727931941
0.941091573128
0.904220982139
0.843755646621
0.847209475172
0.659068720463
0.903926428614
0.682909495795
0.898170974435
0.79024266906
0.790664827974
0.999964599022
0.588611623691
0.809537258855
0.845680106449
0.700815968569
0.89436713782
0.913367466351
0.962637819516
0.876216807461
0.903167458318
0.798034136615
0.902740930485
0.645650595642
0.990691191361
0.941139316488
0.882158274147
0.916381607858
0.904430487886
0.93155731931
0.999553133841
0.990237977906
0.796485074036
0.931481661334
0.744169629738
0.799997991646
0.625473806573
0.49218654547
0.997979708735
0.856132267767
0.690069590949
0.934038767518
0.919845006064
0.999996845086
0.9907194432
0.7996003901
