0.884566971996
0.999600345137
0.799764438114
0.599742031483
0.876939664863
0.877093603664
0.991294926419
0.399998508723
0.972531613583
0.8563728955
0.99093624047
0.998878551863
0.802450078925
0.991875482979
0.745575147494
0.849537651533
0.999943301481
0.799850924712
0.891675044798
0.951825436008
0.701548455576
0.999940933423
0.890277193257
0.6204260797
0.771646259397
0.772252984503
0.979987865947
0.852273351307
0.691919314546
0.811883637794
0.399744789222
0.931854570623
0.844705095762
0.766116924845
0.997838269687
0.875793292159
0.676899205531
0.849494936551
0.703900170141
0.997567366773
0.799068078989
0.799762707033
0.87592694509
0.99857418888
0.808799691013
0.977409971805
0.772361885226
0.814950873274
0.999916998045
0.731668775438
0.999906064508
0.691360107983
0.997586566033
0.737243088116
0.998728367484
0.99982606759
0.876955139676
0.875739336392
0.922841192291
0.611921976364
0.876778704318
0.692204126057
0.823590907674
0.799803451131
0.798814067228
0.999959083543
0.79959102278
0.875511358288
0.704211862115
0.798751605933
0.891416192006
0.998750609251
0.998753951511
0.86861183202
0.891512592976
0.799813582825
0.868649945774
0.658006885955
0.999968271011
0.980489384802
0.923500591715
0.99846733398
0.876196648987
0.99851245449
0.998616371798
0.99969869451
0.769376377746
0.98038794796
0.877139226262
0.799997639435
0.73185524507
0.474675321172
0.991451263254
0.843477197394
0.674613406929
0.972158906628
0.844642357196
0.999997144841
0.999904078636
0.799820499654
