0.798607942188
0.997984224915
0.998802500522
0.999242651458
0.998400507516
0.998645472004
0.999483847262
0.997566057972
0.798764970706
0.998870179813
0.798084723167
0.998558164148
0.799340166168
0.996672408676
0.797714135864
0.800465275499
0.998948065958
0.997493353768
0.999573667574
0.99970965427
0.999454954014
0.999293999783
0.999516666222
0.9969368447
0.998375382953
0.997571868027
0.799255056711
0.999810937664
0.800477209666
0.99919585696
0.996164264392
0.999772622706
0.601051462956
0.998546858095
0.798024738273
0.996029690952
0.99816386554
0.997259852362
0.999800416754
0.799215328496
0.999159426343
0.997873205753
0.996689367756
0.799214386325
0.798098698705
0.80036446319
0.998974603778
0.800405133576
0.998371771297
0.99787775958
0.998289488354
0.999458094585
0.997588984135
0.799798375383
0.9981966845
0.799910650773
0.997504973878
0.799427316995
0.999673066626
0.798592082308
0.799657677831
0.799918816256
0.998439450589
0.996901827341
0.79979759024
0.997012846503
0.996513495816
0.600226435123
0.998747069455
0.798693051645
0.998636678407
0.998644058748
0.9976934081
0.798655678858
0.798567271802
0.999477095035
0.997171759363
0.998384961693
0.999385861466
0.999328546057
0.99971075347
0.59905060558
0.999931849623
0.999306405036
0.998078756083
0.998024267187
0.996454924179
0.796409385909
0.997969150177
0.99859192528
0.800438266594
0.99919475776
0.999273743104
0.999039770613
0.999256626996
0.998873320384
0.59981674772
0.799551683581
0.79911640053
0.999728968778
