0.998143608861
0.800069249576
0.998662274056
0.999161310686
0.80067600777
0.800648056694
0.998085979395
0.998295926523
0.79879951698
0.999149376518
0.599169162112
0.99842767345
0.999172930796
0.996588241391
0.799149690575
0.601458323846
0.998522832732
0.600501549086
0.998760730936
0.999500021199
0.999398423748
0.800177128168
0.600592468598
0.60060927065
0.999554039009
0.800232559235
0.799673223654
0.99944160659
0.800646957494
0.998807368406
0.997610497042
0.999725200094
0.60050641697
0.799893377636
0.799886154324
0.599157856058
0.998215056836
0.798023167988
0.999818632062
0.799985396348
0.999745613801
0.800166293201
0.799505360168
0.20201844457
0.401192474565
0.800654337834
0.999576651116
0.599698662274
0.798742672657
0.997954860582
0.800255171342
0.99972661335
0.799462334355
0.998413697912
0.799771994592
0.600261138425
0.401395041353
0.998379622723
0.800486631377
0.600540178102
0.799841401197
0.999688298392
0.798250859339
0.999128334697
0.799437052763
0.996102552185
0.401656493836
0.799624073728
0.600675536684
0.997679432562
0.799720018152
0.800341537027
0.79910792099
0.600809167953
0.999190046904
0.800141325666
0.599868724159
0.998490484857
0.998817732288
0.999992148574
0.999364819645
0.798883684266
0.998103566589
0.99918093925
0.798903783916
0.999415382828
0.997957530067
0.800119969788
0.998674365251
0.997365218497
0.800524318221
0.999802144067
0.800658420576
0.999648570177
0.997543916951
0.800592782655
0.797694193242
0.998297025723
0.998151460287
0.999761787738
