0.89948824406
0.80047673858
0.999584973627
0.80064318881
0.999014489021
0.999030348902
0.799942056477
0.402902986211
0.403135859503
0.800439365793
0.997852792046
0.800142738923
0.998973661607
0.799649355319
0.601250732145
0.60184037423
0.999063953005
0.601738148665
0.801075488319
0.999864641418
0.999757547968
0.999496095486
0.799439879276
0.799458251613
0.80074588546
0.800017116108
0.5012587406
0.999776862476
0.800508929427
0.601670783431
0.799926667682
0.999878459927
0.998411656541
0.998593652593
0.79891289157
0.799286305386
0.80061241122
0.800694694163
0.999848938566
0.800378124671
0.999735721004
0.799847839366
0.79948510349
0.599577907344
0.798605900818
0.800501549086
0.999148905433
0.799777019505
0.799746398944
0.80010913482
0.800256898655
0.999615594188
0.998370515069
0.999687984335
0.999172930796
0.998220395806
0.203066138841
0.999414283628
0.800676635884
0.601465233101
0.600884855699
0.801010164456
0.602337997604
0.99924029603
0.999075259058
0.601629327902
0.400970122184
0.999045266611
0.799184550906
0.999246891228
0.800160326117
0.999809210351
0.799943783791
0.998154443829
0.800431357339
0.799082325341
0.60121948347
0.800593096712
0.99931975246
0.999917403
0.999914576486
0.401437439053
0.80060927065
0.999268718192
0.800476110466
0.999366075873
0.600802886812
0.799557022551
0.999463119497
0.601154630692
0.800513169197
0.999869352273
0.800949708477
0.801124324189
0.602271103455
0.800467159841
0.800032504903
0.999648570177
0.401292187674
0.999909708602
