0.602168720861
0.800492284404
0.998568842087
0.999852864279
0.800403092206
0.800135358582
0.801197028392
0.800126250928
0.999180311136
0.799905782889
0.599818946119
0.999255684825
0.800538607817
0.600298197156
0.601197813535
0.999062382719
0.800133317212
0.798789938241
0.99986652576
0.999307504236
0.999837789541
0.800412042831
0.800072547175
0.7991608396
0.602776892311
0.403625788479
0.998980256804
0.999989008004
0.999517137307
0.800271031222
0.800024182392
0.999745299744
0.60105209107
0.601823258122
0.799745456772
0.799713422955
0.801311502182
0.403204952051
0.999866211703
0.601914491691
0.999651553719
0.800619634532
0.799560163121
0.401856548168
0.402128992646
0.99951258348
0.999498293885
0.60110406751
0.800619634532
0.800342165141
0.799648099091
0.999033018386
0.600966353499
0.801084281916
0.80052981422
0.402712667648
0.799834648971
0.801179127141
0.999508657767
0.800032033818
0.80077980362
0.80109448877
0.999236998431
0.999070077117
0.799991991546
0.601116158706
0.402456083049
0.600700818276
0.799850508851
0.800840887714
0.801080042146
0.998660389713
0.601519093883
0.600744472204
0.601754165574
0.800245749631
0.800078200202
0.800822829434
0.998929222536
0.801183995025
0.999896047121
0.800105366136
0.999738390489
0.99931237212
0.799571312146
0.800009735768
0.999219725294
0.403435312887
0.800868995818
0.998784285214
0.999495781429
0.801128563958
0.800892707125
0.801379809587
0.998858716732
0.801083653802
0.601909780835
0.800880301872
0.800462291957
0.999937816707
