0.799751737913
0.997843370334
0.997729524659
0.998923255452
0.998517336734
0.999166021541
0.800157499604
0.997528214099
0.799448515845
0.99865222423
0.599584031456
0.799629255669
0.99768916833
0.800286891102
0.998283207213
0.799739646717
0.998597578306
0.401131390472
0.999117970815
0.999378638154
0.80013457344
0.99856428826
0.997917644823
0.996204306664
0.998449500414
0.998153501657
0.799519806792
0.999553253866
0.999344562966
0.799714522154
0.600820631035
0.999595180481
0.601473398584
0.998569470201
0.798902213631
0.600211831471
0.799547914897
0.997492254568
0.999596436709
0.999470813895
0.999910022659
0.999544460269
0.799614023903
0.797408715397
0.798954504127
0.999316925947
0.999726456322
0.79979444967
0.997831593196
0.999197584273
0.800523847136
0.999142310235
0.997299580577
0.799674950968
0.998315869145
0.798457037783
0.797732979286
0.799654537261
0.998955603327
0.79885777456
0.998669340339
0.998699803871
0.600340908912
0.999223808036
0.799584031456
0.797060426144
0.995688153926
0.996302449488
0.997759517106
0.600241509861
0.998794178011
0.997966637721
0.997382177577
0.798669026282
0.995927465387
0.9980694914
0.600620262646
0.998593652593
0.999685157822
0.999928237967
0.999712951869
0.798627256696
0.999654851318
0.999120483271
0.799791937214
0.999737448318
0.798644686862
0.996950820238
0.800440936078
0.998398780202
0.999279710188
0.999717348668
0.799813764178
0.999005381367
0.99904322524
0.998588156595
0.600307461838
0.799819574233
0.600588228828
0.999899501749
