0.998842856851
0.799947081389
0.999537865072
0.800393199409
0.800513326225
0.998842385766
0.800303379097
0.600684644338
0.798303306864
0.998427830478
0.798531783357
0.799821615604
0.99839485449
0.600987238292
0.600048992898
0.799452127501
0.998473996863
0.998183651133
0.998782086815
0.999711224555
0.9996630168
0.999566444262
0.799029406731
0.798889180264
0.800337297257
0.799729282835
0.799256469968
0.999712166727
0.80025642757
0.800133631269
0.601278055108
0.999861971933
0.997679275533
0.998449343385
0.997140510688
0.798914618884
0.800170061885
0.799696149818
0.999845797995
0.79942040774
0.999805441666
0.799356968219
0.799238254659
0.7974412203
0.797269274073
0.800216385298
0.999678562624
0.996895703229
0.600879516729
0.99840961517
0.800760018027
0.999900286891
0.79937801004
0.999761787738
0.998890593521
0.997611439213
0.40025532837
0.999848624509
0.80039948055
0.600536566446
0.799209989526
0.800374513015
0.99741892225
0.999389944208
0.998471798463
0.798508229079
0.400678834283
0.999016373364
0.798544502667
0.999367803187
0.800722331183
0.999404390831
0.798891535692
0.799328389029
0.800238840376
0.799282379673
0.600109448877
0.800069092548
0.999270916591
0.999331843656
0.999766027508
0.599642289036
0.800502805314
0.999657049717
0.799972362981
0.99934095131
0.798679076107
0.798800459151
0.998895304376
0.799188005534
0.800228633522
0.999193972617
0.998460335382
0.801008123085
0.799847682338
0.999180311136
0.997651324457
0.999708712099
0.79818930416
0.999848624509
