0.899149533547
0.999652966975
0.999623759671
0.999399994033
0.999816119605
0.998908180715
0.80005825758
0.998320580001
0.601767827055
0.800035488445
0.998043581695
0.998533039585
0.800719033584
0.798921214082
0.601994419206
0.602178927715
0.999238254659
0.600704743989
0.999888823809
0.999784085788
0.999535509644
0.800573154091
0.998889023236
0.999220039351
0.999587486083
0.800154044976
0.700135515611
0.999972834066
0.80107328992
0.800135515611
0.998067135973
0.999809053322
0.998364233929
0.998814434689
0.799173872967
0.997519263473
0.99805897049
0.800930079912
0.999934205051
0.800582418773
0.999090176767
0.999468615495
0.601401950608
0.798864369758
0.998069648429
0.801064496323
0.999869823359
0.998129005209
0.999023439647
0.799990107203
0.800355826622
0.999536922901
0.999263850308
0.999212187925
0.999435325449
0.997744599397
0.998375382953
0.999109491275
0.999760845567
0.800134730468
0.800005181941
0.999934205051
0.800319081948
0.998702002271
0.998803442693
0.998347274849
0.799114359159
0.601590698887
0.998393441233
0.998724457349
0.99940140729
0.999402663518
0.999178740851
0.998678447993
0.800479722122
0.799186121191
0.998005580794
0.999714051069
0.998707027183
0.999797433212
0.999928552024
0.601094645799
0.998917916483
0.99988348484
0.800008793597
0.800815920179
0.998898916032
0.800521805765
0.998921999224
0.800343735426
0.800991321034
0.999797433212
0.800924426885
0.999769639164
0.998991562858
0.800602047338
0.998291058639
0.99899768697
0.799191146104
0.999850194794
