0.800869780961
0.602444776996
0.602924499118
0.999373299185
0.800528557991
0.800915319231
0.999405804088
0.800853764052
0.602111248424
0.799870451473
0.601299253958
0.999395911291
0.602247706206
0.601923128259
0.403872794338
0.602504604861
0.800520078451
0.203752510493
0.999291801384
0.801004982515
0.801080199175
0.800113531618
0.601667328804
0.402772181456
0.800618692361
0.601948880936
0.800923170657
0.999764928309
0.801426918143
0.998542147239
0.998585958196
0.999820516404
0.999152517089
0.800130961784
0.602175002002
0.600870566104
0.602269376141
0.601990493494
0.999820516404
0.999117970815
0.999632553268
0.99926683385
0.800719818726
0.40186801125
0.60118776371
0.801434298483
0.999464061668
0.601571698436
0.601993162978
0.99869572113
0.800087307856
0.99968421565
0.601195458107
0.800797390814
0.800224707809
0.402208449076
0.602111405452
0.800879673758
0.801073918034
0.403028923083
0.799861657876
0.800050406154
0.602076388093
0.99905704375
0.801012676912
0.402807198815
0.401789339962
0.402422950032
0.601066066608
0.602090834716
0.800977659553
0.800048364784
0.601627914646
0.799839202798
0.799799631611
0.800443448535
0.998887295922
0.602389502958
0.998779260301
0.999916146771
0.99996294127
0.403655937955
0.801387189928
0.80112730773
0.999639462523
0.800702388561
0.601972278185
0.402749098264
0.999545716498
0.80061351042
0.801374156561
0.999869352273
0.60223985478
0.999453540758
0.800949551448
0.800523690107
0.601607029853
0.800346718968
0.800317668692
0.99988662541
