0.800262237625
0.800068307405
0.999419936655
0.801214144501
0.800833664402
0.800101283394
0.801325163663
0.601268005282
0.998894205177
0.799884584039
0.401778662023
0.998671538738
0.602120984192
0.600136771839
0.600585245286
0.998834377311
0.800071447976
0.798710481811
0.999695678732
0.999724100894
0.99911216076
0.801327676119
0.800145094351
0.799894947921
0.601763744314
0.403554340504
0.998730895518
0.999855062678
0.999336083426
0.800060770036
0.799424333453
0.999920072484
0.601594153514
0.601768769226
0.601031520334
0.799466574125
0.998786954699
0.600920187115
0.999812193893
0.601727313697
0.999484475376
0.799555138209
0.799872335815
0.402171547375
0.40141027312
0.999331215542
0.999648570177
0.601626501389
0.800208533872
0.800273857735
0.799917560028
0.999493268973
0.601188077767
0.999444433103
0.999149690575
0.601356726395
0.798589412823
0.99918313765
0.999338909939
0.800091233569
0.800658734633
0.800370901359
0.998631025381
0.999540063471
0.800009264683
0.600122796301
0.401693238509
0.601841630459
0.799919915456
0.998385118721
0.799960585842
0.999384762267
0.600490871147
0.601475439955
0.601164680518
0.800523533079
0.799059870263
0.799876889642
0.999364034502
0.801301295328
0.999682959422
0.79896062824
0.99902626616
0.999232444604
0.800092960883
0.800348132224
0.799995446173
0.402770768199
0.800442349335
0.998581718426
0.99928269373
0.801276013737
0.800740546491
0.800464019271
0.999092846252
0.800948609277
0.800135358582
0.999377695983
0.799754721455
0.999905311804
