0.37
3.1
3.0
0.46
7.3
1.7
24.2
1.21
235.1
0.28
19.6
5.3
0.37
420.3
0.28
0.55
0.46
8.2
13.2
25.5
13.4
9731.9
2.4
18.7
0.82
64.7
26.4
12.2
771.6
38.0
159.8
1.6
1.5
0.91
0.37
2.2
0.46
1.1
0.19
3.9
0.46
1.0
29.4
0.37
0.37
6.41
3.8
0.37
0.64
0.46
157.9
2.2
6.7
2.8
4.1
0.55
0.19
0.55
13.7
0.28
5698.0
0.28
1013.2
0.37
1.5
0.64
0.37
0.28
0.37
1.5
6.3
0.28
0.56
0.73
4.2
1.7
0.37
0.46
0.64
2659.3
0.73
0.91
16.0
2.2
1.7
17.8
2.5
1.5
13.0
8.9
0.28
1.0
418.1
0.73
3.2
21.4
0.19
0.73
30.9
3.5
0.73
0.37
1.8
0.46
59.4
3.2
1.9
6.1
0.28
0.46
2.9
0.74
0.37
0.73
416.1
123.2
0.73
1.7
1.7
0.28
1.5
17.6
1.6
10.8
0.28
1.2
1.4
0.37
0.28
27.9
0.46
45.1
8483.3
10.6
0.82
0.46
0.46
0.37
0.82
1.01
5.5
0.37
37.4
62.1
0.37
35.2
5.5
12.7
0.64
0.73
0.19
0.73
0.37
0.37
37.0
0.46
0.28
3.2
1.0
0.55
4.9
4.3
2.5
0.46
2.3
0.64
31.9
0.28
2246.5
1.5
98.2
0.28
2.2
3.2
0.19
4.0
0.92
0.28
0.19
0.28
0.19
