0.976752596465
0.975885123238
0.982735028679
0.926949227511
0.951877138912
0.973036312239
0.999708668495
0.962269522046
0.979585529543
0.98191703219
0.949188950101
0.871004221826
0.932772738743
0.974961651984
0.951915416044
0.999694350012
0.999329016051
0.96196528973
0.861420336782
0.976755715343
0.972312874443
0.904848862035
0.976451199492
0.984133136371
0.901606788946
0.97503565444
0.971917344077
0.979543141163
0.949282516424
0.98379076869
0.97241466326
0.992981249876
0.968027962154
0.941541604407
0.952165776841
0.972490225155
0.943486366253
0.999629845956
0.996954274422
0.976252158405
0.991131330258
0.910921883462
0.934910445688
0.968705467392
0.981017944887
0.964613358436
0.999949105591
0.999421306469
0.971399893958
0.975481937447
0.983900638236
0.937483094267
0.997174013513
0.940304685972
0.968097853362
0.999421731771
0.909709632511
0.996093038949
0.966172797151
0.997205627589
0.999806771366
0.978942190189
0.95779705181
0.993623313325
0.984698220255
0.979874876308
0.915153065998
0.984121086163
0.972724424496
0.918533362065
0.963092905688
0.95259901727
0.969332078221
0.961362354015
0.988112398672
0.991804440714
0.997678704588
0.975106396251
0.985173565529
0.990789813179
0.996991700951
0.999075394609
0.978574162652
0.967157086515
0.986868533646
0.983823800437
0.979543424698
0.981833389568
0.967121361192
0.942101301139
0.984340967022
0.948272000136
0.992615774148
0.924518346088
0.942117604362
0.9601119677
0.988841081854
0.958702660402
0.9649411241
0.970142844586
