0.976656478334
0.976428658514
0.982477579524
0.923555038263
0.949472767947
0.973960350562
0.999683433941
0.961986271269
0.979492530289
0.979982194045
0.948453462096
0.871472904043
0.930391050523
0.974052073912
0.949416061085
0.999716749222
0.999311436924
0.96041350644
0.82731115906
0.972715634933
0.971668117417
0.903834376267
0.974520047294
0.980836766461
0.890852332495
0.974956831901
0.966860509625
0.979474809394
0.94690252941
0.984634283268
0.970418581705
0.993605592431
0.965750898095
0.939111148286
0.949958462223
0.970479683349
0.945408728887
0.999540532648
0.99702714274
0.978710117355
0.990414271983
0.908322724424
0.931354925416
0.969500497603
0.981970620175
0.963277911827
0.999980294365
0.999463269548
0.970651363375
0.97356864791
0.982685693709
0.934125764479
0.997005310598
0.932555409693
0.969071793723
0.99938487231
0.911203291266
0.996729006411
0.963861992509
0.997028702178
0.99981556093
0.978744566774
0.956538443
0.993635788835
0.983430821881
0.978674392032
0.917347621572
0.982794429118
0.970677590299
0.882842346417
0.961766248643
0.952763183637
0.967064370795
0.9577940747
0.988193489485
0.992087407958
0.997650634692
0.974439523549
0.985668332903
0.990539452382
0.996659115203
0.999094958476
0.977691520339
0.964543467228
0.986071802229
0.983279131024
0.979466586899
0.981117181896
0.965026609695
0.932767635125
0.983004386276
0.94610494739
0.993872681753
0.903802762191
0.93916175916
0.964812399523
0.988524374027
0.956846928331
0.969678982452
0.969465481115
