0.972062938947
0.959528595853
0.984744011046
0.921476164688
0.951530518216
0.985142802056
0.999487937033
0.956651006122
0.974812654703
0.977926144982
0.960606168005
0.895451400801
0.906197634757
0.975981099603
0.951850911988
0.999573564395
0.999216452929
0.952873762018
0.829189573876
0.969417422049
0.980024865959
0.89304532863
0.9675874916
0.972040397969
0.852359005475
0.967434666606
0.958879869347
0.974822153103
0.938144863351
0.982525496823
0.957744030894
0.989620942978
0.961748244214
0.930581018512
0.940791797919
0.957674281453
0.943165688946
0.999883467398
0.997449608864
0.987676039366
0.993687959148
0.897777658063
0.922718186741
0.962504004922
0.983609164963
0.948262218202
0.999973773076
0.999474752687
0.979660524368
0.972251914565
0.982505507654
0.906770657601
0.997389216056
0.860879353315
0.978328621938
0.999307750977
0.924243459572
0.994363196112
0.961998746778
0.997343567032
0.999876804341
0.974100983581
0.945070897755
0.991299040803
0.982892248455
0.976821778838
0.939570757405
0.982416194346
0.95844606185
0.866759854944
0.956533622916
0.935688463839
0.963154716168
0.956960058521
0.990178229668
0.988312999198
0.997635890907
0.975643977306
0.98458480653
0.988313424499
0.997184787817
0.999026626707
0.982290305111
0.962353731737
0.981160279111
0.992013405502
0.97480882699
0.982743818243
0.963883115815
0.865887278099
0.982680448324
0.936580604552
0.990571775293
0.853541201789
0.939122347891
0.953605564077
0.987931645548
0.962152422375
0.960757008259
0.957801871894
