0.62380142958
0.702588384733
0.851956812054
0.46436441531
0.763520191896
0.810529046673
0.809421703417
0.689480451727
0.819274662523
0.817979477787
0.765186239513
0.528561120074
0.692494704997
0.5432103456
0.793546759061
0.874591781474
0.946193410096
0.673476073957
0.782113805002
0.598653920854
0.733036992722
0.65073222736
0.680856472096
0.640981907676
0.824786286012
0.5743577239
0.55291955281
0.752802736673
0.640990413705
0.692282763099
0.802291099007
0.725408785594
0.627098224792
0.467292332382
0.825715286185
0.871351551358
0.873645343941
0.980881281348
0.698549154926
0.640459637473
0.854432917199
0.756135115441
0.689223711407
0.571609000513
0.883962165181
0.738340218492
0.999965692348
0.525772276582
0.730703930636
0.661935802161
0.943558809269
0.665568301998
0.711824231409
0.726680295216
0.728533759013
0.910467661494
0.61303747473
0.906695662776
0.816388566762
0.780643537828
0.919619582014
0.663612907616
0.888486238662
0.671837529169
0.889336416296
0.894550470525
0.814359453459
0.68005024228
0.856089041115
0.798820780797
0.427350145028
0.297873492661
0.884497052661
0.648145969134
0.778167574449
0.649678330323
0.892540779322
0.636841597886
0.654761675234
0.667118100547
0.9584700205
0.940465449926
0.872366604195
0.703478540706
0.729624940812
0.675508022603
0.752783739874
0.879635431582
0.711992650791
0.597732434341
0.865706241441
0.724916428262
0.716237301207
0.660199154501
0.618676972194
0.785263445906
0.81850968695
0.769253822751
0.757969298905
0.649519551108
