0.976424263732
0.977174920823
0.983732785923
0.926280653603
0.946307532656
0.970923131013
0.999459441834
0.962335585541
0.979509542347
0.983073001579
0.950531201533
0.86707358566
0.933623625213
0.974694846197
0.946230836625
0.999766367727
0.999176474591
0.962646906215
0.810608719814
0.971290591481
0.973572050322
0.89821047319
0.975549843914
0.975264750164
0.87418873745
0.972950826644
0.963117006104
0.979502879291
0.942614923545
0.984684185307
0.965954050429
0.993093529463
0.961485974975
0.935156128169
0.945385620841
0.965782653938
0.944154089557
0.999488787636
0.996810238991
0.977478727838
0.990742888251
0.900801126198
0.926757700083
0.969835351625
0.981258098449
0.963807270387
0.999988800395
0.999414501646
0.972845068346
0.97573598419
0.984343802365
0.930126796544
0.997590241883
0.919030539481
0.965985522738
0.999236300331
0.904597508868
0.996278753923
0.967543685549
0.997575639866
0.999890981057
0.978660640617
0.950321953211
0.993019101707
0.984915691072
0.980060874817
0.908793391382
0.984402352201
0.966217312038
0.868473961626
0.962766274161
0.950864070816
0.962699643597
0.954242807443
0.989109021778
0.99180415718
0.997472008075
0.97480386514
0.984480324136
0.990807108772
0.997136019915
0.999126997854
0.978317280566
0.967256890593
0.980010972778
0.983205979172
0.979483598958
0.981602876172
0.967062669589
0.908714285309
0.984689147157
0.931741382683
0.992674182216
0.868448018237
0.93608371067
0.966982571146
0.988401320136
0.960266635667
0.972239580823
0.968802861428
