0.968868216087
0.967464721243
0.983153383557
0.910552438253
0.929975672756
0.968795489536
0.996188590012
0.953044024373
0.976823480043
0.982815127123
0.948064027718
0.792201814053
0.911910567607
0.968327799689
0.927292587562
0.999033998599
0.993871122314
0.959693896357
0.768342259939
0.966230354616
0.971841498649
0.783671400745
0.967208547992
0.967048634641
0.64351542852
0.940271795991
0.951587508612
0.976823480043
0.901700213501
0.98586836636
0.9400909011
0.997027993343
0.910071847595
0.899434207281
0.914252844558
0.937359189772
0.928308774536
0.996407194967
0.964361863501
0.981283758304
0.987728918515
0.860337377478
0.809526185811
0.972080659841
0.979835039737
0.953190044543
0.999982420873
0.995597137438
0.970997984071
0.961581809573
0.967709836656
0.896779475518
0.999033147996
0.813398980978
0.961050891574
0.990285972707
0.862843679028
0.992372643475
0.966828470247
0.999016986541
0.999904732471
0.966594412673
0.913102971156
0.988538834277
0.982610982418
0.972538142453
0.864687077357
0.973511090445
0.943091261189
0.811780425358
0.944732924855
0.927266644173
0.921508345832
0.895555032592
0.991271821509
0.989490517195
0.99625848122
0.957653725216
0.98536495119
0.98031095208
0.996859573961
0.994012747703
0.975095338412
0.950771496863
0.976014698419
0.942008727186
0.976798103723
0.976416041237
0.954377344474
0.802063988024
0.978409570984
0.838960449799
0.99704656484
0.820831265896
0.90221071703
0.963941240349
0.96652026845
0.95325851808
0.981071391104
0.938446827393
