0.988320938158
0.966420464372
0.993437881885
0.974189162752
0.972550192662
0.971551301281
0.999742550845
0.983174790397
0.996583411542
0.989042816516
0.979439792907
0.749110269329
0.96323736642
0.987361883348
0.972984000159
0.99964955159
0.999383454639
0.992526035538
0.879437524632
0.974339577704
0.985927341497
0.760430093198
0.995815317091
0.995094714637
0.661909291703
0.982136771281
0.992910933367
0.996566683017
0.967455364611
0.985994680896
0.916339231792
0.993615657899
0.969662820996
0.962019019482
0.913474684639
0.916626735584
0.919430181093
0.999852562158
0.996308666793
0.972104902025
0.996873041841
0.780927639208
0.895456646186
0.986204070986
0.992486624269
0.995308215974
0.99994017426
0.999227369
0.98518646634
0.995192533975
0.99707250823
0.91228228109
0.998218270384
0.905713216385
0.978651709287
0.999539114976
0.754593822921
0.99680031529
0.988460862341
0.998108684372
0.999915790309
0.996016484685
0.965087853107
0.992982809315
0.998474868936
0.996209004483
0.873134131577
0.997553949491
0.916832156193
0.914579192551
0.994481571687
0.921247494266
0.970613936846
0.930570244208
0.986633483701
0.996696825266
0.99731422123
0.981234423334
0.984899813151
0.990938101624
0.998095500027
0.999512462751
0.986762208279
0.992511575288
0.988365311278
0.982032997723
0.996544142039
0.992145390724
0.990958090793
0.965299795005
0.997556926601
0.9698859625
0.995518031365
0.910371401595
0.957486298204
0.987494577406
0.98537189778
0.985399967677
0.989558707197
0.972533889439
