0.696830090715
0.76098903512
0.858370541705
0.482100211295
0.64225846277
0.847079691793
0.567770230375
0.770949655243
0.716901140406
0.796728591157
0.71840972639
0.621456909046
0.828144168411
0.916432680906
0.714406105589
0.720322846672
0.786758699439
0.717155377281
0.908467893445
0.717668974806
0.594692744246
0.670145466434
0.675086982194
0.782975888975
0.920953315083
0.707380921011
0.573100665115
0.873655008857
0.741122448482
0.781418261137
0.719453756704
0.71076920074
0.952371332231
0.99365676558
0.893675796747
0.835081760822
0.807644673469
0.69051759895
0.752640696443
0.998768829876
0.821849243877
0.685725648646
0.762168479507
0.699634260005
0.701985097132
0.811126401109
0.896708096054
0.520206219776
0.761890819658
0.827471977826
0.659402616542
0.752132710673
0.902273492512
0.640331435096
0.867352764643
0.908012609368
0.642245287346
0.893054599931
0.913187134931
0.665250064657
0.736486651344
0.645778740722
0.710685756391
0.917557959664
0.722766643732
0.801472963543
0.99650021715
0.667658239275
0.682525484685
0.801143089978
0.900115650939
0.914241656785
0.743131456567
0.708433246961
0.798661962553
0.849200202999
0.840865283735
0.989861267671
0.761158119721
0.788635465312
0.729336300244
0.775969003596
0.760818974562
0.829091334963
0.735416514173
0.955682267344
0.530537947659
0.79748447008
0.635544120589
0.676025121141
0.876087094429
0.679970428494
0.868061309637
0.80164351208
0.67611539719
0.459838869451
0.809221332474
0.707036652076
0.609866928223
0.762760397605
