0.780268583447
0.846587321339
0.770552440625
0.757981134746
0.694153527842
0.912078447447
0.511578025346
0.9320909397
0.808623070654
0.904664587878
0.855382404466
0.91084483743
0.813682921235
0.16520956243
0.642449994388
0.93717665315
0.96764213598
0.76305050091
0.943774124444
0.764493209777
0.792331415577
0.516173564245
0.542512455655
0.927829422184
0.920636128963
0.654203692046
0.501234097996
0.899414913603
0.897349299995
0.756549405398
0.499248024906
0.781887208616
0.937758811674
0.804506970775
0.819361040761
0.953974342083
0.828523815798
0.650438936792
0.822222791531
0.841911997931
0.929150868358
0.878567489887
0.485842763521
0.619749227774
0.757434598662
0.676110029425
0.937197636231
0.643912222401
0.711441635314
0.888032323706
0.791745841202
0.921957575137
0.819361040761
0.647622812026
0.804089749033
0.823210948289
0.716351188472
0.81015629956
0.959127396585
0.947618908197
0.679678129285
0.579300921792
0.743028981052
0.666442196489
0.666817452068
0.706694091067
0.984416889917
0.736744792048
0.681304074134
0.717845867065
0.945118017636
0.957922577308
0.815816851855
0.588362685249
0.960014541764
0.941478428904
0.944675421004
0.834166800861
0.782796556823
0.759453854299
0.953837464073
0.771161925954
0.875696467523
0.844170363105
0.627647894128
0.767473783347
0.658834609397
0.951032806804
0.648006363242
0.875890927013
0.959014185539
0.531569778506
0.577473441762
0.729101094536
0.737185436765
0.409244267471
0.658067506966
0.837820784962
0.625801382931
0.661823966583
