0.72855553441
0.631767409858
0.95210831174
0.71373879479
0.701471255618
0.895132413006
0.80507473393
0.851815768542
0.881845242452
0.896088363173
0.839518218683
0.788470040551
0.978131236977
0.84001668887
0.926811742718
0.873283169129
0.977262634987
0.914760866065
0.933494366287
0.92929774993
0.928056820234
0.771434218039
0.694667857335
0.842204785119
0.972593167323
0.774562893128
0.715433300639
0.956124375997
0.973978538699
0.920916716684
0.890875775276
0.814893596256
0.97601096976
0.895340779887
0.87831032514
0.902210543267
0.802552128319
0.571672839597
0.683613189087
0.95523674284
0.959175706471
0.806754600419
0.694914286551
0.696701996321
0.702477467586
0.916877229452
0.973041619699
0.903908220976
0.874784191444
0.915542607855
0.825005001781
0.924852264465
0.918518301639
0.921163145901
0.805605410707
0.91897944146
0.654397907548
0.921163145901
0.961582417153
0.929937733925
0.789554329103
0.879042293109
0.839810761881
0.721838508347
0.62556764116
0.847107994554
0.997857773744
0.927116485383
0.740790623002
0.478899315366
0.903521009921
0.996542671293
0.923029664222
0.617910280246
0.92314189931
0.897960249259
0.925289005353
0.892958956116
0.721241954452
0.853446837166
0.959527051096
0.960381013727
0.879646654662
0.90705690319
0.788250938139
0.858229515876
0.628901999249
0.855013736599
0.704291284213
0.915570910617
0.968384839479
0.727520531702
0.911081019095
0.820525845789
0.750638520058
0.621518394355
0.706690675216
0.738850419906
0.727532243189
0.685587550689
