0.884391515027
0.863442591752
0.963978392306
0.678489169314
0.781569534517
0.934899744787
0.880313721472
0.917685810069
0.973293172691
0.939070010296
0.951935811289
0.851258740917
0.98090539558
0.783768366296
0.869765819048
0.934605493664
0.970239646313
0.944267470855
0.981217701913
0.939715850034
0.751654979578
0.779094506824
0.87135443353
0.86456055083
0.961831286263
0.73422853016
0.792029356795
0.927423423951
0.901249225334
0.861685380648
0.613745870481
0.908370297716
0.973575468338
0.888254841968
0.980313965461
0.797861189594
0.780658478385
0.792140127948
0.81028610188
0.997298550215
0.986040882851
0.665395482294
0.879537103456
0.723123112133
0.797539611667
0.975965587746
0.958800450892
0.723794814739
0.92002810757
0.945420320407
0.915665578474
0.966669594539
0.989991069991
0.87734071157
0.944867196611
0.991103661304
0.730621148019
0.990864063789
0.943947844842
0.918587594607
0.834415181992
0.955999941443
0.712558618435
0.927465878093
0.899771138015
0.879617619933
0.988378300566
0.718152317655
0.642437062954
0.763941549918
0.971914389026
0.9357312604
0.919753863571
0.86986585467
0.985131290655
0.849059665149
0.985587550689
0.997074080038
0.852792701791
0.876704387416
0.952596290386
0.912960712839
0.945931234049
0.954545765077
0.95975981691
0.912566426093
0.769995169011
0.919238558121
0.729253099884
0.918561487749
0.970425078199
0.62611905703
0.76959917434
0.953359488989
0.795510108478
0.64403519302
0.876478453303
0.920787402343
0.721119227823
0.893136092365
