0.678737794434
0.842192097674
0.906943448155
0.568837439674
0.641079018382
0.906317371552
0.432430816827
0.796439707798
0.867417177824
0.714482230258
0.74450731236
0.796639291065
0.897178507469
0.574943760461
0.553306299316
0.698467259073
0.786320982594
0.891765848326
0.941753160882
0.62274566065
0.624548253768
0.476489188833
0.575543730206
0.870795453991
0.905049115051
0.727602756103
0.63760168255
0.991033636368
0.821336866299
0.782428376934
0.872606830725
0.73616019363
0.866376807351
0.98633318206
0.891765848326
0.808257574649
0.801920195972
0.807819369824
0.835892293353
0.996879864537
0.824784435433
0.767198563391
0.817478419144
0.629135009052
0.680494029581
0.819344937466
0.903333382131
0.553164785509
0.74826645586
0.894924046124
0.684100191776
0.906348114207
0.905119871954
0.814300702201
0.834282939779
0.908604527466
0.62607221108
0.890121360289
0.903990201389
0.758043840002
0.72338003289
0.785562663778
0.842745465458
0.988233370908
0.765774153723
0.856943692144
0.992414859926
0.742506843901
0.694509508264
0.947744318709
0.824934244877
0.991173930229
0.668667379115
0.685920840104
0.87803998497
0.971167537709
0.857678100006
0.991890282881
0.73439785875
0.684807760812
0.79251050374
0.617662875073
0.715777569574
0.904345449843
0.80544584169
0.951134794341
0.770624905454
0.94666978973
0.761651222143
0.728089514803
0.94666978973
0.572756640169
0.546657102285
0.866055717402
0.63253792814
0.452666559311
0.856645537191
0.706144627111
0.740211392349
0.736075285346
