0.783549263884
0.699753082805
0.965159300629
0.638972170578
0.812771865103
0.88839830769
0.509999902404
0.872376504804
0.857781063501
0.826237635841
0.796417016791
0.858467649456
0.980134877298
0.88796595861
0.687211055644
0.79653632757
0.748228393525
0.848901316078
0.920076661445
0.751079896744
0.809919141938
0.628047548639
0.68164785509
0.830625051848
0.980495493517
0.666775729894
0.567064857242
0.983245009198
0.968216974825
0.913581421677
0.830795356395
0.778397185339
0.931591737546
0.991741937373
0.8895840958
0.812981207942
0.772071030172
0.63334162897
0.682404465981
0.997953905537
0.982299062593
0.868956262474
0.884271960259
0.756230511353
0.678497220962
0.806717514042
0.885818364588
0.704773895094
0.779686424922
0.974123468357
0.716637631937
0.972108604527
0.988880918571
0.858439834673
0.979080355444
0.981782293207
0.675890927013
0.980335436521
0.982261976216
0.771725053312
0.741528446715
0.698846418481
0.903111839826
0.890369253441
0.756703118672
0.832826079531
0.994062275835
0.717833667599
0.687434305875
0.738993641638
0.889943736062
0.986625481269
0.877323632318
0.694426795883
0.852010228032
0.901265328629
0.805129143549
0.991640437814
0.692791335451
0.732381286995
0.872093965168
0.736707705671
0.70726966188
0.897810927794
0.697027234088
0.939117344225
0.624820789842
0.925020617098
0.725227032065
0.721133135214
0.931199890693
0.674258638442
0.835600482123
0.827954344718
0.603769147062
0.70103451473
0.838864083308
0.966426093194
0.761143236372
0.876689260078
