0.596905727405
0.767610417368
0.769470103988
0.585221810694
0.472468732768
0.708290757196
0.364165532116
0.74965768298
0.675295105086
0.71301439049
0.744724462858
0.668922591947
0.688114304118
0.411182518653
0.538197992456
0.752712917283
0.770951607158
0.628643370566
0.848293294685
0.649935586819
0.654359357235
0.483265260312
0.568507566109
0.73971365413
0.829693012634
0.573455181601
0.555204048271
0.883390182846
0.641538206288
0.70387455045
0.766713512617
0.623107252827
0.812162867753
0.920733724692
0.796538279485
0.798982076544
0.808749457124
0.650697077496
0.644297237553
0.909042244311
0.740920425322
0.673638905561
0.662512504453
0.717972497524
0.663261551674
0.794890375597
0.661179346792
0.519301995345
0.636887281813
0.755860867528
0.59148330869
0.675330239549
0.827003274337
0.664328272995
0.815136609622
0.830791940545
0.546503389012
0.740711570462
0.899948762242
0.597025770152
0.570363592889
0.561812255096
0.642115485026
0.603444641262
0.764143817067
0.758382497182
0.923598647323
0.643986395155
0.642375577645
0.742181118154
0.763816871374
0.884697477638
0.684485206927
0.508969535493
0.796866689114
0.844869880494
0.804580167572
0.905905029596
0.761859833014
0.745334192176
0.662233380667
0.59714922875
0.615136365633
0.842594680057
0.632018230882
0.885729552475
0.49337203004
0.814053297028
0.550504325931
0.648931082776
0.885729552475
0.45603702782
0.487155426079
0.744522195709
0.600190799651
0.475881655419
0.671453737184
0.677580797064
0.577736462252
0.487804925656
