0.848449935831
0.763558242691
0.840281661275
0.56523469333
0.855413879089
0.909183758119
0.95139122712
0.884563039521
0.937755639813
0.946335036379
0.782768254061
0.851691089998
0.946761041737
0.912503476848
0.949301702557
0.930309329664
0.965541875888
0.866407550006
0.980116822088
0.978340579816
0.789583119843
0.70225250943
0.709251099172
0.964396590005
0.978552362549
0.800462847746
0.687339882007
0.906708486437
0.970734944639
0.895860477146
0.659596344064
0.822429938466
0.975388309008
0.903743284194
0.957325291445
0.952141494288
0.772402855651
0.858942940657
0.857876219337
0.979173559365
0.984621840948
0.85173012829
0.840915545536
0.879211865689
0.787658044084
0.926211772973
0.972626349871
0.75515378647
0.908110693076
0.931419481084
0.772864971429
0.961715879313
0.953991421335
0.900440644717
0.907517799021
0.955157690299
0.731487798094
0.939471616722
0.983523888995
0.913667305919
0.915636299756
0.767972009545
0.783519985165
0.869936123595
0.753669355429
0.720276000722
0.998267675807
0.644612959737
0.785220834736
0.821984901941
0.932191707291
0.969154869783
0.952483567319
0.843926861761
0.958842905034
0.822916941155
0.975933869134
0.952787090037
0.678521375905
0.877324608275
0.959182538172
0.983772758104
0.820220127167
0.942158671137
0.737460168743
0.906506219288
0.819434481547
0.88480141709
0.734695037745
0.882785821292
0.980072172042
0.782025306573
0.978135140806
0.733976489189
0.644054712166
0.569342741562
0.803764267276
0.883885481171
0.864292650554
0.833438736721
