0.768400942775
0.605936748208
0.885119091189
0.70891658981
0.916181371903
0.97959712483
0.916826235684
0.934443484753
0.949906552089
0.768689338155
0.781298462379
0.906778511372
0.978129285062
0.943389109293
0.884842407296
0.954428650202
0.969576483333
0.914159188394
0.97113459915
0.962152864191
0.891772192049
0.715863697805
0.853536625237
0.916520517062
0.986534717241
0.771107516335
0.535152029747
0.964447827763
0.934901696702
0.9329775969
0.857270637837
0.910400288883
0.965851254349
0.937092720823
0.982987112484
0.993814870661
0.816573218756
0.596336744304
0.731148652935
0.992172334539
0.974265958122
0.921486187764
0.955715449892
0.884709433115
0.843617483299
0.922559252807
0.946372610735
0.900427957273
0.977431475599
0.960811898871
0.791622870583
0.960675752829
0.979276034881
0.961266206991
0.963656814378
0.990332655043
0.837290352174
0.985207903302
0.977710599384
0.929753034007
0.705645912935
0.790326311321
0.771050666823
0.781733007364
0.850290591284
0.762780404729
0.998067604562
0.763080511597
0.906549649387
0.452114655463
0.948324525319
0.965682413738
0.918789129788
0.880069976138
0.975029644703
0.767313238373
0.967788041595
0.979090602995
0.645261239368
0.749670370425
0.962942901619
0.972540953608
0.802946659054
0.971006260766
0.783908416168
0.940311915951
0.719379583949
0.844559282086
0.70015127338
0.861203501735
0.969315414757
0.794459002474
0.947963909099
0.802981061549
0.728520887926
0.803588106984
0.836839947884
0.95788207508
0.707221108004
0.9412888492
