0.548562781866
0.776337526703
0.583129598861
0.979252314265
0.963006171374
0.724077854261
0.93504747211
0.7313363399
0.972729646333
0.769005459293
0.730220745312
0.79518514123
0.809127699976
0.961332779492
0.749807737954
0.721201044386
0.962923095182
0.449001898884
0.82968549727
0.607734393544
0.695943508189
0.815149537147
0.937269166864
0.601425350107
0.924172798481
0.536483503442
0.765629005459
0.974172798481
0.555485402326
0.576512580109
0.789246380252
0.59114645146
0.566981960598
0.917555186328
0.622672679801
0.62833610254
0.921644908616
0.749890814147
0.810669356753
0.341419416093
0.760221932115
0.632866128649
0.881449086162
0.841770709708
0.785861618799
0.978391882269
0.971945169713
0.726377877997
0.655219558509
0.383673154522
0.866294801804
0.835687158794
0.901682886304
0.68873724187
0.416813434607
0.511564206029
0.488802516022
0.387450747686
0.828641110847
0.871913126038
0.873372893425
0.657519582245
0.90774982198
0.839681936862
0.7232328507
0.540102065037
0.845098504629
0.683848207928
0.911025397579
0.777891051507
0.975342985996
0.825515665796
0.692264419653
0.627988369333
0.611373130786
0.263928317114
0.882072157607
0.923988844054
0.687335627819
0.64725433183
0.573085687159
0.425027296463
0.974206028958
0.615817707097
0.775611203418
0.801341087111
0.538343223356
0.657957512461
0.649944220271
0.803129598861
0.606082364111
0.935916211726
0.556914906243
0.74408616188
0.443298718253
0.749214336577
0.773447661999
0.814347258486
0.799471872775
0.666034892001
