0.707601471635
0.624136007596
0.865090197009
0.950792784239
0.874696771897
0.691959411346
0.982737953952
0.683384761453
0.982536197484
0.82804296226
0.689621409922
0.659534773321
0.721782577736
0.954711606931
0.836824115832
0.620388677902
0.924704486114
0.724365653928
0.874859957275
0.607511274626
0.65565511512
0.808785900783
0.956946356516
0.719079041063
0.829356752908
0.447584856397
0.804937099454
0.899938286257
0.78253026347
0.617614526466
0.896938048896
0.573546166627
0.600662235936
0.865268217422
0.873359245193
0.636879895561
0.895415974365
0.856802753382
0.8324139568
0.378839306907
0.866707809162
0.885427842393
0.83585331118
0.799277237123
0.730814146689
0.959203655352
0.896406954664
0.671440778543
0.86922857821
0.357434132447
0.839613102302
0.982975314503
0.850442084026
0.653282696416
0.584630904344
0.509551388559
0.503685022549
0.408020413007
0.965036790885
0.795911464515
0.923308806076
0.640780916212
0.983260147164
0.783522430572
0.638456563019
0.524327082839
0.761639568004
0.768232257299
0.874679563257
0.790090197009
0.955431996202
0.792502373606
0.913353904581
0.886549964396
0.744608355091
0.759464751958
0.826977213387
0.904183479706
0.890932826964
0.93410337052
0.696515547116
0.741115594588
0.982470923333
0.597789579872
0.700695466413
0.842035366722
0.429704486114
0.761908378827
0.603053643484
0.750233800142
0.731666271066
0.967917161168
0.753368739615
0.828606693568
0.541037859008
0.896621172561
0.888849988132
0.816526228341
0.929856396867
0.911838357465
