0.661844291479
0.768603133159
0.539166864467
0.992316045573
0.91216828863
0.597162354617
0.993708758604
0.598104676003
0.979046997389
0.92207749822
0.612155827202
0.742813909328
0.746901851412
0.992565867553
0.758750296701
0.984082601472
0.868778779967
0.451884642772
0.800143603133
0.701856159506
0.679544267743
0.855578566342
0.919639805364
0.671136363636
0.86483622122
0.719395323997
0.680149537147
0.987600284833
0.590316876335
0.59983206741
0.852133871351
0.59784061239
0.607546878709
0.924355566105
0.602339188227
0.718319487301
0.865215998101
0.669696178495
0.918311773083
0.396960598149
0.703020413007
0.538786494185
0.912807975315
0.924753145027
0.694550201756
0.994534179919
0.880950035604
0.738402563494
0.748788274389
0.391649655827
0.990086636601
0.993228696891
0.792239496796
0.604713387135
0.399022074531
0.495180394019
0.544153809637
0.413318300498
0.934726441965
0.841332779492
0.890913244719
0.53096546404
0.988173510563
0.811290054593
0.677173035841
0.594195347733
0.921498931878
0.820066460954
0.910904937099
0.789826726798
0.930430809399
0.869673035841
0.652855447425
0.721014716354
0.602637075718
0.212677427012
0.874032755756
0.988440541182
0.549454070733
0.687689888441
0.707739140755
0.412054355566
0.985078328982
0.642234749585
0.719058865417
0.822778305246
0.781006408735
0.5878447662
0.636260384524
0.859067766437
0.464271303109
0.941804533587
0.741238428673
0.913321860907
0.602088772846
0.871987894612
0.695602895799
0.917839425587
0.606593876098
0.802983622122
