0.603059577498
0.777568241158
0.588470211251
0.995214811298
0.990488369333
0.672192024685
0.996712556373
0.678429859957
0.993430453359
0.944363280323
0.679713387135
0.887855447425
0.885710894849
0.996139330643
0.727221694754
0.99267683361
0.990675290767
0.442154046997
0.835252788986
0.841529788749
0.730342985996
0.928968075006
0.986136957038
0.626227747448
0.93840078329
0.788337882744
0.886892950392
0.993717066224
0.576727984809
0.559675409447
0.797225255163
0.598410277712
0.590434369808
0.957412176596
0.625126394493
0.663022786613
0.953647638263
0.790980299074
0.827585449798
0.397442440066
0.787777118443
0.560270591028
0.896903631616
0.940695466413
0.778910515072
0.994928198433
0.986912532637
0.781026584382
0.763279136008
0.396517920722
0.995566104913
0.996999169238
0.981030738191
0.751050913838
0.412409209589
0.471888203181
0.590751246143
0.517070970805
0.944011986708
0.972791360076
0.946920246855
0.68636185616
0.994290291953
0.869476619986
0.696691193924
0.594252314265
0.930720389271
0.786884642772
0.897626987895
0.796031331593
0.836935675291
0.888307025872
0.752424638025
0.805951222407
0.610426062188
0.24143959174
0.929239852836
0.995214811298
0.697768810824
0.79292250178
0.821476382625
0.389661761215
0.993717066224
0.751830643247
0.791018276762
0.890951815808
0.828587704723
0.674139568004
0.715680037978
0.926039045811
0.554738903394
0.990551269879
0.711996795633
0.933315926893
0.578731901258
0.949890814147
0.830774982198
0.981413482079
0.646887016378
0.833747923095
