0.642326133397
0.713347970567
0.550919772134
0.998148587705
0.862124376929
0.66165499644
0.995194635652
0.550481841918
0.997245430809
0.826263944932
0.568556254451
0.688527177783
0.754729408972
0.992165915025
0.729963209115
0.820942321386
0.943167576549
0.517330880608
0.852085212438
0.629622596724
0.788720626632
0.85625445051
0.882227628768
0.591752907667
0.859791122715
0.63483622122
0.611580821268
0.945226679326
0.490332304771
0.659492048422
0.839735342986
0.596259197721
0.493854735343
0.940606456207
0.555829575125
0.682173035841
0.872481604557
0.61182767624
0.89263351531
0.396259197721
0.740803465464
0.556039639212
0.88220270591
0.883415024923
0.687914787562
0.994935912651
0.935070021362
0.690348920009
0.74419416093
0.395564918111
0.940670543556
0.939308093995
0.818686209352
0.557804414906
0.40406479943
0.460906123902
0.591240208877
0.38806907192
0.885881201044
0.870561357702
0.991119748398
0.575391051507
0.948051269879
0.859169238073
0.636143484453
0.59274982198
0.859475433183
0.808462497033
0.887975314503
0.798009731783
0.899183479706
0.858847021125
0.601962971754
0.640376216473
0.547780678851
0.213784713981
0.942080465227
0.992406835984
0.711183242345
0.687710064087
0.704480180394
0.331324471873
0.997602658438
0.679335390458
0.709994065986
0.877593164016
0.602386660337
0.577792546879
0.628057203893
0.802087586043
0.466495371469
0.997066223594
0.647311298362
0.81929741277
0.533479705673
0.978709945407
0.664843342037
0.944382862568
0.657647756943
0.733816757655
