0.65426299549
0.596006408735
0.507712437693
0.98614645146
0.984252314265
0.566769522905
0.991502492286
0.746771896511
0.979678376454
0.787913007358
0.562394374555
0.743285070021
0.978510562545
0.993282696416
0.693657726086
0.674977450748
0.940950629005
0.460766674579
0.787760503204
0.753654165678
0.614477806789
0.776131616425
0.920916211726
0.620091977213
0.919719321149
0.756614645146
0.753794208403
0.985493709945
0.534515784477
0.724207215761
0.847352243057
0.599319962022
0.538971042013
0.847045454545
0.636033111797
0.758111796819
0.976600403513
0.795318063138
0.848124258248
0.393294564443
0.807701163067
0.641686446713
0.992285782103
0.963480892476
0.778419178732
0.986308450036
0.973097555186
0.786660337052
0.645485402326
0.398457156421
0.987467362924
0.859924638025
0.943772845953
0.600044505103
0.414804177546
0.511293615001
0.593247092333
0.5146119155
0.794041656777
0.977688108236
0.941660930453
0.780407666746
0.973878471398
0.847014004272
0.625352480418
0.59899121766
0.863312366485
0.778700450985
0.795674697365
0.786933301685
0.952055542369
0.799190007121
0.739522905293
0.741563019226
0.586232494659
0.257942084026
0.79743947306
0.992123783527
0.646214099217
0.678717659625
0.831585568479
0.437345122241
0.991309043437
0.774960835509
0.75056907192
0.776835983859
0.798643484453
0.69787918348
0.748067885117
0.804296819369
0.541421789699
0.987032399715
0.736330999288
0.84505162592
0.554664134821
0.94395680038
0.818578210301
0.976873961548
0.802256112034
0.715576786138
