0.732611559459
0.758186565393
0.84293971042
0.951623546167
0.940735224306
0.756071089485
0.984645145977
0.624011393306
0.943933657726
0.872068597199
0.613520056967
0.704826726798
0.818759791123
0.936913126038
0.928145027296
0.766891170188
0.903485639687
0.748304652267
0.919642772371
0.608592451934
0.683230477095
0.830960123427
0.974880132922
0.621946356516
0.940453358652
0.555643247092
0.814919297413
0.918788274389
0.831881082364
0.730360788037
0.94414668882
0.566197483978
0.714916923807
0.851522667933
0.869251720864
0.625125801092
0.922147519582
0.942912413957
0.859759079041
0.364940659862
0.920074768573
0.89093104676
0.817887491099
0.753442914788
0.666776643722
0.936761215286
0.912120223119
0.741708995965
0.908390695466
0.3706895324
0.879464751958
0.963854735343
0.930389864704
0.733667220508
0.570278898647
0.573436980774
0.540661049134
0.429178732495
0.839061832423
0.903496320911
0.922339188227
0.66988369333
0.95528008545
0.749303346784
0.692479824353
0.540275338239
0.798674934726
0.773388915262
0.903027533824
0.784431521481
0.959386422977
0.817788393069
0.927656064562
0.892195585094
0.744711606931
0.726167813909
0.824206622359
0.946835983859
0.918563968668
0.843917042488
0.743286256824
0.749179919297
0.979913363399
0.642044267743
0.75184903869
0.822800854498
0.457449560883
0.758210301448
0.622269166864
0.762088772846
0.75503441728
0.985174460005
0.828845834322
0.850945881794
0.604485521006
0.89359482554
0.915557797294
0.861837170662
0.781820555424
0.766860906717
