0.7622845953
0.653563968668
0.765488962734
0.983406123902
0.940354260622
0.642119629718
0.992257298837
0.572416330406
0.977554592927
0.952952171849
0.638689176359
0.71377165915
0.800180394019
0.992297650131
0.671716116781
0.868333728934
0.871443152148
0.551957631142
0.928930690719
0.674831474009
0.782341561832
0.735939947781
0.988199620223
0.483213861856
0.945507951578
0.705636126276
0.715062900546
0.941545217185
0.83528008545
0.626096012343
0.951167813909
0.594821979587
0.705695466413
0.827920721576
0.87760325184
0.619090909091
0.878361618799
0.84490505578
0.88697840019
0.392569427961
0.917702349869
0.911236648469
0.82727154047
0.847338001424
0.686915499644
0.954728222169
0.977565867553
0.596331592689
0.941420602896
0.389539520532
0.895003560408
0.991770709708
0.967305364348
0.692735580347
0.559359126513
0.582590197009
0.58462497033
0.369289105151
0.959717540945
0.834954901495
0.96367256112
0.780012461429
0.98838357465
0.810793971042
0.649483147401
0.581796819369
0.812215760741
0.882856040826
0.940631379065
0.79307737954
0.978473178258
0.753496914313
0.917181936862
0.902256705436
0.748408497508
0.689106337527
0.934390576786
0.990827201519
0.830320436743
0.951777830525
0.805353667221
0.528753857109
0.989248753857
0.735475314503
0.779924044624
0.828675528127
0.454782815096
0.765696653216
0.648974602421
0.823287443627
0.719946593876
0.987624020888
0.725019582245
0.787620460479
0.430236767149
0.980030856872
0.721884642772
0.959130073582
0.757300617137
0.759607168289
