0.609873012105
0.584757892238
0.697151673392
0.99473296938
0.99090078329
0.618045929267
0.988020413007
0.536652029433
0.986350581533
0.893571682886
0.397559340138
0.595657488725
0.767882150487
0.986176121529
0.658515309756
0.8762930216
0.849044623784
0.575993353905
0.80126275813
0.776195110373
0.605601708996
0.829985758367
0.901436031332
0.625440303822
0.765650367909
0.598257773558
0.635208877285
0.990407073344
0.711202231189
0.773828625682
0.806864467126
0.597390220745
0.495418941372
0.871981960598
0.805144789936
0.781427723712
0.853400189888
0.787055542369
0.826242582483
0.393925943508
0.80010325184
0.708373486826
0.984299786376
0.951298955614
0.659316401614
0.989441015903
0.980329337764
0.679538333729
0.791795632566
0.398611440779
0.980884168051
0.984432708284
0.968037028246
0.587582482791
0.501946356516
0.353113577023
0.597053168763
0.287044861144
0.94615535248
0.720917398528
0.980977925469
0.694550795158
0.978978162829
0.670128174697
0.617061476383
0.596174934726
0.799094469499
0.945500237361
0.983445288393
0.78667220508
0.836636600997
0.985576192737
0.809742463803
0.8975860432
0.695447424638
0.514553762165
0.792702349869
0.98915499644
0.753420365535
0.880169119392
0.870661049134
0.511294801804
0.995004747211
0.599916923807
0.785420128175
0.915421314977
0.788683835746
0.837940897223
0.772838832186
0.801032518395
0.611841917873
0.9565084263
0.669306313791
0.792502967007
0.588309399478
0.950675290767
0.65184903869
0.983441727985
0.771863280323
0.761291241396
