0.742890433454
0.547844169833
0.741570551802
0.949950805851
0.922208650074
0.934372189377
0.907517816378
0.943315316013
0.902966433574
0.923936341539
0.916657367594
0.910268816542
0.921578542551
0.917466298928
0.73861538272
0.928055097447
0.751371187893
0.928954144717
0.742852591801
0.741319212823
0.909357800749
0.881965724263
0.919060752574
0.919573638977
0.741871172933
0.919012526467
0.925683217843
0.928129196683
0.954308404191
0.914564988199
0.93821496523
0.924049162467
0.912816879841
0.941485012065
0.942798733449
0.914030980873
0.917530893749
0.922589354703
0.893863491957
0.923769838267
0.919833250316
0.90737683422
0.933196458021
0.934662250047
0.930476259203
0.909226146998
0.929092310752
0.927348074564
0.895479066526
0.928396728369
0.910885019458
0.934796367905
0.929940491801
0.913952305437
0.931848063123
0.917520861311
0.926776753609
0.923033950123
0.864666984654
0.77171908469
0.921684323171
0.92527540803
0.927928547919
0.549815103924
0.928478571944
0.735187809003
0.760748701503
0.917580175902
0.738493409392
0.946543121004
0.742874592762
0.913872221939
0.9381730754
0.930224920225
0.911702575168
0.721848010321
0.91510233967
0.731152128725
0.904918182826
0.912529283279
0.923021453577
0.92478892278
0.910701091424
0.911715951753
0.926535799084
0.915952984826
0.927832623729
0.733247148235
0.902095195518
0.914573788583
0.943014166859
0.944584859467
0.939673716948
0.918986829345
0.906975360684
0.919966488136
0.925508090193
0.940884649842
0.920786507955
0.928870365058
