0.801959845606
0.584741189495
0.79033929002
0.991745063424
0.99192811142
0.96777176027
0.97771267449
0.981912921956
0.81339172095
0.982318267662
0.767497540293
0.986593670412
0.991279875105
0.987668901378
0.239653300056
0.986139042553
0.797925749397
0.989114628527
0.775507298159
0.793693292523
0.808667850612
0.97383311303
0.994384474714
0.633037699087
0.616044156809
0.988960797808
0.970617276563
0.812484049303
0.974426434947
0.967822274477
0.812836416695
0.80843657651
0.99569872412
0.995174749233
0.977269663139
0.989970025891
0.982908597448
0.997349148211
0.975472448637
0.995010182045
0.995144299903
0.80430197991
0.814104904102
0.991330037296
0.995522716432
0.965514813687
0.967943015751
0.972324375129
0.972577474184
0.992476375368
0.973007108951
0.989962281552
0.993850995411
0.800689246106
0.957354569248
0.810053735147
0.810257024027
0.976614210509
0.598597922757
0.796462245471
0.994407003698
0.995633777283
0.940132216975
0.594003242062
0.988583613332
0.800369616145
0.777853832655
0.967401616103
0.768380394856
0.815667148341
0.781169465482
0.992267806258
0.985827508946
0.990674760674
0.809241283659
0.793999721908
0.990698521711
0.615352446595
0.983873647601
0.975926900487
0.991494076461
0.812471024734
0.797387869902
0.810459432868
0.768799469161
0.964472672166
0.983584818985
0.772493518517
0.627804462499
0.624983411275
0.994458925966
0.814525210461
0.985827508946
0.79706067161
0.778142133248
0.920994373034
0.795170701056
0.994524576834
0.809935105965
0.987676821724
