0.91909912225
0.565573776263
0.742605653015
0.962365332118
0.938467008239
0.934912532979
0.768812845745
0.942961012537
0.92641048161
0.943050776458
0.915991178495
0.740496904905
0.931826942201
0.580448714
0.741061185553
0.571830849572
0.75336377093
0.927091279347
0.759061315798
0.744664942965
0.927984518364
0.929272014602
0.93985394882
0.759808292426
0.743882412784
0.942157185426
0.771807968572
0.953807662319
0.956595800105
0.934090929092
0.946538016781
0.752499925197
0.933171992953
0.778025616159
0.962857449613
0.93301076991
0.77557118895
0.919969304259
0.578055009443
0.929880649187
0.745624712887
0.759462261312
0.953885633724
0.936392053605
0.971158676211
0.406020166961
0.95351443351
0.754954880429
0.934895988257
0.944584155436
0.586717755832
0.936128394088
0.932744998302
0.920155696401
0.775489169367
0.935617795785
0.753236341363
0.919086097681
0.58670191514
0.77138255799
0.923023213654
0.930744142904
0.929738258967
0.741287707447
0.746450188944
0.757913569665
0.762902859597
0.923939157662
0.754597408815
0.946340536155
0.762581117543
0.922925529387
0.937146950579
0.92715728223
0.737692398404
0.587956145924
0.938520514576
0.729472311351
0.928782361214
0.752138933429
0.941768560451
0.934068928131
0.93477929516
0.922195097482
0.761921968752
0.597287369512
0.929514553196
0.563655996494
0.915101107616
0.579847471738
0.942419788896
0.944057364426
0.937146950579
0.919340604798
0.947324243123
0.741212024141
0.783110830281
0.940930763856
0.937837780754
0.936639696422
