0.178690749212
0.445371613832
0.209611075812
0.537170183594
0.417783816797
0.458574126518
0.32164560148
0.458822825381
0.254588080407
0.445276041657
0.130466754788
0.144967676188
0.277471895972
0.265264530755
0.0632714196956
0.281610188733
0.246407595084
0.161091212464
0.145060608247
0.131932546814
0.244273149851
0.243448377825
0.374414818439
0.134019293963
0.145819905413
0.51971954935
0.146887568049
0.481836710628
0.283028106668
0.380874828613
0.416385259708
0.142025003652
0.356327564388
0.368307175657
0.359670654414
0.164328169854
0.503536874491
0.291760376093
0.147126938505
0.206854091387
0.316626390241
0.310448520391
0.342464494849
0.183730729358
0.522891383896
0.340013411786
0.368631029803
0.600204872949
0.137819299947
0.362860793759
0.436161131518
0.260748525496
0.297436096009
0.185730176694
0.443996641773
0.18565818955
0.25073580014
0.291262626352
0.086424703031
0.337498261924
0.2848489062
0.36957759915
0.219306635314
0.477292544138
0.142017083306
0.389303308769
0.413391368935
0.452445010798
0.722208826082
0.351945148964
0.343222911977
0.153145697404
0.351222637405
0.303630686588
0.316156449714
0.264533218811
0.352974969947
0.131116927187
0.254083994389
0.287215329566
0.168557282582
0.431751082887
0.152007983709
0.142360650313
0.446043083162
0.296236427607
0.183765402873
0.143368118319
0.282112514675
0.261318614397
0.453923827393
0.337403217773
0.197448240539
0.483063484213
0.463809651206
0.437850101292
0.510804055921
0.380206527421
0.340932171917
0.290503857208
