0.601096527896
0.42909706296
0.783877695778
0.814146793932
0.622375505362
0.784263328622
0.782009550177
0.984302930352
0.789848404578
0.806869404056
0.421799608207
0.614573436568
0.784326515382
0.585903368259
0.242535601955
0.785275548836
0.783660150275
0.80768062349
0.422969003286
0.77039286676
0.796092981341
0.443532861515
0.814455335409
0.43246039387
0.589919511684
0.979202227553
0.793217895758
0.798191873021
0.821851354467
0.78997160996
0.799109753114
0.643976928912
0.800005632246
0.976895294786
0.807311711376
0.811436099529
0.985024737881
0.811977147162
0.792106759223
0.957558034135
0.776655044292
0.798020441533
0.615028240434
0.969407927738
0.97653113488
0.956582071505
0.613606274322
0.800813507534
0.602552287484
0.983222595163
0.583771915157
0.981623917333
0.814553547699
0.627956181126
0.962215725583
0.43174932281
0.804283851119
0.640875321434
0.426100532071
0.799626863701
0.983881039924
0.990358826874
0.95442949748
0.596986924389
0.791380903518
0.771438704443
0.621846426252
0.627577412581
0.782395359029
0.801971814129
0.762903739635
0.431113759049
0.976562464248
0.98916619878
0.60032807833
0.587178719966
0.975782398175
0.614018836343
0.629127688297
0.61471864291
0.816077422262
0.789764096896
0.773464200916
0.770814229166
0.420562450168
0.777900122677
0.976562464248
0.574987195441
0.611471125059
0.431380410696
0.999328882686
0.814138521571
0.976562464248
0.804160821745
0.790438734364
0.442798029418
0.786330714926
0.997760654185
0.622965131117
0.997886499682
