0.991316132689
0.564261110925
0.757570530681
0.991759496055
0.934334171717
0.984392518265
0.925317825883
0.937465876509
0.9321680451
0.947324243123
0.900300269116
0.918511256572
0.938449935493
0.915346814349
0.687588641872
0.90746818221
0.766238029277
0.932749574501
0.773093000702
0.765847116202
0.759260732509
0.574068611317
0.958751894283
0.709636596927
0.759273229055
0.956194678584
0.873164635831
0.976461963859
0.945613272388
0.925099224334
0.793367854308
0.926998523295
0.972723912581
0.966215500293
0.972578002207
0.761943969713
0.928844667935
0.973207229692
0.921978608026
0.984449720764
0.932172093277
0.737673565581
0.928120044284
0.935155423589
0.97244986861
0.857809021098
0.947009365369
0.937060706812
0.752740351699
0.942170209995
0.932272945682
0.957231539874
0.95167673724
0.923965558816
0.912550228194
0.73703342562
0.924534239656
0.897647833257
0.747444456374
0.784601439391
0.9498351688
0.991646675127
0.937323662298
0.791643859004
0.977206828394
0.931234852338
0.772994436397
0.926985498727
0.752555719634
0.959075396413
0.925645904213
0.935325799031
0.965050153391
0.951673217086
0.928730966969
0.75379692585
0.914334594135
0.761920384682
0.766358770551
0.932204126676
0.935698055291
0.767467971001
0.884581902538
0.961122541833
0.720981876488
0.851729891562
0.935047882892
0.670117590736
0.750219393583
0.864948068932
0.984198381785
0.961600754721
0.965050153391
0.881661934993
0.886173012037
0.870837110165
0.792572651573
0.959179240949
0.794126271436
0.904601721003
