0.775804927159
0.599032309731
0.762582173589
0.99090040253
0.963697358301
0.971795648034
0.598808779968
0.811788994943
0.773463672893
0.97849978087
0.88970443029
0.765360630952
0.945213030905
0.569705380731
0.538798782731
0.59296039651
0.789682429329
0.944139560016
0.742190626887
0.764177155258
0.746692023508
0.592811670014
0.790059437796
0.742290775261
0.730186198533
0.979564275368
0.580117819546
0.955788100824
0.969462314114
0.965146429596
0.797806944207
0.938804414977
0.955529545531
0.985127174355
0.964097247768
0.783236675778
0.976120684952
0.967658059304
0.766428645603
0.917503084535
0.777574684462
0.763373680162
0.941428513597
0.941448754482
0.985651149242
0.964743900014
0.971749886035
0.978967433297
0.585165368023
0.946364297193
0.587092300192
0.970294302455
0.789777825495
0.761341495397
0.971619112323
0.755410564333
0.952196839958
0.962209565314
0.556988297249
0.798087852477
0.93793176886
0.981175801759
0.911545048288
0.611550856541
0.958684307331
0.600785698319
0.777097175605
0.963308733325
0.79893268938
0.967539782138
0.795542605301
0.755450342071
0.954323892868
0.811107317168
0.596904904806
0.586302025672
0.779678504357
0.742758779703
0.767824738585
0.748698335143
0.962143210415
0.783586579062
0.741631978485
0.921318931211
0.766377427366
0.58984752454
0.947448680558
0.58902838476
0.747596175001
0.561823228439
0.989589497269
0.95888460408
0.976197776319
0.769302675141
0.583795148172
0.770169513004
0.79862590798
0.798125518123
0.767338253335
0.790323801344
