0.967107155241
0.598215106036
0.744860135491
0.998539136189
0.934043231008
0.951639951633
0.916631142448
0.940868105119
0.904179126544
0.937179864016
0.864935924401
0.728455514937
0.942235332839
0.75023259416
0.554131516465
0.583619316492
0.759486198357
0.93741483428
0.759763762481
0.74312293961
0.785459652878
0.883454749303
0.940961213186
0.565000167207
0.747426327582
0.949709851326
0.727916931412
0.939635171264
0.967537846053
0.951580109019
0.941772784635
0.928422953515
0.92914880922
0.946167520597
0.990327321497
0.762518282799
0.93012019565
0.770578202856
0.905922130679
0.95916392828
0.751090983654
0.744919802097
0.941588680594
0.958130763152
0.974359904041
0.883455101319
0.959189977418
0.944385442756
0.929177674481
0.959277805255
0.742471535157
0.944748194601
0.933212298713
0.910397478162
0.960428895534
0.737090276103
0.91809112622
0.946150447852
0.856730445986
0.783268709177
0.950551872106
0.924297509315
0.895610192253
0.783539937024
0.908276409514
0.777797510195
0.790538530723
0.747351348307
0.798002664756
0.962827528306
0.936722244028
0.92895696084
0.965883373786
0.925438215141
0.722770114599
0.745533716913
0.929701121345
0.728397784415
0.890143921486
0.914796614316
0.944936170812
0.911974683054
0.895112794527
0.935304678108
0.765296036131
0.579132176493
0.950558032375
0.714643663635
0.745280089834
0.697285785443
0.97467055761
0.958917165502
0.965883373786
0.917295923486
0.763757024907
0.790329081574
0.800979482784
0.932709444749
0.785702367479
0.930873684563
