0.309159440084
0.406954063754
0.286465712822
0.77890407053
0.455685312334
0.463236218158
0.312749116881
0.619503411909
0.443275538276
0.62835554257
0.264584789064
0.155236140715
0.312152978842
0.437692046389
0.194471422512
0.469207983005
0.613468108287
0.311421138875
0.282439008936
0.287772041883
0.443725237918
0.450543071721
0.47112523475
0.252281499656
0.27234179989
0.621479450222
0.283403003043
0.616856432289
0.764818175258
0.637286700683
0.622599387141
0.440373699523
0.310740693153
0.78243108859
0.606860779679
0.600374016337
0.780784008645
0.481750994883
0.160825264848
0.318898649493
0.465591377031
0.287400137638
0.441443650259
0.628613745848
0.784432824026
0.780080505916
0.465889006032
0.62662820312
0.283660150275
0.627305128688
0.451888826504
0.641270458694
0.468386203109
0.457806028967
0.7836126282
0.424225874186
0.457898961027
0.305055644831
0.107601596038
0.761733112502
0.473912492498
0.629292431493
0.288608254409
0.448064707466
0.469972560401
0.459650765545
0.751671809025
0.45718155369
0.751944620941
0.788874730048
0.625400549496
0.302089211257
0.630728830235
0.787417210384
0.307715297004
0.429559435156
0.471362669121
0.100171431488
0.29864491681
0.268468222692
0.469014550556
0.461348887719
0.145772735353
0.131470174617
0.458976480093
0.446830893573
0.624215489733
0.438766397316
0.253981557914
0.266954556575
0.79107165801
0.606150236642
0.627747612016
0.441919047024
0.426952937304
0.427621238496
0.629336785431
0.800905207539
0.598016217348
0.631261077484
