0.818575932738
0.805123489228
0.690830267998
0.737099316868
0.813741460851
0.751077246453
0.771177088807
0.838728323699
0.821886495008
0.710667367315
0.727272727273
0.846137677352
0.856227009984
0.715449290594
0.900446663163
0.823909616395
0.854913294798
0.912637940095
0.826484498161
0.736363636364
0.859511297951
0.864214398318
0.820415133999
0.82711508145
0.797582764057
0.872096689438
0.884235417761
0.881949553337
0.848213347346
0.751103520757
0.883131897005
0.778034682081
0.6711245402
0.825170782974
0.91274303731
0.757908565423
0.82204414083
0.815239096164
0.6316868103
0.853809774041
0.716605359958
0.706988964792
0.656305832895
0.692354177614
0.636652653705
0.822622175512
0.794140830268
0.835312664214
0.848213347346
0.751261166579
0.797083552286
0.72795585917
0.867288491855
0.701208617972
0.901445086705
0.815817130846
0.926747241198
0.631975827641
0.88654755649
0.816158696795
0.643089858119
0.803389385181
0.759196006306
0.757934839727
0.875827640568
0.825223331582
0.814266946926
0.820099842354
0.7788754598
0.865817130846
0.867708880715
0.849553336837
0.955333683657
0.732895428271
0.755832895428
0.897976878613
0.867708880715
0.805675249606
0.873883342091
0.749185496584
0.762348922754
0.80486074619
0.867708880715
0.849553336837
0.700656857593
0.87422490804
0.750183920126
0.882658959538
0.690725170783
0.784866001051
0.711639516553
0.733578560168
0.857330530741
0.819810825013
0.751865475565
0.926011560694
0.777036258539
0.832764056752
0.80838150289
0.792905937993
