0.493300052549
0.783578560168
0.44866001051
0.653547031004
0.401077246453
0.765239096164
0.62971623752
0.52380451918
0.65042038886
0.472201786653
0.639069889648
0.544403573305
0.764739884393
0.477088807147
0.778087230688
0.686442459275
0.67049395691
0.828586442459
0.795165528114
0.722017866527
0.642406726222
0.661324224908
0.63394640042
0.573725696269
0.749921177089
0.653258013663
0.692380451918
0.665133998949
0.673016290068
0.472280609564
0.805937992643
0.579164477141
0.67401471361
0.411665790857
0.811586967945
0.669837099317
0.726957435628
0.55394114556
0.567577509196
0.65570152391
0.704834471886
0.48985811876
0.560246978455
0.499027850762
0.279374671571
0.652785076195
0.450472937467
0.546347871781
0.66148187073
0.625827640568
0.612585391487
0.77380451918
0.74429847609
0.480031529164
0.709852863899
0.529689963216
0.82577509196
0.451366263794
0.749185496584
0.644745139254
0.419758276406
0.628323699422
0.381187598529
0.645375722543
0.74534944824
0.45725170783
0.773068838676
0.797924330005
0.610693641618
0.618208092486
0.683210719916
0.515396741986
0.946032580137
0.643772990016
0.538176563321
0.777009984235
0.759800315292
0.408250131372
0.674198633736
0.490803993694
0.4894377299
0.537572254335
0.678139779296
0.531870730426
0.714372044141
0.535233841303
0.777088807147
0.773305307409
0.422490803994
0.514109301104
0.375591171834
0.549001576458
0.537519705728
0.549816079874
0.356332107199
0.871413557541
0.656778770363
0.840698896479
0.713688912244
0.507566999475
