0.985207566999
0.916263794009
0.848003152916
0.666132422491
0.991329479769
0.933184445612
0.812427745665
0.967262217551
0.893956910142
0.956253284288
0.857356805045
0.992564372044
0.895848660011
0.877246452969
0.982028376248
0.854282711508
0.935601681555
0.947057277982
0.872070415134
0.850472937467
0.96014188124
0.985207566999
0.935601681555
0.803415659485
0.868129269574
0.954729374672
0.991565948502
0.988150289017
0.910089332633
0.945901208618
0.804335260116
0.745743562796
0.911324224908
0.948712559117
0.915817130846
0.8281660536
0.787703625854
0.978560168156
0.669548081976
0.962375197057
0.671255911718
0.826431949553
0.714424592748
0.875722543353
0.711849710983
0.818208092486
0.846584340515
0.88478717814
0.905675249606
0.872832369942
0.860299527063
0.870362585391
0.917971623752
0.794771413558
0.989385181293
0.908854440357
0.891434576984
0.720546505518
0.974671571203
0.816368891224
0.806752496059
0.887834997373
0.892485549133
0.800472937467
0.869180241724
0.812243825539
0.801996847084
0.9640830268
0.875249605885
0.812664214398
0.88478717814
0.924093536521
0.977614293221
0.844114555964
0.745323173936
0.942774566474
0.90197057278
0.985207566999
0.894902785076
0.89689963216
0.886731476616
0.921597477667
0.886022070415
0.924093536521
0.72070415134
0.915133998949
0.903258013663
0.925065685759
0.862637940095
0.792695743563
0.918418286915
0.909616395166
0.92556489753
0.913610089333
0.945901208618
0.909143457698
0.783683657383
0.849763531266
0.861560693642
0.908854440357
