0.740567524961
0.91563321072
0.752758801892
0.669022595901
0.714661061482
0.811219127693
0.866132422491
0.808276405675
0.830767209669
0.814214398318
0.857724645297
0.749632159748
0.84077771939
0.694797687861
0.842012611666
0.781187598529
0.803599579611
0.870257488177
0.817761429322
0.858486600105
0.856489753022
0.818917498686
0.814687335786
0.810667367315
0.853888596952
0.877193904362
0.783526011561
0.85042038886
0.873489227535
0.795901208618
0.921650026274
0.755465055176
0.814976353127
0.733736205991
0.878139779296
0.736626379401
0.760825013137
0.864372044141
0.610325801366
0.84471886495
0.68851812927
0.669784550709
0.693772990016
0.825328428797
0.659090909091
0.706463478718
0.721019442985
0.797792958487
0.774251182344
0.7429584866
0.637414608513
0.819758276406
0.898160798739
0.598265895954
0.832764056752
0.818155543878
0.923935890699
0.688229111929
0.912007356805
0.859196006306
0.745112979506
0.811219127693
0.629584866001
0.600656857593
0.785365212822
0.640015764582
0.769521807672
0.877693116132
0.673252758802
0.805097214924
0.832764056752
0.815449290594
0.94626904887
0.827404098791
0.723673147662
0.881108775617
0.916710457173
0.669679453494
0.865081450342
0.694797687861
0.82309511298
0.805964266947
0.831529164477
0.816920651603
0.860483447189
0.809038360483
0.814687335786
0.891986337362
0.670388859695
0.585522858644
0.755465055176
0.864897530215
0.808276405675
0.785312664214
0.679978980557
0.932264844982
0.717314766159
0.709774040988
0.732553862323
0.693825538623
