0.882133473463
0.817157120336
0.78964792433
0.771045717288
0.861534419338
0.804913294798
0.798081975828
0.915449290594
0.855465055176
0.765869679453
0.840225959012
0.832343667893
0.908512874409
0.875249605885
0.878428796637
0.833552285864
0.857409353652
0.82028376248
0.804335260116
0.793825538623
0.932107199159
0.882133473463
0.903441933789
0.808197582764
0.81584340515
0.919101418812
0.813741460851
0.859301103521
0.873305307409
0.882133473463
0.8718339464
0.759563846558
0.72380451918
0.875249605885
0.827929584866
0.876668418287
0.823568050447
0.877193904362
0.735260115607
0.878428796637
0.667078297425
0.832580136626
0.687440882817
0.846347871781
0.708118759853
0.875013137152
0.821912769312
0.859301103521
0.837414608513
0.902207041513
0.942879663689
0.7570415134
0.878717813978
0.853363110878
0.830110352076
0.873305307409
0.909800315292
0.666841828692
0.926747241198
0.889201261167
0.793825538623
0.850341565949
0.902207041513
0.964897530215
0.873357856017
0.816500262743
0.892143983184
0.881135049921
0.844456121913
0.869889647924
0.859301103521
0.873305307409
0.906857593274
0.7929584866
0.699238045192
0.949763531266
0.923042564372
0.839043615344
0.892433000525
0.875249605885
0.869127693116
0.844351024698
0.830110352076
0.873305307409
0.78830793484
0.902207041513
0.852706253284
0.948055701524
0.700236468734
0.875013137152
0.828455070941
0.897792958487
0.872543352601
0.828507619548
0.876957435628
0.94781923279
0.728481345244
0.816605359958
0.636389910667
0.83964792433
