0.642196531792
0.883683657383
0.629164477141
0.853652128219
0.613767735155
0.76014188124
0.796347871781
0.749238045192
0.815974776668
0.742905937993
0.798397267472
0.686626379401
0.692275354703
0.787861271676
0.819048870205
0.813688912244
0.729059379926
0.870599054125
0.702863899107
0.779479768786
0.812401471361
0.707882291119
0.727246452969
0.653967419863
0.778481345244
0.787861271676
0.723883342091
0.820047293747
0.820047293747
0.707882291119
0.855596426695
0.59471886495
0.812926957436
0.656489753022
0.79337887546
0.760325801366
0.788649500788
0.761954808198
0.630451918024
0.819048870205
0.774172359432
0.634419337888
0.694193378875
0.74513925381
0.46077246453
0.78218602207
0.558854440357
0.754361534419
0.651655281135
0.855596426695
0.859695218077
0.78105622701
0.841303205465
0.626642143983
0.827220178665
0.747188649501
0.889910667367
0.65859169732
0.876563321072
0.775801366264
0.648108250131
0.776668418287
0.72422490804
0.89936941671
0.777771939044
0.648108250131
0.934629532317
0.883709931687
0.654072517078
0.691382028376
0.827220178665
0.747188649501
0.942695743563
0.797924330005
0.750367840252
0.8288754598
0.863715186548
0.547556489753
0.811875985286
0.787861271676
0.728244876511
0.763137151865
0.827220178665
0.747188649501
0.733184445612
0.736416184971
0.883131897005
0.854177614293
0.693037309511
0.622411981083
0.664976353127
0.788386757751
0.712637940095
0.74823962165
0.656489753022
0.880977404099
0.76077246453
0.758092485549
0.785470310037
0.511061481871
