0.669679453494
0.853021544929
0.645717288492
0.856121912769
0.650551760378
0.754256437204
0.770441408303
0.788859695218
0.84866001051
0.76014188124
0.79203888597
0.691986337362
0.695743562796
0.795218076721
0.827351550184
0.798081975828
0.808933263269
0.878271150815
0.681450341566
0.77732527588
0.812926957436
0.717235943248
0.749421965318
0.645612191277
0.714634787178
0.783552285864
0.758906988965
0.827062532843
0.827062532843
0.717235943248
0.864372044141
0.590042038886
0.817708880715
0.700105097215
0.683736205991
0.753547031004
0.763137151865
0.75901208618
0.72711508145
0.845717288492
0.766132422491
0.631791907514
0.688150289017
0.745664739884
0.493878087231
0.709984235418
0.597582764057
0.761140304782
0.656673673148
0.864372044141
0.899211770888
0.769022595901
0.83394640042
0.618707304256
0.820940620074
0.767262217551
0.861954808198
0.675144508671
0.899684708355
0.755307409354
0.682212296374
0.798633736206
0.769259064635
0.882133473463
0.799211770888
0.673857067788
0.936705202312
0.91781397793
0.750078822911
0.611875985286
0.802574881766
0.767262217551
0.947714135575
0.762138728324
0.731292695744
0.857540725171
0.869075144509
0.643667892801
0.833473462953
0.795218076721
0.730767209669
0.778034682081
0.820940620074
0.767262217551
0.706752496059
0.771203363111
0.890331056227
0.875669994745
0.724881765633
0.747714135575
0.675328428797
0.794272201787
0.731240147136
0.77950604309
0.700105097215
0.924697845507
0.794035733053
0.66957435628
0.796925906463
0.527719390436
