0.85133998949
0.918628481345
0.778297425118
0.840514976353
0.822385706779
0.814687335786
0.898975302154
0.891960063058
0.847635312664
0.806489753022
0.906332107199
0.83633736206
0.833736205991
0.845927482922
0.904440357331
0.880583289543
0.872175512349
0.884261692065
0.804965843405
0.836810299527
0.919442984761
0.878770362585
0.886836573831
0.820021019443
0.832501313715
0.910851287441
0.854098791382
0.898554913295
0.912033631109
0.878770362585
0.880714661061
0.724724119811
0.733053074094
0.791066736731
0.801655281135
0.830110352076
0.757277982133
0.834209143458
0.728323699422
0.904440357331
0.72443510247
0.83415659485
0.755570152391
0.877246452969
0.66098265896
0.760036784025
0.769521807672
0.8711245402
0.78323699422
0.880714661061
0.837388334209
0.752522333158
0.94098791382
0.717130846033
0.885076195481
0.884603258014
0.939753021545
0.740094587493
0.951234892275
0.844797687861
0.781949553337
0.841802417236
0.825853914871
0.852443510247
0.805727798213
0.71584340515
0.900551760378
0.868365738308
0.802128218602
0.794114555964
0.885076195481
0.884603258014
0.962296374146
0.828744088282
0.823568050447
0.942643194955
0.950525486075
0.812716763006
0.917919075145
0.845927482922
0.880951129795
0.86253284288
0.885076195481
0.884603258014
0.741565948502
0.841460851287
0.793431424067
0.94710982659
0.72950604309
0.780583289543
0.844114555964
0.913557540725
0.817314766159
0.812848134524
0.792774566474
0.983131897005
0.778349973726
0.737204414083
0.786889122438
0.734498160799
