0.732475039411
0.795927482922
0.701024697846
0.718076720967
0.766421439832
0.752101944298
0.774330005255
0.827850761955
0.870599054125
0.776458223857
0.819732002102
0.805754072517
0.851944298476
0.734944823962
0.86718339464
0.808539148713
0.757015239096
0.9246452969
0.863715186548
0.750131371519
0.876484498161
0.802574881766
0.829322122964
0.666605359958
0.759774040988
0.86894377299
0.805412506569
0.878717813978
0.831791907514
0.775223331582
0.810430898581
0.697031003678
0.726878612717
0.780609563847
0.89760903836
0.815449290594
0.843326326852
0.817025748818
0.654019968471
0.877193904362
0.600367840252
0.713504992118
0.609905412507
0.795927482922
0.618891224383
0.829742511823
0.747188649501
0.843799264319
0.82908565423
0.81232264845
0.777666841829
0.737125591172
0.743089858119
0.765685759327
0.883131897005
0.789043615344
0.878533893852
0.601103520757
0.870310036784
0.87795585917
0.699553336837
0.808617971624
0.761744613768
0.825118234367
0.778796636889
0.693851812927
0.886284813452
0.848712559117
0.711166579086
0.773462953232
0.883131897005
0.781213872832
0.911875985286
0.884603258014
0.769442984761
0.832422490804
0.844114555964
0.656174461377
0.823673147662
0.734944823962
0.782685233841
0.855149763531
0.88654755649
0.789043615344
0.73922753547
0.829374671571
0.8718339464
0.8464792433
0.681003678403
0.718996321597
0.798344718865
0.823489227535
0.826615869679
0.843799264319
0.734944823962
0.814582238571
0.772149238045
0.689805570152
0.738386757751
0.754414083027
