0.808595050704
0.935249861258
0.70213157762
0.936299883961
0.997410574643
0.991701352101
0.75932912063
0.750512713788
0.9496865698
0.950725240906
0.999736390697
0.81683567933
0.951007138893
0.901514176883
0.652173200141
0.922231471671
0.98361964583
0.921865067353
0.873338883003
0.815349881439
0.950237752888
0.950737853791
0.874371878311
0.808673881237
0.926895716664
0.957512865143
0.928138085869
0.734641289541
0.902114550225
0.902114550225
0.93472831845
0.919286362948
0.825479289642
0.937043413551
0.948485823117
0.983588744261
0.893608420362
0.750649563594
0.901814363554
0.950332349528
0.935053730891
0.998728621159
0.87325122345
0.997347510216
0.950030270925
0.887377655012
0.950922632561
0.899040790071
0.997902477171
0.948972049846
0.785104182433
0.950915695474
0.902077972857
0.873694566369
0.950763079562
0.816793426164
0.988266232783
0.866197467333
0.906234549215
0.901857878008
0.950763079562
0.762634327229
0.799984233893
0.998635285808
0.759493718783
0.950332349528
0.949407825034
0.942888855255
0.776485797891
0.949717471369
0.750759295696
0.951050653347
0.900973084103
0.90144417537
0.776273901418
0.983908480904
0.902158064679
0.996717496595
0.941468013723
0.941716487564
0.936065284294
0.950017658039
0.88813127491
0.951025427577
0.949649992432
0.957280157409
0.598704656677
0.81103942788
0.708535139499
0.874384491196
0.998300413703
0.934600297664
0.957329978306
0.922734725796
0.85324025024
0.872483098734
0.998910246708
0.873660511579
0.750664699057
0.88635727259
