0.843715629887
0.995339538873
0.99470637203
0.997478684224
0.997499495485
0.987511351597
0.997413727864
0.995176202008
0.996808309369
0.998544473034
0.999760355179
0.856194187982
0.998755738863
0.997152641138
0.990680969679
0.996951465617
0.975239644821
0.996607764492
0.997032818728
0.852838529842
0.996729478836
0.998557085919
0.997537964785
0.843842389385
0.931792038747
0.974570531255
0.985126885626
0.971111447455
0.997611750164
0.997611750164
0.993993744009
0.941471797588
0.996393976086
0.947055521921
0.994718984915
0.975208743252
0.983868119671
0.993751576611
0.997382195651
0.997942207759
0.994248524292
0.998055093083
0.994601685081
0.997375889208
0.99755057767
0.995077821502
0.998695197013
0.959052898441
0.996976691388
0.995325664699
0.982701427779
0.998664295444
0.997575172797
0.996697946622
0.99858231169
0.856151934817
0.98437641895
0.985173553302
0.993236340245
0.997425710105
0.99858231169
0.943561122042
0.996297487513
0.998008425407
0.842481459059
0.997942207759
0.997521568034
0.98644745472
0.995498461228
0.996839210938
0.994185459866
0.998799253317
0.995796755966
0.996778669088
0.995007819989
0.995354674335
0.997655264618
0.995118182735
0.983281620504
0.984601558953
0.945379900106
0.997068765451
0.94589198325
0.998774027547
0.997240931335
0.974408455678
0.992232985218
0.944356364462
0.959558044498
0.99755057767
0.997440214924
0.973992861107
0.9744116089
0.998270773422
0.996486050149
0.992410196256
0.999048357802
0.99722390394
0.995585490137
0.993359946521
