0.802207885576
0.770016018364
0.766868472832
0.918200393522
0.959186595025
0.979759472277
0.567903990717
0.760017153524
0.955786161142
0.949064123909
0.976021013067
0.853110337521
0.938307224661
0.930124615307
0.746178926391
0.907282049342
0.972590938903
0.881732127541
0.894743580041
0.823686998638
0.911436733767
0.89220082236
0.849586928006
0.860366530448
0.921306947177
0.959378941527
0.86004174865
0.770509182181
0.93218871399
0.928758639826
0.960767620201
0.869882952424
0.87432142677
0.908651808688
0.927840421775
0.955600751728
0.949609000555
0.9321161899
0.945563417587
0.945378008173
0.933554689471
0.951496518844
0.900835603653
0.941925230816
0.918535896272
0.759740931335
0.955112002422
0.887985596085
0.941088365875
0.89695335755
0.58506823571
0.969002573029
0.952197795268
0.894092755159
0.959453988194
0.850196130367
0.760354548206
0.918153725846
0.912315851874
0.942411457545
0.93550148832
0.850012612885
0.905146687856
0.94858231169
0.828122950406
0.942521820292
0.949180793098
0.945378008173
0.935991498915
0.945378008173
0.91901455527
0.955569219515
0.932259346148
0.952197795268
0.87568740225
0.984154432168
0.932426466879
0.937658291711
0.950300817315
0.897627516271
0.913998410776
0.93871209828
0.921903536653
0.955112002422
0.962420538822
0.952744563846
0.585249861258
0.850645149084
0.753906210585
0.891126204531
0.955112002422
0.932324302507
0.962345492155
0.901104888754
0.919199964684
0.574592603804
0.965850612986
0.584976792291
0.777091216387
0.742936153574
