0.794022123001
0.935508425407
0.943207330609
0.957662958478
0.998767721104
0.983654961909
0.906006255991
0.916287018818
0.984947782655
0.983596942637
0.771889662479
0.842111901519
0.970745043136
0.969526638414
0.942702815196
0.970910902578
0.983654961909
0.956388426416
0.94327102568
0.814745093588
0.944993315171
0.735626986529
0.881648882498
0.83492634075
0.901318046516
0.96499230614
0.949665127895
0.94303894859
0.908473967005
0.956925104687
0.96361750164
0.93496039554
0.915631148782
0.908067832097
0.983701629585
0.935562660814
0.976289667524
0.95443910499
0.970333863075
0.784416149538
0.923609429393
0.998408884516
0.970406387165
0.998408884516
0.94274632965
0.921688486958
0.984206144998
0.929632082135
0.949957746834
0.957215201049
0.901884365067
0.984947782655
0.96320064578
0.943629862267
0.943338504616
0.814378689269
0.942113162807
0.950264239948
0.950931461581
0.921708667575
0.984153801524
0.880569850159
0.810546264063
0.956973664295
0.820497199939
0.971510645275
0.984947782655
0.77778051057
0.872418773019
0.935755007315
0.940254654155
0.957767645427
0.970769007618
0.96320064578
0.92884188487
0.978405479037
0.91592502901
0.998408884516
0.962806493113
0.95041244135
0.935683744513
0.970386206549
0.908402704203
0.984588946067
0.949491070077
0.963641466122
0.943059129206
0.761437364411
0.955661924222
0.929451087231
0.984564981585
0.97021782453
0.970502245094
0.970882523586
0.929744967459
0.873373568438
0.935755007315
0.851355254528
0.956800867767
0.907868548509
