0.843715629887
0.995537561172
0.994441501438
0.996784975531
0.997193002371
0.987511351597
0.996732632057
0.995017279653
0.996926870491
0.998557085919
0.999784319661
0.856194187982
0.998768351748
0.997190479794
0.990660789062
0.997044800969
0.975239644821
0.996713712729
0.997032818728
0.852833484688
0.996975430099
0.998569698804
0.997537964785
0.843842389385
0.913331819787
0.974570531255
0.984433176934
0.970870541345
0.997624363049
0.997624363049
0.994030321376
0.922470485848
0.996393976086
0.92850196761
0.99496367489
0.975221356137
0.98403208718
0.993844911962
0.997407421422
0.998072120478
0.994272488775
0.998172392917
0.994846375057
0.997447782655
0.99755057767
0.995216563241
0.998671232531
0.959052898441
0.997070026739
0.995512335402
0.98276070834
0.998664295444
0.997575172797
0.996816507744
0.998594924575
0.856151934817
0.984290651329
0.985173553302
0.993319585288
0.997438322991
0.998594924575
0.925007567731
0.99611964583
0.998114373644
0.842494071944
0.998072120478
0.997640129156
0.98644745472
0.995451793552
0.996945159175
0.993984914989
0.998799253317
0.995914055799
0.996884617325
0.995020432874
0.995354674335
0.997655264618
0.99532881792
0.983538923364
0.984718858786
0.926919681146
0.997162100802
0.92736365471
0.998774027547
0.997253544221
0.974421068564
0.991809192271
0.925449649362
0.958876948691
0.99755057767
0.997652111397
0.974016825589
0.974387644418
0.998283386307
0.996486050149
0.992711644216
0.999107638363
0.997201200747
0.995357196912
0.993592023611
