0.843697341204
0.995165481055
0.994500781999
0.997391024671
0.997093991221
0.98743945815
0.997474269714
0.994970611977
0.996881464104
0.998520508552
0.999736390697
0.856146259018
0.998757000151
0.997273724837
0.990475379648
0.996903536653
0.975191715857
0.996661369255
0.997008854245
0.852849881439
0.996754704606
0.998557085919
0.997514000303
0.843794460421
0.931792038747
0.974564855456
0.98502093739
0.970929821906
0.997636975935
0.997636975935
0.994012032693
0.941437742798
0.996393976086
0.947031557439
0.994718984915
0.975210004541
0.983916048635
0.993751576611
0.997455350386
0.997966172242
0.994248524292
0.998079057565
0.994577720599
0.997447782655
0.99755057767
0.994879799203
0.998623303567
0.958843524545
0.996976691388
0.995277735735
0.982575298925
0.998658619646
0.997551208314
0.996747136875
0.998630240654
0.856151934817
0.984435699511
0.985143913022
0.993254628929
0.99747363907
0.998630240654
0.943561122042
0.996026310479
0.998056354372
0.842529388023
0.997984460925
0.997570758287
0.986441778921
0.995516749912
0.99686317542
0.993809595883
0.998775288835
0.995796755966
0.99680263357
0.995055748953
0.995301069573
0.997655264618
0.995118182735
0.983305584986
0.984601558953
0.945350259825
0.997044800969
0.945942434791
0.9987021341
0.997264895818
0.97443242016
0.991845769638
0.943956535997
0.959641289541
0.99755057767
0.997465440694
0.974016825589
0.974363679935
0.998318702386
0.996462085667
0.992086045104
0.99902439332
0.997295797387
0.995451793552
0.993185888704
