0.864970864235
0.995084758589
0.978078805308
0.996825967408
0.997878512689
0.990457721608
0.996543438777
0.978109706877
0.997244715201
0.998227889612
0.999694137531
0.874359265426
0.998416452248
0.996688486958
0.974733237475
0.997183542707
0.981228242773
0.997031557439
0.996315145553
0.857820619545
0.995856667171
0.998264466979
0.996797588416
0.865025730286
0.935652842944
0.974564855456
0.987474143585
0.960842666868
0.996955880127
0.996955880127
0.980801296605
0.942784798951
0.995337016296
0.947031557439
0.99505827153
0.981246531457
0.986665657636
0.981100852631
0.996822183543
0.997078225115
0.98098985924
0.998692674436
0.994881691136
0.997609227587
0.997396700469
0.994198703395
0.998140230059
0.961198350235
0.997819232128
0.996248927905
0.98560932849
0.998318071742
0.996870112507
0.995251248676
0.998337621714
0.874364941224
0.98829524242
0.987445764593
0.980220473235
0.996840472226
0.998337621714
0.942504162252
0.983496670198
0.998760153373
0.863468038949
0.99667398214
0.996895968922
0.989119494476
0.994777634832
0.997226426517
0.980298673124
0.998434740931
0.995729277029
0.995764593108
0.993706170224
0.982382952424
0.996974168811
0.996598304828
0.987051611927
0.987892891378
0.946006129862
0.997360123102
0.945601886888
0.998361586196
0.997158947581
0.974480349125
0.961067806871
0.944473664295
0.961776651027
0.996834165784
0.997764366076
0.979522350033
0.974221154331
0.997657787195
0.995440441956
0.99136269613
0.999284218758
0.997070026739
0.979376040563
0.993160662933
