0.959346875012
0.984123029447
0.950620264805
0.853114791315
0.924559908269
0.951747957782
0.998798814109
0.994479662471
0.99166346017
0.988315107604
0.992874842721
0.998208273532
0.992550184887
0.99408362801
0.990304226035
0.993126103837
0.865650335335
0.858522773184
0.980898191151
0.801945542135
0.982113132914
0.96182043103
0.97104687001
0.987465898903
0.994272266237
0.866609110043
0.996255131999
0.989080338144
0.869552770606
0.993225376988
0.991501371739
0.99464877313
0.993325131114
0.983932467323
0.985207434713
0.802623427694
0.947078849047
0.813219393664
0.983551727853
0.985885224076
0.985594907826
0.999247370993
0.973895586193
0.979778097572
0.982683376365
0.948640284891
0.98606539715
0.992823859417
0.989996306115
0.989054846492
0.99644915714
0.992933425424
0.984448745426
0.990438321745
0.855696085637
0.988942490833
0.862809603331
0.993131683142
0.990686793208
0.987982754176
0.768095802439
0.784652678644
0.86749660432
0.997577138702
0.995768193344
0.977858720454
0.972809834198
0.990297780976
0.98428771514
0.871203571525
0.987363932294
0.98338232861
0.983900242026
0.989142480059
0.907471074189
0.982770144177
0.986056162439
0.988932678951
0.870832066767
0.994075162858
0.997936234315
0.984650177576
0.971703111713
0.987829611873
0.996592006587
0.935276791245
0.991023860186
0.985440322599
0.986047312506
0.966384206334
0.939228285922
0.894827214696
0.98181002274
0.988731439191
0.988848893181
0.990907752925
0.977285494961
0.997266717714
0.985488035277
0.987965631481
