0.974100673749
0.983703427232
0.986990888418
0.904861113783
0.972547318278
0.981074324038
0.998744175398
0.996374125107
0.987278318821
0.986802153997
0.990805690122
0.997877266833
0.989379985301
0.993623816322
0.991091004236
0.994867520364
0.962393656523
0.97145483264
0.98133491606
0.890520087422
0.980435108835
0.953308239287
0.98053053419
0.986252303868
0.992964015407
0.963006225735
0.995647949702
0.985577015572
0.954202371012
0.992363085779
0.989777655076
0.994292851948
0.993052899507
0.983599055751
0.986738088184
0.896260326524
0.9716447214
0.889584880468
0.98841996006
0.986947985486
0.978182608729
0.999752490486
0.969878101805
0.979353493222
0.986241626233
0.977107630565
0.986258460343
0.99122067498
0.98921905121
0.988099534801
0.995806767505
0.988838792715
0.983391370931
0.991806021032
0.908257371416
0.991017799907
0.955482917707
0.992774992401
0.987165482187
0.99223937912
0.860868486161
0.848008669086
0.960419063523
0.994160776331
0.995904597732
0.95961246917
0.952377457299
0.9887388462
0.985907252712
0.965462851448
0.980140271424
0.987540065182
0.965586365718
0.991670963373
0.972446698398
0.984049536533
0.985532284937
0.992253134992
0.970455944653
0.993647576465
0.998732728203
0.982575445671
0.977507897602
0.985270634771
0.99464329002
0.980312941294
0.992078156444
0.987925518202
0.979938550689
0.93717317778
0.962507455106
0.856722966343
0.979721150183
0.989061772526
0.987828938508
0.987154612161
0.977783399836
0.99693070888
0.986627367838
0.985661763291
