0.691271850675
0.887832209135
0.541424415808
0.579703161734
0.573572275087
0.834003170584
0.930578535452
0.569560658589
0.833953726399
0.491848539184
0.584272420149
0.91324671302
0.893115426201
0.836713173701
0.629234884893
0.787027634875
0.582333323073
0.631073265894
0.61144046112
0.616621903967
0.555787855584
0.746131713924
0.44021505335
0.887796328433
0.539329482972
0.610779698256
0.829629572625
0.703333827134
0.414289658277
0.829420156297
0.860857327551
0.850411329452
0.929956442943
0.638654964235
0.83900646045
0.570261727122
0.673180088422
0.61818940009
0.388462862992
0.844541227216
0.601634640173
0.715057101301
0.783188784443
0.818804566565
0.703140282967
0.753360280735
0.681704881699
0.570806767505
0.769850878644
0.854339641154
0.699309897687
0.765849939782
0.70385780083
0.712679355417
0.759393914325
0.630152199593
0.591717810296
0.832484926257
0.818898452801
0.324367807025
0.581903620392
0.259719245524
0.693602557246
0.837367683896
0.442419936973
0.988002377938
0.894443877963
0.502530311017
0.771953603269
0.644178380001
0.632264928489
0.504159756665
0.818677877863
0.743002397177
0.280461466241
0.841402290978
0.895811288666
0.584346778817
0.672395137924
0.479352916053
0.894028796909
0.681943445086
0.664838065482
0.894690233138
0.925734448168
0.408496704362
0.609687405008
0.500226923802
0.755242141837
0.49981597913
0.686757615751
0.645194583072
0.912980926472
0.506486519245
0.763800603335
0.758431772795
0.729798875674
0.788841101393
0.64826637526
0.580136327432
