0.973955419429
0.984070699414
0.987364413269
0.918454609468
0.97237782284
0.980686658535
0.998678955246
0.99647128197
0.987943987625
0.986889018004
0.990372909204
0.99800972723
0.988753564022
0.993801392133
0.991380743317
0.995122244497
0.966411910469
0.972745960776
0.982511764638
0.887120559162
0.980131710076
0.95105689352
0.980113240653
0.987075539942
0.993578123737
0.964856053931
0.995753283132
0.985550850555
0.955954849955
0.992296518898
0.98954890357
0.994639538418
0.992975558796
0.983135203876
0.986741743591
0.895500963873
0.972442562017
0.889614893281
0.988233630511
0.987043218451
0.977536563687
0.999822905163
0.968987529291
0.980174997788
0.987119308628
0.975305418852
0.986851982962
0.991201435998
0.989480028012
0.988698732921
0.995997425824
0.98850393822
0.983840985959
0.991970321945
0.92250018277
0.991754075779
0.956160129902
0.99304982127
0.987123925984
0.992412529965
0.843918749928
0.852356294418
0.965881010739
0.994116430476
0.996095256052
0.956423222991
0.951299689483
0.988792715352
0.986242780572
0.972632258387
0.979690656396
0.987435212725
0.961941444232
0.992097876401
0.973102170542
0.98453339695
0.986372355121
0.992245631789
0.970886513088
0.993788886794
0.998532931367
0.983324226881
0.978284575338
0.985412810854
0.994898591322
0.980202894313
0.99213875924
0.987498605174
0.979594750066
0.934083589532
0.957932809776
0.860083631858
0.979933740943
0.989738407551
0.988504996364
0.987730627306
0.979019119701
0.996861833321
0.986590236601
0.985625401614
