0.974708144631
0.990822331842
0.988654964235
0.872389558619
0.96286597355
0.969521795844
0.999607524751
0.997119250911
0.991168441142
0.991235681387
0.990139347952
0.997043545514
0.988611965108
0.994863961153
0.99371539388
0.995134653641
0.87276327586
0.79700843437
0.981275467603
0.837703404146
0.986349556926
0.970669882142
0.980577477308
0.992115383875
0.997569924083
0.801434554752
0.99583995475
0.990938439103
0.813163793004
0.993528583357
0.99286541562
0.995598216931
0.995148505708
0.985905809788
0.988475656915
0.95051406562
0.98428790753
0.88173191247
0.982819203583
0.988026522862
0.984669897533
0.999526143854
0.978103247925
0.971283124719
0.985769693985
0.963976159053
0.986389862595
0.991509836892
0.99291572556
0.991972823013
0.99863557134
0.994767766239
0.977203536895
0.997766161707
0.880382682607
0.990685157894
0.822082408259
0.996170480474
0.987831824356
0.991478573545
0.649998941856
0.791497620138
0.944513042106
0.993701349422
0.99716561686
0.962994008981
0.822980291586
0.991836033845
0.987323434235
0.809015579728
0.989230883185
0.988155424046
0.968791291667
0.99046679544
0.962855873084
0.986500005772
0.988711142064
0.991416720215
0.868442392714
0.992614731674
0.998197499702
0.987200689525
0.984081858024
0.989599886875
0.997693053573
0.983441777066
0.990667746615
0.99201486019
0.986965589155
0.968308874173
0.825086864007
0.912567192147
0.991026746034
0.99482750328
0.991906352327
0.988156770775
0.981767889368
0.997078560462
0.989993420268
0.986806771352
