0.972420725771
0.985203490721
0.985852133026
0.907118808414
0.970972799926
0.97931135985
0.998678762856
0.995598024541
0.988591571786
0.987292170888
0.990904001324
0.998321398751
0.987581909969
0.993180742548
0.99154542901
0.99488329633
0.9635591541
0.962679163027
0.983468326863
0.79500700299
0.980666361408
0.960551908699
0.979944707163
0.987753136916
0.994003305257
0.958523927523
0.99623108327
0.986296553529
0.950918372844
0.992897544721
0.9901535848
0.994799029586
0.992855892323
0.983574429853
0.984832082158
0.864166817372
0.971327470574
0.895360615494
0.987819415212
0.987255713016
0.977642570482
0.999639557657
0.970774638403
0.979838123199
0.986838996649
0.976190508255
0.98688776747
0.991538695366
0.989591710307
0.989082069653
0.996045138501
0.987874919677
0.983831366468
0.991702515305
0.911355809596
0.991740608491
0.949974412153
0.992223218374
0.987314007134
0.992534697505
0.81945869198
0.856150029436
0.958009573318
0.994025430087
0.99568373421
0.959395453444
0.958993358703
0.988707294268
0.987204537322
0.964779098
0.979583302872
0.987619137401
0.964478104114
0.992041794766
0.970771752556
0.985055542943
0.987001373663
0.992174832332
0.963199385122
0.993322052876
0.998476464952
0.983415996829
0.978443296946
0.986620441804
0.994373751871
0.978851548161
0.992509879218
0.987729472967
0.979359264917
0.944511695378
0.960386742032
0.872691610649
0.978062365087
0.989719360958
0.988820419487
0.988387830959
0.978541800538
0.997117519403
0.986948081681
0.985160972569
