0.968421614612
0.982666830839
0.990417832228
0.844381447464
0.975439899342
0.981647549531
0.99874205911
0.995905944461
0.990897652459
0.987750924433
0.986827164674
0.99734963773
0.98323043684
0.994280635194
0.99345797629
0.995568973677
0.948813820516
0.975681733355
0.985934956847
0.8048475503
0.981788571275
0.95608923425
0.980028204349
0.990083073928
0.993740500752
0.949079510868
0.993357260215
0.98914113333
0.957470208435
0.994684461443
0.990284794662
0.994452439311
0.995085882819
0.983621084386
0.984869982954
0.808914575069
0.984713185244
0.801229467196
0.990863695655
0.986782818819
0.976751516994
0.9993399105
0.967079022198
0.981978460035
0.984141498871
0.968490778756
0.988182839597
0.989768708949
0.993447106265
0.990306534713
0.995543289635
0.992145396689
0.986394576146
0.989869136439
0.8492396754
0.993236631793
0.933373382483
0.992259291467
0.99060050637
0.992476691972
0.688784250199
0.897235261977
0.949818191613
0.995330698875
0.9958616948
0.94462645591
0.949221590756
0.989295237582
0.985680425105
0.945442284976
0.983859840163
0.987082177391
0.948306488539
0.992893312145
0.964767458415
0.988810030436
0.990400901924
0.99133889853
0.950961852945
0.992671101894
0.998342561632
0.988128393276
0.983004763572
0.989112371051
0.996718214315
0.977502991662
0.991530422603
0.988173797275
0.9753744868
0.945181885343
0.959885181751
0.903060825968
0.978756988561
0.989316689048
0.992607036081
0.991633447356
0.978106807137
0.997424765958
0.987569116046
0.986591102355
