4.8
1.8
3.7
7.0
3.7
4.0
9.9
2.2
3.7
3.8
14.9
6.2
1.2
3.7
5.7
3.1
0.28
0.19
4.9
0.19
4.9
0.37
0.37
6.8
4.0
4.5
0.28
2.7
3.9
3.9
6.8
3.3
16.0
3.7
0.28
29.5
0.91
0.19
0.19
15.8
6.6
0.1
4.1
4.1
15.6
3.9
1.6
10.3
0.73
5.3
0.64
4.3
3.9
0.92
3.6
235.9
0.82
3.3
3.8
1.1
0.37
1.4
4.1
4.4
3.5
0.19
6.5
3.5
1.01
3.3
27.9
0.28
2.1
0.37
3.8
11.6
0.74
31.1
3.8
1.0
3.4
7.1
1.4
57.4
26.1
29.3
5.8
3.3
0.1
4.9
0.19
0.28
3.1
0.19
3.3
5.0
0.19
14.1
0.28
0.19
13.0
3.5
0.28
0.19
0.1
5.8
1.1
0.55
0.19
4.0
9.9
5.0
2.7
0.19
3.5
428.0
3.6
0.28
8.8
3.6
6.0
3.5
16.2
4.3
9.7
3.6
18.1
0.28
3.4
0.28
3.8
4.0
0.28
1.6
13.2
7.7
4.0
4.2
1.2
0.28
0.19
4.4
4.0
5.4
0.1
0.1
0.1
7.7
6.3
6.3
16.4
20.3
1.4
9.4
0.1
2.9
2.9
4.2
3.6
4.2
3.5
4.3
16.0
11.5
3.7
0.1
19.5
3.7
1.0
3.3
25.0
9.4
5.7
0.1
4.8
0.19
3.8
69.3
3.9
4.2
6.9
1375.7
99.7
4.3
3.5
3.9
3.9
3.3
3.4
0.1
10.8
3.4
14.0
3.7
5.0
31.4
0.37
3.6
3.2
27.9
0.37
17.5
0.28
48.3
4.2
3.7
20.7
4.4
3.8
0.28
7.5
0.37
0.1
4.0
1.4
10.6
3.8
109.4
4.0
156.3
281.3
4.4
5.5
3.4
0.73
24.6
0.19
0.19
4.1
0.1
29.3
0.28
13.8
0.28
11.5
4.0
0.1
0.37
3.6
3.4
3.9
0.19
11.9
0.19
0.19
0.64
4.4
3.5
