0.795031184444
0.990962086555
0.994316536601
0.999347200685
0.996721195461
0.989678045705
0.997636999692
0.996699637681
0.989290867976
0.995381401731
0.998546500132
0.997070431498
0.990773508016
0.993479470303
0.994590662359
0.998117455706
0.994879120324
0.992596969125
0.996189714411
0.999610294806
0.997141765448
0.990298225869
0.999548773362
0.998211655771
0.997880647209
0.996864606734
0.998924906075
0.995015662842
0.997302393211
0.996990950193
0.987390215147
0.996661904132
0.998654853994
0.999625756938
0.997214675347
0.999582938727
0.996756104197
0.998243799165
0.994447964723
0.798609627259
0.999757928431
0.996986698106
0.991356787207
0.994296227686
0.991615748181
0.995558145793
0.790383683883
0.990834613172
0.998291018137
0.981533843485
0.996617539707
0.998482362019
0.994071045523
0.997226628765
0.988743181423
0.99521149669
0.991910628878
0.7984594067
0.598477396296
0.995299868721
0.996927495982
0.997453773429
0.994721376843
0.99680418548
0.98104568614
0.991288278069
0.788980435943
0.980610962354
0.987725118977
0.79723905794
0.992917629953
0.988838719557
0.997047862732
0.994225993925
0.996568625848
0.996832998568
0.997568668963
0.993801023177
0.996394795803
0.993308940829
0.9948334773
0.996395122887
0.996922857343
0.996239609522
0.994819115358
0.994752628191
0.997078965405
0.998044843156
0.998706295318
0.995847347129
0.99591190153
0.99645236251
0.996834931335
0.99788962714
0.995632542435
0.991211056614
0.798443795894
0.995964026755
0.996387005268
0.964479320142
