0.796164499243
0.992241459031
0.993271891182
0.999370631762
0.997330641337
0.989497198232
0.998137348334
0.997528378216
0.989746406169
0.994342405937
0.998782565257
0.997670540625
0.93041255644
0.993539772617
0.994385908051
0.998359110987
0.996108181401
0.992971925823
0.996228191332
0.99964805809
0.996940817203
0.99145366341
0.999548951772
0.998100031073
0.998132917838
0.996934483676
0.99907589974
0.994749773643
0.997911660678
0.997566974076
0.906751569629
0.997223417399
0.998817979486
0.999541190971
0.997762094286
0.999684691449
0.997235430286
0.998665736956
0.995023958871
0.798893238439
0.99977868337
0.996852415438
0.990403844124
0.994975015276
0.992075568196
0.995278162266
0.791612209732
0.99049896597
0.998568682344
0.912007534816
0.996087366992
0.998787620185
0.992007445611
0.997582495677
0.988729860202
0.995591924604
0.991581344938
0.799027223759
0.598179809727
0.995479169981
0.997595697959
0.998274931573
0.994330898543
0.997490258114
0.896337585915
0.991617978297
0.788779249819
0.983745671718
0.902114862826
0.797902323929
0.993148253597
0.988229392621
0.99749549145
0.993842741198
0.99732424834
0.996958539185
0.998172167865
0.993210756292
0.997019198318
0.994098461072
0.995620380874
0.995909136187
0.997651777922
0.996285222811
0.994641122432
0.994718968319
0.997264808336
0.998385961574
0.998041869669
0.9967077553
0.996948221186
0.996311954458
0.997556120848
0.99756474396
0.99535678126
0.990146845651
0.798894457569
0.995085539785
0.996783222397
0.809702576972
