0.795041591648
0.991699868126
0.994258702281
0.999347587238
0.996734397743
0.98470459151
0.997653740424
0.996555601975
0.988762479353
0.995135375425
0.998575521364
0.996936654322
0.990664470251
0.99347340439
0.994673146886
0.998129319919
0.994836421052
0.992583707373
0.996178415161
0.999629563001
0.997085863895
0.990246903485
0.999556236814
0.998083974244
0.997978147845
0.996860681731
0.99892823638
0.995017149586
0.99730819151
0.99691661302
0.988677110544
0.996685394678
0.998654556646
0.999620107313
0.997137602567
0.999542261426
0.996772012352
0.998231845747
0.994463248445
0.798621967229
0.999781686592
0.996794521648
0.991375936463
0.994383648201
0.99105066673
0.995836761516
0.790336167562
0.985916019809
0.998372967436
0.979643954678
0.996664461331
0.998489557857
0.994044492285
0.997166148041
0.983805706419
0.995163177528
0.991900370348
0.798312100159
0.598408887158
0.995367158729
0.996863536279
0.997288269148
0.994601545321
0.996821134356
0.982474862885
0.99120157119
0.783992352192
0.982070349727
0.989046596027
0.797257315149
0.993055897094
0.988534412907
0.997073940212
0.994244548483
0.996579568279
0.996870226624
0.997408576428
0.993752079582
0.996360184416
0.99333831888
0.994837818591
0.996351531569
0.996941055082
0.996267084541
0.994688876632
0.994695150689
0.997094784355
0.998034554891
0.998677928253
0.99589254413
0.995632810049
0.99636601245
0.996807277907
0.997901104799
0.995630014972
0.991122744053
0.798391581464
0.995990579993
0.996368450709
0.965006162552
