0.666871460621
0.927839479283
0.873028184196
0.727711262528
0.944149084686
0.56152465541
0.999045748583
0.706883711387
0.655979161804
0.720047100033
0.903094299677
0.855488298586
0.867862761685
0.764463352517
0.70380314922
0.927653755291
0.854244399809
0.812558611144
0.852776954287
0.92877785228
0.652270391058
0.812688344377
0.9990396232
0.80770852692
0.943971894602
0.849581526321
0.946099543421
0.867581142741
0.998696363872
0.886594420847
0.89554982003
0.926206916033
0.858756071489
0.867401871215
0.99742965845
0.890449487148
0.927923212674
0.726693883983
0.957499000165
0.59836303599
0.927994754769
0.944555857695
0.945215763643
0.945230898692
0.608053005378
0.943749983274
0.797801284844
0.860486254313
0.927173418216
0.784131749258
0.944745476955
0.928123744631
0.806135314469
0.927260244034
0.688022527137
0.742163538806
0.81001987776
0.619898455422
0.388248244528
0.895635456453
0.817409884763
0.812521739906
0.823673862009
0.943507317008
0.810205066524
0.894824437899
0.660014005123
0.900396930767
0.679768692454
0.799117647496
0.996798862939
0.803560036931
0.998273534034
0.950220320512
0.68159396739
0.998699842851
0.86705557893
0.763468721148
0.956164499243
0.78297553861
0.858528986294
0.816800260477
0.869662464634
0.902371980238
0.515699326951
0.945656434403
0.891636681529
0.667963949445
0.742929598237
0.906509408856
0.717398496308
0.801003284216
0.789405971654
0.825711384441
0.867260868466
0.786070551924
0.586438669602
0.867728419547
0.874100542513
0.678998202527
