0.797682642716
0.980115519966
0.986691267315
0.999457992807
0.998226969229
0.960851636384
0.998763980964
0.98075029995
0.856314868475
0.959249491905
0.999271644383
0.998159887364
0.799181220646
0.959770357606
0.996669248644
0.99913941342
0.996667970045
0.967446205905
0.980423751619
0.999519900804
0.997618653278
0.967117814011
0.99953679021
0.997574913286
0.99889757973
0.996928298824
0.999204175965
0.977847760444
0.998350844693
0.996945574782
0.898305766632
0.998173000442
0.999279286244
0.99958454441
0.997981121332
0.999517284136
0.998658481648
0.99917018901
0.988811363478
0.799043696877
0.999736638265
0.962110789149
0.977786090326
0.997359454425
0.980690057106
0.97910313688
0.758897371586
0.961345770438
0.999241671635
0.958137645682
0.996881169056
0.999074472466
0.975308105279
0.997803544694
0.960236124595
0.979000938135
0.969346680325
0.781745288138
0.597989447095
0.979058207493
0.980758982532
0.981288411876
0.995348990724
0.998588664176
0.843638180167
0.955475780206
0.76014986374
0.93318503563
0.850188266323
0.798393781844
0.987887322687
0.934959672084
0.99859009145
0.980204010936
0.980646852341
0.979944157916
0.98089680365
0.975838396934
0.998033543906
0.987331280636
0.975899353415
0.989655952698
0.998687978638
0.979134804516
0.975530819448
0.996211985828
0.997241555669
0.998928682403
0.998751759933
0.998231697073
0.979880049538
0.894275443012
0.998385872369
0.997918618637
0.979985548854
0.956454860239
0.798049541265
0.981163852509
0.996848341761
0.914814506453
