0.796225812542
0.901421891703
0.994789915717
0.999253535848
0.997442622853
0.974915813152
0.998483819028
0.974356232652
0.866295198859
0.898400055902
0.998890383892
0.997785376689
0.90110230133
0.995425141724
0.994840613668
0.997689600676
0.995748924713
0.974161112441
0.973876014517
0.999588707291
0.997713983268
0.973050277203
0.999003019576
0.99892487634
0.99861147082
0.997713358836
0.999387937456
0.996046749161
0.998098395655
0.998246059015
0.901483323942
0.99729579207
0.998911228035
0.999451391666
0.997700780986
0.999766462339
0.99807918693
0.998702072966
0.9960094319
0.799375419076
0.999733664778
0.997547735615
0.956767284508
0.995381966694
0.994218619678
0.995491063928
0.79239370156
0.976394885008
0.998473887581
0.888769734661
0.996312816769
0.998063932942
0.900133479827
0.99713688893
0.974426377208
0.995239150118
0.992571218728
0.775924598319
0.504236415997
0.996936654322
0.997717135164
0.975377774077
0.993164607775
0.997557221039
0.786396297414
0.991955766409
0.77488325347
0.953396718163
0.895873513814
0.796670348835
0.994929193843
0.8054401727
0.997564773695
0.959689330088
0.995595225175
0.997824002284
0.975337453595
0.901424389432
0.997483775912
0.993296154835
0.900285335803
0.996990533904
0.995895398678
0.996342848987
0.973856805791
0.995044208317
0.995743156148
0.998420691901
0.975569147695
0.99499811927
0.976753487528
0.902677506018
0.997660073951
0.99804175073
0.960546883711
0.897591118789
0.798757379823
0.961387904747
0.994425366222
0.771603229801
