0.79551104576
0.992065934099
0.994174374193
0.999291923564
0.99695288956
0.973237517674
0.997697391211
0.996551558033
0.987074014549
0.994905168069
0.998512661851
0.996801033584
0.974716648999
0.993080071542
0.994955747081
0.998120518398
0.994900648369
0.992444964474
0.995978388697
0.999620464132
0.996907989908
0.990602621723
0.999482137521
0.997998159412
0.998077997535
0.996959223087
0.999002930371
0.994921670921
0.997581276548
0.996707041663
0.97225965677
0.996681885964
0.998631690531
0.999625519059
0.997332365959
0.999464356069
0.99675208999
0.998198542694
0.994543711001
0.798701894557
0.999723941476
0.996261910673
0.991614707461
0.994608443811
0.976131374598
0.994676744805
0.790690547731
0.974337440214
0.998245523787
0.950233076771
0.996787623158
0.998441654983
0.993478459317
0.997057853648
0.972452933419
0.995163296467
0.991818302109
0.79806788768
0.597936905581
0.995270817754
0.996976023288
0.99708351484
0.994134797082
0.997070788316
0.965051537962
0.991352505386
0.772426201772
0.96898445015
0.967642069487
0.797548330313
0.992724591183
0.988293382059
0.997044502692
0.994381923578
0.996607043298
0.996751881846
0.997158565649
0.993428147919
0.996276153676
0.993541943263
0.994652689296
0.996224801557
0.997323207619
0.996077197667
0.994243388824
0.99484691746
0.997091483785
0.998204578872
0.998449623928
0.996282903491
0.994894909539
0.995455114472
0.997006442059
0.997655851599
0.995092051721
0.990674936925
0.798196163905
0.99580057418
0.996589797074
0.923775614731
