0.857051597052
0.978778050778
0.971931203931
0.95468959869
0.987616707617
0.952049140049
0.949860769861
0.99162981163
0.977598689599
0.914594594595
0.980357084357
0.946797706798
0.962466830467
0.922909090909
0.980183456183
0.981248157248
0.924766584767
0.921271089271
0.976976248976
0.953179361179
0.987924651925
0.922909090909
0.914496314496
0.982781326781
0.988704340704
0.972520884521
0.970545454545
0.977995085995
0.980026208026
0.968530712531
0.973002457002
0.989025389025
0.991125307125
0.987616707617
0.987963963964
0.910817362817
0.928763308763
0.970735462735
0.943318591319
0.896701064701
0.95085012285
0.98514987715
0.9874004914
0.973058149058
0.982758394758
0.993667485667
0.993598689599
0.85102047502
0.90897952498
0.986296478296
0.966653562654
0.977991809992
0.986335790336
0.972891072891
0.915534807535
0.877038493038
0.986938574939
0.928366912367
0.980507780508
0.926031122031
0.976556920557
0.990067158067
0.977297297297
0.946371826372
0.879659295659
0.918142506143
0.96916953317
0.863806715807
0.939495495495
0.989346437346
0.989834561835
0.881936117936
0.988494676495
0.799207207207
0.911403767404
0.987207207207
0.922742014742
0.971646191646
0.916704340704
0.981385749386
0.982018018018
0.914191646192
0.99024979525
