0.914224406224
0.811380835381
0.835269451269
0.931207207207
0.762417690418
0.836556920557
0.832520884521
0.94972972973
0.981162981163
0.781018837019
0.907479115479
0.80323013923
0.964347256347
0.94474037674
0.977084357084
0.98018018018
0.661251433251
0.769153153153
0.8358001638
0.837143325143
0.763027027027
0.94474037674
0.8022997543
0.946122850123
0.991475839476
0.968314496314
0.970971334971
0.975380835381
0.937110565111
0.971223587224
0.970296478296
0.968406224406
0.840855036855
0.762417690418
0.797117117117
0.525061425061
0.801457821458
0.971764127764
0.952825552826
0.878316134316
0.962165438165
0.98722031122
0.816176904177
0.946076986077
0.832737100737
0.990961506962
0.971741195741
0.923728091728
0.946738738739
0.988406224406
0.967295659296
0.813726453726
0.833248157248
0.964013104013
0.950922194922
0.763642915643
0.978139230139
0.758132678133
0.903842751843
0.811947583948
0.976104832105
0.972081900082
0.947996723997
0.949451269451
0.644547092547
0.895374283374
0.969162981163
0.753667485667
0.810997542998
0.821628173628
0.993267813268
0.773474201474
0.948796068796
0.804501228501
0.799023751024
0.90703030303
0.810191646192
0.944298116298
0.931413595414
0.973785421785
0.928881244881
0.91104013104
0.799160524161
