0.909297297297
0.96668959869
0.96991973792
0.970263718264
0.984619164619
0.924248976249
0.922732186732
0.99314987715
0.963593775594
0.934188370188
0.98056019656
0.917791973792
0.935937755938
0.944032760033
0.968347256347
0.971282555283
0.955482391482
0.957333333333
0.978529074529
0.927577395577
0.986676494676
0.944032760033
0.948848484848
0.98515970516
0.990604422604
0.947292383292
0.973972153972
0.967289107289
0.966286650287
0.961533169533
0.955574119574
0.990132678133
0.989408681409
0.983708435708
0.990276822277
0.858486486486
0.918253890254
0.975823095823
0.958571662572
0.924108108108
0.971626535627
0.986912366912
0.991371007371
0.986738738739
0.969438165438
0.992127764128
0.99696969697
0.915053235053
0.955295659296
0.987613431613
0.970676494676
0.965962325962
0.990096642097
0.961834561835
0.950306306306
0.870335790336
0.992999180999
0.812134316134
0.964317772318
0.957936117936
0.982191646192
0.994221130221
0.9784995905
0.956396396396
0.871456183456
0.952730548731
0.95465028665
0.930656838657
0.803711711712
0.993097461097
0.991272727273
0.870912366912
0.989251433251
0.941805077805
0.80664045864
0.986735462735
0.916222768223
0.943148239148
0.937031941032
0.971282555283
0.98210974611
0.931646191646
0.993673218673
