0.882427518428
0.978666666667
0.970843570844
0.964425880426
0.987397215397
0.957795249795
0.955066339066
0.991918099918
0.977746109746
0.919675675676
0.980835380835
0.95122031122
0.961995085995
0.942637182637
0.979832923833
0.982702702703
0.928304668305
0.926506142506
0.97601965602
0.958293202293
0.988373464373
0.942637182637
0.91982964783
0.983737919738
0.988455364455
0.973336609337
0.959767403767
0.978158886159
0.980504504505
0.967207207207
0.972013104013
0.987728091728
0.98817035217
0.987397215397
0.988330876331
0.921143325143
0.943033579034
0.959017199017
0.934086814087
0.891099099099
0.961235053235
0.984815724816
0.986686322686
0.973221949222
0.981251433251
0.993182637183
0.993805077805
0.863148239148
0.915767403767
0.985575757576
0.956032760033
0.977094185094
0.986132678133
0.972507780508
0.922637182637
0.887718263718
0.987456183456
0.913631449631
0.980848484848
0.93123013923
0.977238329238
0.990185094185
0.978348894349
0.925300573301
0.889552825553
0.925094185094
0.96954954955
0.887859131859
0.929254709255
0.989323505324
0.989981981982
0.893300573301
0.988681408681
0.902093366093
0.915554463554
0.988163800164
0.938630630631
0.971918099918
0.922748566749
0.980900900901
0.981408681409
0.92116953317
0.989422604423
