0.892517608518
0.97866011466
0.970968058968
0.964242424242
0.987397215397
0.958037674038
0.955066339066
0.991983619984
0.977615069615
0.929765765766
0.980651924652
0.95122031122
0.96154954955
0.942322686323
0.979518427518
0.982204750205
0.93865028665
0.936543816544
0.975836199836
0.958293202293
0.988373464373
0.942322686323
0.929867321867
0.983862407862
0.988337428337
0.973074529075
0.959583947584
0.977844389844
0.98019000819
0.963865683866
0.968671580672
0.987852579853
0.98817035217
0.987397215397
0.988147420147
0.921143325143
0.943158067158
0.959141687142
0.934329238329
0.90132022932
0.961235053235
0.984881244881
0.986502866503
0.973346437346
0.981244881245
0.993431613432
0.99392956593
0.883714987715
0.925988533989
0.985208845209
0.956281736282
0.976963144963
0.986257166257
0.972376740377
0.932982800983
0.897808353808
0.987580671581
0.913755937756
0.980966420966
0.941451269451
0.977238329238
0.99030958231
0.978348894349
0.925300573301
0.899642915643
0.935315315315
0.969235053235
0.89808026208
0.919557739558
0.98914004914
0.989923013923
0.90018018018
0.988681408681
0.798905814906
0.915678951679
0.98798034398
0.938630630631
0.968445536446
0.932655200655
0.980894348894
0.981408681409
0.931384111384
0.989348894349
