0.891403767404
0.97866011466
0.970843570844
0.964425880426
0.987397215397
0.957795249795
0.955066339066
0.991918099918
0.977615069615
0.928651924652
0.980835380835
0.951036855037
0.962584766585
0.942506142506
0.979701883702
0.982571662572
0.937411957412
0.935613431613
0.97601965602
0.958293202293
0.988373464373
0.942506142506
0.928936936937
0.983737919738
0.988455364455
0.973074529075
0.959767403767
0.978027846028
0.980373464373
0.963865683866
0.968671580672
0.987728091728
0.98817035217
0.987397215397
0.988330876331
0.921143325143
0.943033579034
0.959017199017
0.934086814087
0.900206388206
0.961235053235
0.984815724816
0.986686322686
0.973221949222
0.98112039312
0.993307125307
0.993805077805
0.881487305487
0.924874692875
0.985575757576
0.956157248157
0.976963144963
0.986132678133
0.972193284193
0.931744471744
0.896511056511
0.987456183456
0.913631449631
0.980717444717
0.940337428337
0.977238329238
0.990185094185
0.978348894349
0.925300573301
0.898529074529
0.934201474201
0.969418509419
0.896966420966
0.919557739558
0.989323505324
0.989981981982
0.899066339066
0.988681408681
0.902093366093
0.915554463554
0.988163800164
0.938630630631
0.968445536446
0.931724815725
0.98076986077
0.981408681409
0.93027027027
0.989422604423
