0.555868959869
0.53655036855
0.610814086814
0.600363636364
0.404976248976
0.371390663391
0.865212121212
0.72495004095
0.741903357903
0.712108108108
0.536707616708
0.650181818182
0.671826371826
0.501497133497
0.827754299754
0.487613431613
0.563295659296
0.631855855856
0.684140868141
0.721280917281
0.238647010647
0.501497133497
0.672628992629
0.592022932023
0.868514332514
0.722276822277
0.616691236691
0.647072891073
0.660242424242
0.886165438165
0.84208026208
0.833064701065
0.675371007371
0.404432432432
0.326493038493
0.662633906634
0.763328419328
0.880756756757
0.63011957412
0.654630630631
0.60838984439
0.876452088452
0.621857493857
0.650011466011
0.34093038493
0.89866011466
0.913267813268
0.9257002457
0.715164619165
0.805926289926
0.858358722359
0.507118755119
0.534578214578
0.862453726454
0.897094185094
0.813457821458
0.892933660934
0.670843570844
0.406404586405
0.581100737101
0.909798525799
0.556687960688
0.614011466011
0.853470925471
0.697677313677
0.528776412776
0.639105651106
0.517094185094
0.66152006552
0.508334152334
0.728252252252
0.8735004095
0.737244881245
0.705981981982
0.447266175266
0.51045045045
0.582823914824
0.850922194922
0.851312039312
0.871348075348
0.69180999181
0.601090909091
0.634340704341
