0.996991752558
0.398359515113
0.595291442406
0.596656160177
0.795285899946
0.993982815282
0.996830129193
0.797112556776
0.594469457537
0.594918396792
0.788956267969
0.596529337751
0.596528053232
0.596228570096
0.790540138887
0.597700949557
0.993896978515
0.387824904413
0.399452105237
0.797880342096
0.199972787235
0.594901721838
0.586659179985
0.998627884354
0.998360430927
0.597155861704
0.99491432915
0.996241379602
0.386354059239
0.797409363831
0.59637662276
0.398896253594
0.597806506063
0.594173280847
0.797945662246
0.595855298503
0.995793011243
0.992142754262
0.993048791845
0.797642765621
0.597894971336
0.99634423624
0.596861445281
0.399193393673
0.799338996237
0.994906407952
0.798134664888
0.191314418162
0.997250154886
0.796561890783
0.399972668298
0.996856830529
0.798539573699
0.598029358149
0.398795823269
0.397106312588
0.986354130602
0.595651286023
0.59696820305
0.597374693723
0.397787107453
0.59724697927
0.597489360796
0.795985772291
0.597689151015
0.994648362435
0.39752939496
0.797152638514
0.395910544697
0.794149279379
0.59680475995
0.596254700535
0.795421809152
0.396181102376
0.595193188626
0.997700331085
0.794790539616
0.797304413903
0.595862648803
0.396411697255
0.794273175957
0.797587662151
0.796893451203
0.398925214732
0.595665225429
0.99433515398
0.597334183812
0.597680278322
0.792959957868
0.992791115032
0.397644989741
0.595147992601
0.795315003808
0.796420902971
0.794646055059
0.59668320643
0.794887449409
0.597481499067
0.795790025927
0.795241786247
