0.996070146134
0.397677388155
0.440116741333
0.458952244334
0.796425374999
0.793080631255
0.90217497546
0.750206527995
0.303489692154
0.450615694748
0.613279270165
0.597846754313
0.59775715914
0.504040310573
0.617689343693
0.551237746674
0.848690784138
0.214766302652
0.399032900209
0.797460375872
0.199707486567
0.597418712272
0.413669323757
0.995482443188
0.997226117736
0.597430629751
0.702039827451
0.993787568453
0.329224713329
0.648969393846
0.597675711145
0.362261866008
0.542243166748
0.156355958662
0.797525969577
0.303800640808
0.849745837773
0.815153953719
0.848448117163
0.658843012677
0.473898581784
0.901819699021
0.451078525834
0.398905233331
0.797518226784
0.996293949715
0.798014491035
0.0188551870586
0.997300774434
0.796493109569
0.399270821601
0.960558832201
0.796800490115
0.549652852898
0.398815721414
0.395041734367
0.787578883418
0.264723681611
0.541542985167
0.598372764685
0.398648234459
0.450896302596
0.471284883749
0.797153007219
0.463075584762
0.996224157537
0.398768860272
0.796985246709
0.398313760085
0.649802094931
0.447357727373
0.450848930026
0.650113043585
0.112337456361
0.450432412972
0.993996921199
0.649405131105
0.658106912149
0.450549708551
0.251371039267
0.649794364032
0.796674298055
0.646747248008
0.351835975537
0.300217666436
0.725318872825
0.503172868017
0.450485506408
0.541137315159
0.82572943114
0.398431055664
0.43694601418
0.797035711639
0.591197408032
0.796431345632
0.458918347315
0.797226724315
0.451004808738
0.614663315183
0.658116569826
