0.997051791909
0.398381970402
0.595320082414
0.596706946237
0.79540733453
0.993950321718
0.996696705769
0.797099140693
0.594556566929
0.594875103758
0.788095236113
0.596615971395
0.596599534314
0.596067814971
0.789592045214
0.597719123116
0.993827543148
0.389984322926
0.399442756796
0.797921755927
0.1999547564
0.59482429391
0.588783345598
0.998600754845
0.998322727927
0.597073700088
0.994953958928
0.996302846196
0.386398684367
0.79744644836
0.596268366386
0.398905697185
0.59778590619
0.594237007243
0.797941190218
0.5959035631
0.995883641168
0.992202864976
0.993159426957
0.797604491724
0.597850334314
0.996238881926
0.596884495254
0.399159615591
0.799339686071
0.994969492088
0.798038207055
0.190397652471
0.997273133496
0.796512936351
0.399963081984
0.996849504015
0.798552585397
0.59803761237
0.398774485987
0.397049984068
0.98874371582
0.595710254942
0.59701553994
0.59735364189
0.397784609778
0.597229852355
0.597513600138
0.796076806601
0.597692338524
0.994631497181
0.397458556137
0.797175426826
0.395893013396
0.794248972296
0.59679067782
0.596322542148
0.795465554147
0.396193804838
0.595258603926
0.997745265449
0.794744130434
0.797314475966
0.59592963407
0.396477564515
0.794187160785
0.797646916519
0.796920568818
0.398960729293
0.595713537601
0.9943435985
0.597256446648
0.597699807762
0.79300327469
0.992896326622
0.397680266428
0.595175229153
0.795405776456
0.79646398192
0.794557018889
0.596712393547
0.795023299146
0.59748582837
0.795784174231
0.795218855211
