0.996967453748
0.398400905157
0.545702006668
0.595449890156
0.796528933365
0.841379316087
0.995811767594
0.794440377463
0.287866306351
0.442384523263
0.769735920814
0.598123520499
0.598166290212
0.596779699944
0.770946306052
0.597336288995
0.841502380106
0.235570913218
0.399282370375
0.7978141656
0.199857014048
0.596684942908
0.43424155539
0.998198129622
0.997734501659
0.59842949759
0.686616624359
0.997241710365
0.385690629163
0.643311125037
0.597429380913
0.398897145621
0.597682478655
0.13288937357
0.798128848873
0.28809803113
0.841985454254
0.860289487678
0.840472386477
0.795264372366
0.597593240292
0.995353622622
0.443430918292
0.398908266222
0.798566453441
0.996208267566
0.797809312974
0.171686069836
0.997345447137
0.797722025177
0.399800959083
0.996661250676
0.797496497011
0.59825960811
0.398647056984
0.398341662683
0.981026922678
0.574843416586
0.598081880687
0.597696132612
0.398250449968
0.443200704011
0.597712189094
0.797375633324
0.435504415592
0.996256674888
0.398727886507
0.797559474104
0.398140207347
0.641991674654
0.442651393899
0.57776202128
0.6424198951
0.117241177528
0.442436665204
0.997488076278
0.642339731624
0.794528688118
0.442817941252
0.243569848495
0.641849818603
0.797978774281
0.642662466925
0.398920564299
0.288067761687
0.841472182025
0.596073666667
0.443689653643
0.558954944201
0.995572740089
0.398632427744
0.545596093351
0.796893653396
0.642410308785
0.79679522121
0.595171851345
0.797300227324
0.443401564663
0.661791637046
0.762316077451
