0.997013458544
0.398589824543
0.594965281722
0.596424352142
0.795313766864
0.995307582145
0.996918261442
0.797390381501
0.594301946795
0.59621749707
0.785502149844
0.596286254497
0.596517515422
0.597122452327
0.787498042001
0.597600531125
0.995098907339
0.374796555444
0.399582317364
0.797820326532
0.199948476531
0.595805499619
0.573876626031
0.998876878772
0.998571948326
0.598477702719
0.994940519057
0.995702405106
0.38511002675
0.797610961892
0.597642040106
0.399098553382
0.598095808199
0.594064739024
0.798223831888
0.595790573037
0.995729665446
0.991206363981
0.993033496558
0.79757199816
0.598521935356
0.996238608372
0.597023056752
0.399253789835
0.799290327254
0.994993434088
0.798258454422
0.18798137781
0.997313905069
0.798160569346
0.399927722041
0.99726947024
0.798823309588
0.59820018723
0.398953319523
0.398524444924
0.98416826052
0.595203452881
0.597176580514
0.59711833711
0.397414525693
0.59724343495
0.598077099424
0.795764311767
0.597843661953
0.995924947956
0.398695999521
0.797284170841
0.397001529172
0.793988000931
0.596829284741
0.595635705288
0.795510916684
0.39606968228
0.595023108847
0.997980819996
0.796327727797
0.797514266185
0.595729213486
0.39628036712
0.795564402611
0.797579039225
0.797051328055
0.39851221821
0.595824862548
0.994784783069
0.597277331969
0.59775951409
0.792726889102
0.991594086409
0.397605692986
0.594962308299
0.795060930784
0.796801715165
0.795771245789
0.596577971053
0.794576976502
0.59741487061
0.795347533052
0.795259817082
