0.958432858747
0.322736324367
0.397432413804
0.421938436115
0.542741536182
0.691701938398
0.815988105833
0.447568626299
0.223324312762
0.339411635764
0.641737518374
0.423150581619
0.581165091684
0.392831172983
0.780709527643
0.550184322474
0.637990292132
0.328472318445
0.390543873506
0.670536366209
0.193360418439
0.527048667437
0.344290998653
0.98267557853
0.973221259877
0.540312333079
0.475894723709
0.87856837784
0.258093971814
0.598749830366
0.516413352856
0.376085522298
0.558810626156
0.0490761040408
0.708443557122
0.23268023491
0.784239004194
0.717564507514
0.617386934709
0.48393005368
0.357183081605
0.775485438019
0.40695879633
0.373277659759
0.793305885866
0.805840527728
0.756344433675
0.184056055441
0.957238173181
0.722717092269
0.399992828104
0.799311046063
0.752244452456
0.236465568538
0.333688248998
0.298612422556
0.784872355126
0.257641036278
0.573285152785
0.527048667437
0.38391297434
0.241020566689
0.258798161568
0.765088615728
0.538896210777
0.750748797042
0.340321015474
0.774511202013
0.330934740627
0.590894761174
0.366082214662
0.421900257368
0.60031734746
0.0182507021143
0.347255263226
0.827461652065
0.547578890554
0.503418924694
0.400326029854
0.206965611415
0.532772054203
0.774509334704
0.558556267684
0.373289838899
0.191001994691
0.591981606645
0.285559750989
0.406904442163
0.528496010678
0.75456883646
0.383967328507
0.365164449901
0.704272118608
0.547920953103
0.696068338293
0.41809211164
0.638907711976
0.403079538225
0.583362914925
0.738149001542
