0.996871459769
0.398269075488
0.595164750811
0.596477588302
0.795330644011
0.993844325145
0.996589948
0.79708099092
0.594208224511
0.594849270661
0.786107491134
0.596566208193
0.59651899024
0.596227594814
0.787637103035
0.597618930664
0.993751066715
0.371346171938
0.399386713724
0.797807743007
0.199954114141
0.595004935287
0.570226761542
0.998473195011
0.998171083369
0.597187617859
0.994558802943
0.996108194051
0.387389523966
0.797150461969
0.596400981039
0.398853769331
0.597703625637
0.593737186778
0.797899490938
0.595521204726
0.995586108597
0.991518620941
0.992943770555
0.797384101632
0.597718540325
0.996086190723
0.596716151953
0.399139324955
0.79920614371
0.994952222449
0.798048364267
0.188516546324
0.997160167221
0.796517455954
0.399953995204
0.996713844577
0.798365450065
0.597933851811
0.398746512026
0.397161499314
0.986136499846
0.595254179473
0.596925885298
0.597414275926
0.39783246999
0.597047569649
0.597264570039
0.795985225181
0.597599639098
0.994776362336
0.397604396574
0.797086128995
0.396033715759
0.794004937547
0.596563793773
0.596107646941
0.795204725506
0.396020822998
0.59503307576
0.997483865911
0.794657116191
0.796993084651
0.595704391353
0.396295828918
0.794154262836
0.797504525252
0.796634359041
0.398846288199
0.595336008066
0.994001107778
0.597228829498
0.597464217534
0.792757455887
0.992755743196
0.39763918562
0.595003412895
0.795307605932
0.7961863356
0.794705380789
0.596357390662
0.794953792416
0.597275072168
0.795174717724
0.795061573043
