0.713662473297
0.927671492998
0.871501898884
0.995739971517
0.9680601709
0.772602065037
0.971004628531
0.779246380252
0.995900189888
0.943678495134
0.737551032518
0.897727866129
0.953231663897
0.962145739378
0.965936980774
0.961625326371
0.9725860432
0.707289935913
0.957799667695
0.847302990743
0.78578447662
0.946368383575
0.981006408735
0.765175053406
0.971743413245
0.789368620935
0.933539639212
0.991633040589
0.814789935913
0.78487479231
0.906746973653
0.590849750771
0.733270828388
0.973879658201
0.86725848564
0.770867552813
0.979696178495
0.906949323522
0.978241751721
0.389122359364
0.928427486352
0.874651673392
0.973419178732
0.987155827202
0.786489437455
0.98732316639
0.99246558272
0.778255399953
0.919057085212
0.39274151436
0.950037977688
0.973612627581
0.932590790411
0.782373012105
0.537985995728
0.769991692381
0.586349394731
0.554583432234
0.96852599098
0.977527296463
0.991122715405
0.757656657963
0.957201519108
0.931382625208
0.776226560646
0.582288155709
0.937489318775
0.992201519108
0.964107524329
0.777829931165
0.988814384049
0.961151792072
0.863247092333
0.895266437218
0.736016496558
0.617566460954
0.970408260147
0.980478874911
0.897929029195
0.909575124614
0.801049133634
0.704976263945
0.992753382388
0.777717778305
0.749303346784
0.951565986233
0.929966769523
0.791034892001
0.676335153098
0.974681936862
0.676446712556
0.992670899596
0.946167220508
0.922737360551
0.786915499644
0.959394730596
0.946288274389
0.948490980299
0.911967718965
0.91527593164
