0.71403868977
0.498542606219
0.695486589129
0.92197840019
0.862899359127
0.638993591265
0.974388796582
0.73399121766
0.858091621173
0.920902563494
0.608010325184
0.721577260859
0.715237360551
0.926692380726
0.669500356041
0.911071089485
0.900040351294
0.620216591502
0.683229290292
0.643717066224
0.682876809874
0.771330405887
0.998031094232
0.558183004985
0.893812010444
0.490223118918
0.720543555661
0.851061001662
0.649499169238
0.448981129836
0.893540232613
0.599525278899
0.602699976264
0.885283052457
0.722278661286
0.521004035129
0.861871587942
0.690903156895
0.783357464989
0.386263944932
0.760399952528
0.766479943033
0.787136244956
0.849447543318
0.699805364348
0.972817469737
0.952891051507
0.668892713031
0.744492048422
0.378186565393
0.912015191075
0.90712081652
0.854233325421
0.572499406599
0.480173273202
0.4522845953
0.514092095894
0.454407785426
0.886408734868
0.777902919535
0.888037621647
0.706233088061
0.926472822217
0.826935675291
0.553274982198
0.579054118206
0.908251246143
0.652448967482
0.837904106338
0.714609541894
0.807102421078
0.880888321861
0.807177189651
0.878603133159
0.515975551863
0.416318537859
0.815604082601
0.996667457869
0.677282221695
0.744786968906
0.775032043674
0.502641822929
0.932932589604
0.605173273202
0.656320318063
0.85592689295
0.563095181581
0.712777118443
0.651752314265
0.785554236886
0.60688345597
0.921068122478
0.703864823166
0.86989674816
0.557609185853
0.908802516022
0.972817469737
0.865161405174
0.796923213862
0.738166389746
