0.632252551626
0.937520769048
0.923622122003
0.999179919297
0.97690066461
0.654616069309
0.951610491336
0.755223118918
0.998250652742
0.944549014954
0.700953596012
0.781529195348
0.91572394968
0.909678376454
0.973188938998
0.829695585094
0.932070377403
0.661792665559
0.91496558272
0.794480773795
0.787845953003
0.913381201044
0.981744600047
0.772243057204
0.981989081415
0.794741277
0.958679088535
0.998384168051
0.78543555661
0.72840968431
0.850189888441
0.572087586043
0.708972228816
0.956976026584
0.902428791835
0.67832779492
0.991471042013
0.941119154996
0.967187277474
0.372009850463
0.962022311892
0.930056373131
0.878441727985
0.956561832423
0.793739615476
0.970756586755
0.99669416093
0.792205079516
0.890676477569
0.399464751958
0.879748397816
0.965826014716
0.891022430572
0.791211725611
0.566015903157
0.786322098267
0.570773795395
0.536514360313
0.886255043912
0.990744125326
0.994288511749
0.732424638025
0.953093994778
0.934642772371
0.78563790648
0.566230121054
0.918032874436
0.97028898647
0.833245905531
0.765230239734
0.994751958225
0.971201637788
0.892231189176
0.934687870876
0.765402919535
0.698349750771
0.953879064799
0.936837764064
0.804741277
0.926711962972
0.725452171849
0.733054236886
0.998834559696
0.769472466176
0.685036790885
0.934450510325
0.892920721576
0.830263470211
0.678143840494
0.947964633278
0.725521006409
0.998834559696
0.961770116307
0.95887491099
0.783024566817
0.864721101353
0.900945881794
0.923250652742
0.944821386186
0.907384286732
