0.703276169001
0.92201281747
0.795610610017
0.994739496796
0.965938167577
0.771869807738
0.97310764301
0.782230002374
0.9938363399
0.944281390933
0.737426418229
0.898168763352
0.951139330643
0.966489437455
0.964722881557
0.965052812723
0.974136007596
0.667983028721
0.96139211963
0.817960479468
0.782705910278
0.944117018751
0.981742226442
0.76336636601
0.970149537147
0.788929503916
0.931931521481
0.989902682174
0.764477806789
0.785511511987
0.893463090434
0.593223356278
0.731690007121
0.974190600522
0.792584856397
0.773515903157
0.978936624733
0.867247211014
0.979650486589
0.390458699264
0.889387609779
0.798814977451
0.974588179445
0.989931758842
0.786203417992
0.988971635414
0.990491929741
0.777507714218
0.883731901258
0.391578447662
0.956600996914
0.976151198671
0.930595774982
0.781233681462
0.498858295751
0.76903038215
0.588624495609
0.554680750059
0.971186802753
0.976471042013
0.98779729409
0.759728815571
0.955132921908
0.929944220271
0.774776287681
0.583661286494
0.940552456682
0.993283883219
0.965706147638
0.776963565155
0.988669594113
0.959644552575
0.825468787088
0.85725433183
0.69780619511
0.502257892238
0.966985521006
0.981072276288
0.860582720152
0.873458343223
0.772718965108
0.665077142179
0.992241870401
0.780446237835
0.750531687634
0.952107168289
0.929031568953
0.720042724899
0.647862568241
0.976242582483
0.634501542844
0.99215938761
0.944993472585
0.917126157133
0.786506052694
0.965301447899
0.947831117968
0.946048540233
0.869387609779
0.917295869926
