0.658233444102
0.930229052931
0.922743294564
0.999113458343
0.972286375504
0.761202824591
0.976256824116
0.775288393069
0.999295039164
0.970863992404
0.732136244956
0.915910277712
0.956154759079
0.966403987657
0.9623706385
0.937526109661
0.981120341799
0.713899240446
0.960074768573
0.846379064799
0.793165796345
0.936538096368
0.983274388797
0.755749465939
0.971593876098
0.788022786613
0.969635058153
0.995659862331
0.790237360551
0.782669119392
0.85367671493
0.590687158794
0.760339425587
0.978809043437
0.916609897935
0.772149299786
0.989713387135
0.930765487776
0.981904225018
0.388962734394
0.957048421552
0.925856871588
0.972101234275
0.978512342749
0.792538571089
0.98748694517
0.995858058391
0.782411583195
0.942600878234
0.398999525279
0.950966057441
0.971088298125
0.935217778305
0.782731426537
0.563795988607
0.781239022075
0.58952171849
0.538390695466
0.962555186328
0.987654284358
0.995741158319
0.755493116544
0.962140992167
0.964478993591
0.786730358414
0.581563612628
0.962889271303
0.990029670069
0.931789105151
0.783095774982
0.988514122953
0.951182648944
0.914829100404
0.930770234987
0.760230833136
0.690102065037
0.979534179919
0.981692380726
0.914780441491
0.93458639924
0.834195347733
0.724941253264
0.998093994778
0.772240090197
0.753145027296
0.956074056492
0.941072869689
0.819747211014
0.679484334204
0.977096487064
0.724098029907
0.996449679563
0.971783171137
0.965321030145
0.775032043674
0.957253738429
0.927631735106
0.952062069784
0.940287206266
0.915342985996
