0.692023498695
0.924425587467
0.851281153572
0.99524151436
0.966729765013
0.771856752908
0.971028364586
0.779979824353
0.99480595775
0.943785307382
0.738241751721
0.897618680275
0.951803940185
0.962157607406
0.964847495846
0.96178435794
0.972710657489
0.696713149775
0.958215048659
0.834947187277
0.784559696178
0.944806551151
0.981533349157
0.764627937337
0.971079990506
0.789492048422
0.934132447187
0.990828388322
0.78220270591
0.784328269642
0.884743650605
0.591661523855
0.731915499644
0.972971754094
0.847289342511
0.77137491099
0.979114645146
0.896022430572
0.978913482079
0.389524685497
0.917276287681
0.854530619511
0.973524804178
0.98815926893
0.786523854735
0.98751305483
0.99168525991
0.777329693805
0.909917517209
0.392029432708
0.951821742226
0.974892000949
0.932298836933
0.78190066461
0.527326133397
0.768855922146
0.5865084263
0.555356040826
0.969588179445
0.976924400665
0.990066460954
0.758525397579
0.954837408023
0.930807025872
0.774503323048
0.582747448374
0.938661879896
0.992486351768
0.963092807975
0.775818300498
0.988097555186
0.959682530263
0.853554474246
0.884610135296
0.725296107287
0.586638381201
0.968059577498
0.979603014479
0.888241158319
0.900909090909
0.788789461192
0.694311654403
0.991723237598
0.779032755756
0.749268929504
0.951220626632
0.92880607643
0.767054355566
0.664951341087
0.974526465701
0.665367908854
0.991673985284
0.945863399003
0.920411227154
0.786854972704
0.961927367671
0.946973652979
0.94669416093
0.899684310468
0.917374198908
