0.664015547116
0.930399952528
0.890069427961
0.996441371944
0.971431877522
0.77322394968
0.987070377403
0.788158082127
0.996727984809
0.958889152623
0.737679207216
0.903604913363
0.954651079991
0.985732257299
0.965067647757
0.955583906955
0.978051269879
0.719761452647
0.978139093283
0.873542012817
0.78477154047
0.956958224543
0.98283171137
0.764356752908
0.970916211726
0.787948018039
0.944018514123
0.993001424163
0.775917398528
0.788070852124
0.848998338476
0.598533111797
0.741795632566
0.979118798956
0.896024210776
0.773206147638
0.985363161643
0.916461547591
0.984443389509
0.397368264894
0.940998101116
0.896441965345
0.97897400902
0.994734156183
0.788565155471
0.994640398766
0.993542606219
0.781822929029
0.92755162592
0.393558034655
0.979281984334
0.968600759554
0.922219321149
0.779723474958
0.549254094469
0.773178257774
0.593497507714
0.554582245431
0.965340018989
0.978275575599
0.993726560646
0.759178732495
0.974023261334
0.946631853786
0.784514004272
0.586329219084
0.959861144078
0.986805720389
0.972871469262
0.786354141942
0.987190244481
0.95821564206
0.887397934963
0.915411227154
0.747036553525
0.650283052457
0.977317232376
0.983899833848
0.91821979587
0.916296582008
0.845534061239
0.709620223119
0.993002610966
0.778942558747
0.75815096131
0.963698670781
0.94346546404
0.822614526466
0.704150249229
0.983174103964
0.688222762877
0.99467244244
0.955122834085
0.937822216948
0.78553465464
0.969094469499
0.95407310705
0.954721101353
0.919015547116
0.904997032993
