0.996784469073
0.996555822891
0.994883682434
0.977723263398
0.884434816296
0.983052478265
0.984392167862
0.992675390245
0.998726409726
0.974192065092
0.986434579488
0.997044153199
0.994397191411
0.99105406005
0.989854386064
0.990028658368
0.996340396573
0.991696775388
0.99967226231
0.995096694689
0.990900824575
0.996469951247
0.990536875951
0.994131414652
0.999704449806
0.9938131033
0.98851262727
0.993161191535
0.997020012576
0.973058605385
0.996979203428
0.988733801355
0.995998979197
0.986770134141
0.986629313843
0.994333276239
0.97079685896
0.997338323928
0.995183715886
0.980544037669
0.993708264025
0.99830027026
0.987860370639
0.997099561675
0.996685032699
0.996910345176
0.969123109128
0.990300987581
0.990788053381
0.988692762296
0.991258335699
0.994486166848
0.982667952634
0.996764466843
0.983279630028
0.997107148728
0.990814608065
0.984215251586
0.987992799197
0.984152485967
0.998355563781
0.994447771763
0.992821383534
0.879824877027
0.993501689269
0.984976600839
0.989005900658
0.994280166869
0.999101164153
0.990666430625
0.997346830624
0.986030741359
0.994758036241
0.988497912986
0.99253399517
0.995332927924
0.989519866008
0.997016104094
0.999340271272
0.996914138703
0.994157624471
0.983716460341
0.99314130426
0.989807829149
0.982883034085
0.995938972506
0.96923346626
0.988644136185
0.998863321543
0.997474546013
0.982684046382
0.986804275879
0.999451892912
0.997760325002
0.992541007446
0.999639500036
0.996560191194
0.998605246792
0.991848401488
0.981332056563
