0.997165660999
0.992301210595
0.997909766951
0.979049733131
0.882849697035
0.982035928144
0.981700718356
0.994211998349
0.998501442115
0.991903235188
0.992556986239
0.996879652099
0.99541627055
0.993188206041
0.983329520648
0.976903401874
0.993666420279
0.992974274143
0.997988971184
0.997345336204
0.994020022922
0.993925414673
0.990039923992
0.99457307309
0.994494788499
0.986021085109
0.985679782688
0.98599958846
0.998788945434
0.982029720555
0.998589153043
0.990019806806
0.996592033824
0.993987030738
0.9850467236
0.994632505003
0.978342872711
0.99499392461
0.998098523628
0.981894073247
0.990991984164
0.998521674256
0.98337837667
0.998074497961
0.997057832885
0.992718383544
0.980392986344
0.976881905224
0.984275488187
0.995875747066
0.990891398236
0.979466561214
0.982919589885
0.989076828106
0.984741632113
0.990980488629
0.997238082867
0.988237769039
0.992695967252
0.98994140726
0.998041620732
0.995929316257
0.994461796315
0.88159714359
0.997006677756
0.98395556746
0.993999675826
0.995974953529
0.995078071923
0.983733128866
0.995848272738
0.990185572414
0.991759081185
0.996649166631
0.981412870171
0.992123604586
0.984753012692
0.99402772493
0.997297974602
0.992772757422
0.995087498261
0.982470114484
0.996000473616
0.995065426835
0.992489967272
0.992380989605
0.971918823133
0.993717690363
0.996229349709
0.993757809779
0.994464670199
0.972745696934
0.998351080523
0.997629850685
0.993748843262
0.998891025781
0.99506703621
0.993144293099
0.993974500605
0.996404541656
