0.381899246238
0.454700236693
0.369009073425
0.0848703821001
0.538965953675
0.0853730818264
0.261612156758
0.284247324127
0.288849906254
0.430713654281
0.29327936563
0.454658048081
0.285065576277
0.471531538574
0.435093223038
0.436390953934
0.106604989292
0.274221838527
0.479083989824
0.465417408608
0.0913831772048
0.465342802588
0.437321287546
0.287298813776
0.461691360991
0.275552331697
0.357487329047
0.188840250005
0.121523549177
0.449143755108
0.652775194476
0.291868518674
0.46195886208
0.0836330027601
0.441755460092
0.277568418548
0.0702219672768
0.459190852313
0.45732374759
0.074601421078
0.447310447257
0.286863822748
0.452834626389
0.291314778774
0.552154320654
0.274045726937
0.0883282388956
0.259950477237
0.268811810052
0.475687404228
0.194081179166
0.27760738841
0.254153049248
0.0902553503092
0.086729095083
0.442359320522
0.190839668331
0.46516048341
0.272518430216
0.45509349893
0.454784269051
0.282878091006
0.294997258315
0.387742426454
0.442114925457
0.294828388912
0.27106608438
0.447375511982
0.476039282541
0.47100458327
0.476416795896
0.260556636774
0.274317481374
0.271031482821
0.289064642839
0.273100564086
0.351781060647
0.176779939832
0.378130665143
0.641779370803
0.479004095859
0.269135639261
0.291647229634
0.263972190003
0.0969293128084
0.256612059046
0.287293985651
0.267478328043
0.469058964045
0.4642108373
0.117399066333
0.0804811570945
0.463533980225
0.558924500778
0.283674961461
0.819343880869
0.212133881594
0.274506697873
0.12132490634
0.449409876733
