0.997778372991
0.797647668763
0.994720905664
0.27037106436
0.725740800986
0.812218488728
0.449376424728
0.992279713945
0.998128067152
0.817980740381
0.639514980406
0.995056345363
0.631887808181
0.816212842121
0.808773851797
0.810115610591
0.795792519396
0.796102668918
0.999756524578
0.994148083177
0.809650041441
0.808836617416
0.611386786803
0.811010078135
0.799874583718
0.812180668419
0.62919003613
0.810428519042
0.818395039447
0.627255912441
0.995191187983
0.81538918707
0.992657112345
0.63415783139
0.807645220214
0.994661358795
0.441355415489
0.815697382352
0.818761517089
0.625680909251
0.79659237869
0.818009249307
0.992950938208
0.997511561634
0.819956247995
0.628226250513
0.631760897479
0.994221539643
0.806528773898
0.995236365434
0.616490344326
0.798147839472
0.613352983034
0.595018984875
0.248251471716
0.61560208437
0.996527313965
0.813092724131
0.810865349355
0.81656655972
0.996196127614
0.813308265404
0.810154580453
0.553101552702
0.994847931321
0.636575227353
0.445851089144
0.634624435138
0.81701729963
0.453716448845
0.820274674303
0.431300156454
0.797850105127
0.633993215336
0.442736948832
0.612761077959
0.811472428535
0.795795278324
0.9981204801
0.814297571109
0.816463789641
0.631202099544
0.993110956049
0.625606188276
0.8139070678
0.432671688683
0.260030716068
0.808154012574
0.814382293198
0.996535475794
0.811789475378
0.810646589332
0.999234397398
0.998020009127
0.81656828405
0.998185199959
0.632983907401
0.794485592072
0.634759047848
0.639114131116
