0.998515466667
0.984626791723
0.992380414828
0.976542327133
0.890064179569
0.97296238776
0.981000755257
0.973122175691
0.994525826443
0.991187408251
0.982261125666
0.997721125229
0.988715178589
0.994018298592
0.991208100213
0.988986703115
0.983269858823
0.979038352552
0.998547309298
0.99337719263
0.989309727636
0.989516187437
0.973915597486
0.992468240712
0.984596098645
0.981098582256
0.993030947129
0.982919704841
0.999068057013
0.975187118564
0.998842629581
0.997025760343
0.988995554677
0.985129606404
0.979068470852
0.99739706611
0.985299050584
0.98946399771
0.99915829696
0.993102449354
0.973495320743
0.993189010729
0.991845412649
0.998696981158
0.993550660246
0.976592447664
0.984802558446
0.988085913027
0.971750988329
0.998733422002
0.975002270368
0.980043407138
0.975176542672
0.966341879497
0.975828224526
0.979836602472
0.984444702455
0.994029334305
0.983783134441
0.98502327271
0.992183611276
0.988394798041
0.998190947726
0.892361792062
0.989659536753
0.980463109105
0.988687359395
0.989408474278
0.993380296424
0.992415246298
0.999030236705
0.98004559129
0.984577245969
0.984081558519
0.997116460111
0.997098756988
0.98489705174
0.979914772107
0.99776630268
0.992933235085
0.998155311569
0.975959848397
0.99420900951
0.980216185023
0.971201386821
0.974178385406
0.980266420509
0.98435296809
0.997842173208
0.990237187365
0.99799081047
0.998723995664
0.999075644066
0.997980004667
0.994115550814
0.994797006103
0.99689666549
0.970754095572
0.998473278055
0.986008784888
