0.808494855174
0.453622300417
0.437993086586
0.224230747566
0.541951344
0.27605583611
0.448731640194
0.264216814978
0.647744518642
0.608049977986
0.449206635682
0.615581047542
0.263047489203
0.438666035179
0.439751328596
0.629278321836
0.0873576709127
0.452780942243
0.470353361237
0.454057751267
0.259064861255
0.453979466676
0.260967142314
0.425065323375
0.646544039968
0.632025869551
0.437409803162
0.263133935623
0.292722751847
0.256243282297
0.629958627571
0.261693200276
0.264959886332
0.0904952621154
0.437812031916
0.261836549592
0.0791174418297
0.806836049537
0.629614566222
0.247791765289
0.456142351504
0.630933678812
0.439734315205
0.10071352783
0.806140569696
0.2635355896
0.0849834981601
0.647593927139
0.262330857578
0.234128977599
0.282340904676
0.468901935043
0.255328237746
0.280599216234
0.0712627729758
0.823463420634
0.455765183015
0.454256509059
0.0945892817935
0.435808590153
0.452970963429
0.642043883054
0.0972008373347
0.73168134838
0.45051321814
0.282263309817
0.056068320261
0.449867399009
0.821884853829
0.629606749258
0.646433108059
0.256563892756
0.291498707327
0.256937612584
0.437664774119
0.424857369155
0.629936211279
0.647684741862
0.644066982181
0.617066615473
0.631728365117
0.442466573859
0.264018172141
0.258066474078
0.272259435822
0.262407762705
0.269938257484
0.262513291712
0.646305507626
0.643390584927
0.432180484491
0.61742159758
0.631054152015
0.820677247923
0.435890208449
0.647967417057
0.264409710048
0.116979594277
0.275710740163
0.444526458697
