0.99459824831
0.807189422269
0.990730805619
0.996281424481
0.893505252885
0.793005541997
0.992010488526
0.974250692319
0.991044978578
0.794520078675
0.987547117322
0.998388326055
0.987801398547
0.994027150154
0.974127690099
0.800062880574
0.8118082131
0.813840738565
0.997737448888
0.989913588067
0.791239827889
0.988975667402
0.807497157729
0.992906105623
0.814271131379
0.990072111488
0.79528338217
0.994820571949
0.995441330815
0.805307833172
0.997783201116
0.985929580654
0.98114318493
0.800629955294
0.991592510889
0.994992430191
0.98419191565
0.994779188024
0.997973912034
0.79351203525
0.806332660078
0.990361798959
0.972754318585
0.99675021238
0.998017824976
0.984654495961
0.797706870766
0.979982940627
0.794252577586
0.988657700916
0.811692797933
0.807317252613
0.791973702815
0.619805426582
0.800578340344
0.810202631788
0.985711050542
0.984426539511
0.790157638265
0.99053342729
0.996276021579
0.984006492678
0.997753542636
0.889296852638
0.786014187789
0.800396480987
0.993525714936
0.99570423369
0.994931618813
0.987964520182
0.992150963958
0.804722595508
0.807374960197
0.80105115168
0.9833553856
0.982279173655
0.997990235693
0.804156670341
0.997224403181
0.995654687936
0.997828838388
0.805062288554
0.990591939561
0.997618125239
0.977533242212
0.801185189613
0.781295500763
0.990895306718
0.991996463974
0.997706410945
0.994917594261
0.985528961275
0.997811939952
0.99787792432
0.997583753591
0.997842173208
0.996784239162
0.608439676608
0.996152904404
0.791894613537
