0.99446834877
0.992790460546
0.995666643292
0.987592754594
0.885662539387
0.969931475118
0.980128474094
0.997082663239
0.999075759021
0.992369723981
0.99634120126
0.996853672191
0.996006221383
0.99345720155
0.986273871914
0.971848815328
0.995127962543
0.99465480634
0.998262679862
0.996737567292
0.989490092574
0.9950173755
0.989744833619
0.995586979238
0.99901552242
0.993634577648
0.980395170496
0.995736651098
0.998186809334
0.994121643448
0.998301304858
0.991396741936
0.995061863219
0.9894024966
0.994231425803
0.994602616614
0.98279302405
0.995319823015
0.998620420898
0.958525720684
0.994888280647
0.997813549327
0.989473424048
0.997928274762
0.99677193894
0.998592026927
0.964360164294
0.988533319232
0.993130728369
0.991465830098
0.99527154177
0.990734369234
0.964181523687
0.994527205907
0.980207793283
0.994666071964
0.999254629539
0.994607789604
0.973436233695
0.990814723021
0.999027592732
0.995703314048
0.997391318342
0.880852692771
0.997346025936
0.987705180922
0.986291919904
0.995210845347
0.994014160199
0.97791190512
0.996316715772
0.996058985887
0.996089678964
0.992376276435
0.973252190187
0.983089838752
0.994369142307
0.99542638662
0.999003452109
0.986869225649
0.994025080957
0.994730217047
0.995362586403
0.989966927347
0.992565722845
0.993692974964
0.978571978715
0.990821390431
0.998592256838
0.995069105406
0.99531499489
0.983031671347
0.994028529618
0.9991785291
0.994715732674
0.99882906485
0.990491123723
0.99701449472
0.990151085811
0.997548692211
