0.389331339241
0.188870943082
0.374900190021
0.0919834740195
0.457050038912
0.11038954918
0.110488755643
0.276935474415
0.384330896663
0.37728482371
0.121785302499
0.287568269106
0.260218093282
0.199518337102
0.192674470602
0.116672088727
0.0992762411441
0.274328976909
0.47958645964
0.18971689947
0.0932847685317
0.189449283426
0.0956829669515
0.111263669628
0.198425686542
0.285998898728
0.287381351714
0.185505280474
0.644003411875
0.267854461934
0.205562804129
0.113239637063
0.108236780423
0.265029434316
0.113639451755
0.112712911669
0.0888912901783
0.370084135817
0.469801115757
0.0974260348568
0.192585954986
0.201713294471
0.112220098103
0.117979705783
0.20849520004
0.0984521262716
0.0879196875974
0.199357284663
0.103935036435
0.204126781952
0.197790328347
0.115203304276
0.0859092335582
0.0844736712024
0.0775324375246
0.192503417048
0.195415235952
0.373099299577
0.105007109988
0.362022432386
0.207068259335
0.107816503679
0.100051844861
0.210080204345
0.454199261297
0.297944943287
0.0889437098159
0.199726981054
0.115145711648
0.281003514185
0.735563850222
0.0848546332177
0.188839215407
0.264320044879
0.0877727746657
0.0959065550987
0.203937565453
0.193017037532
0.205579357699
0.288794382822
0.388627812526
0.195217167891
0.190090159478
0.269881584499
0.0917528735963
0.0845352872677
0.0755683104898
0.187626321555
0.467727781143
0.298274405307
0.116005807544
0.111973174021
0.388949112717
0.302568677197
0.204732711578
0.554449289174
0.193418001777
0.270794329943
0.286609081702
0.19722417327
