2.2
9.4
1.3
13.8
866.2
1.7
12.3
0.82
58.4
904.4
164.6
0.64
2.0
5.1
2.4
1.3
242.9
0.37
1.4
7.1
1.9
5.0
5.8
0.82
2.7
1.2
2.66
2.7
34.8
0.73
5.8
337.3
4.6
2.9
0.37
16.0
1.6
32.5
5.6
9.7
0.37
1.21
19.4
0.19
45.5
397.6
6.6
2711.9
2.6
1.1
4.0
150.9
8.8
2.8
0.73
8.7
0.82
26.6
33.0
42.9
4.2
1.5
585.7
0.82
1.01
0.73
22.0
3.9
3.2
0.28
12.5
6.7
0.19
832.1
0.82
0.91
32.0
1.6
1.1
7.1
16.6
8.7
45.6
3.5
10.7
4.4
90.6
7.1
4.7
2.9
0.19
4.0
19.4
1.3
1.7
1.1
0.91
4.0
11.3
1.5
1.4
1.9
1.9
1.0
0.1
2.5
6.9
2.5
0.46
1.5
17.1
3.2
19.7
13.3
0.46
4.4
0.64
3.1
0.64
15.1
3.0
0.91
0.82
2.4
101.3
2.8
2.8
0.19
0.1
32.1
215.7
32.4
0.1
1.8
0.19
2.1
1.4
2.0
0.55
0.83
0.28
27.7
0.19
157.7
11.7
0.46
88.5
0.83
6.8
0.46
18.5
8.6
2.6
28.1
0.19
1.7
2.7
20.1
0.73
3.9
1.01
1.6
6.2
433.3
6.0
0.73
235.6
1.11
4.1
0.82
2.4
13.1
16.5
2.2
15.8
2.6
3.9
0.91
2.4
1.9
18.8
5.0
1.0
17.6
119.7
5.0
23.4
0.19
201.5
1.2
2.0
2.2
0.64
41.6
0.64
83.8
3.3
4.4
16.1
13.6
1.8
33.6
9.1
523.7
2.3
2.1
1.4
0.64
24.1
15.8
0.55
14.1
4.4
44.6
490.5
2.4
2.5
216.9
27.1
22.8
22.1
22.6
13.8
5.6
0.28
2.2
1.6
6.0
3.5
35.3
8.2
0.82
2.9
0.64
27.8
4.2
1.7
4.9
17.9
1.7
18.1
9.0
3.5
9.6
12.1
1.5
17.7
0.82
1.1
10.7
3.3
151.4
3020.0
88.7
0.82
0.82
16.0
13.1
8.8
2.4
29.4
0.37
3.3
1.8
381.0
0.1
3.9
0.37
53.3
2.0
1.5
3.6
14.3
1.6
3.9
0.73
2.6
1.7
1.1
0.46
1.3
2.8
2.7
1.5
4.3
9.0
3.0
5.8
0.73
57.2
18.7
0.28
0.65
63.6
1.5
0.91
1.01
8.6
5.0
0.37
13.7
1.3
0.73
0.73
0.28
0.55
7.3
2.3
27.6
3.8
6.4
5.1
0.28
1.2
90.2
0.37
0.28
22.3
5.1
0.19
0.19
21.8
7.6
5.3
19.1
1.6
12.6
17.3
2.4
1.7
1.8
6.6
3.6
17.0
2.4
0.28
1.3
1.21
2.9
21.4
17.8
0.73
0.37
2.1
6.6
29.0
294.4
4.1
7.7
13.9
11.8
4.7
0.37
38.8
0.82
1.3
0.46
4.4
246.0
364.1
0.73
0.82
10.8
1.3
7.1
3.5
11.0
3.3
5.6
7.0
28.4
6.0
0.64
17.1
0.37
1.11
50.8
11.2
1.31
1.1
14.4
5.2
0.19
0.73
29.7
440.7
0.91
0.46
96.2
1.9
0.73
1.01
2.2
3.9
0.73
0.46
0.19
10.1
9.9
0.82
24.4
161.2
1.1
0.28
16.9
3.6
3.8
55.9
733.5
0.64
0.64
2.0
0.37
1.01
9.0
10.7
5.1
19.8
0.91
0.19
3.8
7.7
18.6
0.73
3.5
8.6
0.28
18.7
31.7
3.9
2.3
0.91
7.4
1.2
1.21
3.3
0.64
82.4
6.3
0.46
0.37
1.6
4.9
1.5
117.8
2.8
0.91
7.1
1.6
1.8
