0.943861672094
0.347212850324
0.554324254602
0.564330868683
0.634236702764
0.851611303716
0.947658566389
0.478074361496
0.549613591824
0.533203509733
0.566704278482
0.549913800475
0.550273786817
0.52227381441
0.656837724504
0.413448719579
0.924292471091
0.349937005066
0.396144350871
0.590122491933
0.197406842369
0.527871282672
0.435903056429
0.983981767448
0.9740878223
0.546282430676
0.958381287704
0.920361130514
0.307217246232
0.759373102585
0.532918905604
0.393243729438
0.51832728559
0.549283494328
0.778109899844
0.563648872555
0.958850148891
0.748057290482
0.802815819418
0.661149960531
0.419012243246
0.903683797189
0.563983430186
0.396144350871
0.775371698653
0.908612863812
0.792288701743
0.0633087367842
0.974440125317
0.729317460331
0.396144350871
0.875895663311
0.760382032487
0.506694387688
0.348888873559
0.23516869238
0.655676662402
0.0990998973693
0.515320132367
0.531665072714
0.380240535625
0.564839121775
0.41199158783
0.747123421663
0.54468045756
0.801002685714
0.348893333693
0.775640876665
0.334853592828
0.743609775615
0.38790706603
0.564330868683
0.757574276991
0.30839679113
0.517948090938
0.90759507311
0.729237867751
0.478080938707
0.560185180009
0.366519093715
0.73066338607
0.747045732074
0.661707715164
0.260912788441
0.549554718055
0.748375803523
0.440907053304
0.57797248014
0.7333408105
0.671014813711
0.380884471942
0.440599613289
0.713120893778
0.601118910861
0.730858882666
0.430531770486
0.74511649216
0.563277539633
0.622738643636
0.776568477509
