0.690533097822
0.372443769306
0.260075234731
0.362644188701
0.319329114958
0.609763328635
0.688258120209
0.623992999849
0.0923409269396
0.257300282035
0.300811316228
0.0954420284262
0.390615889804
0.253120363319
0.647812113938
0.533363099277
0.631563738468
0.0938351313224
0.398831456767
0.443643708315
0.192507402931
0.362405613156
0.292437884307
0.96587000743
0.980826668605
0.428549663117
0.617079447119
0.783515606128
0.233775417858
0.59873576013
0.420918468868
0.397952287032
0.424481354796
0.0869551306944
0.649789154595
0.257743928598
0.653834377262
0.503134629801
0.34859015162
0.720295227573
0.362945765126
0.655895090035
0.28627955716
0.398438893606
0.781029527396
0.640163673837
0.797248049702
0.0492810561217
0.825158997833
0.610540105585
0.399246439534
0.847645340605
0.76659354822
0.482275332045
0.233609191635
0.228707801631
0.920698697248
0.344861467641
0.312297802795
0.387246514227
0.359101010619
0.255089970419
0.51948963221
0.460379225576
0.535971231065
0.513980117793
0.22794497598
0.625709699507
0.0632815002321
0.271154980858
0.262357098791
0.275599332003
0.436581282256
0.221636241218
0.236784141048
0.832296817998
0.457489986404
0.545409076956
0.236784141048
0.0633558833747
0.456237057434
0.615995789158
0.620366565931
0.366045558307
0.257767228338
0.474582290604
0.289736339472
0.420666964881
0.289083649398
0.334764651808
0.233307615209
0.260838060382
0.434787237927
0.588186781852
0.461701589913
0.254676058084
0.295729820064
0.279812231924
0.616540841329
0.656084865766
