0.865876798727
0.258452887723
0.40546869527
0.567104846096
0.538049867629
0.720354553303
0.798305838886
0.48560847944
0.241191776369
0.360050305555
0.44026876649
0.398019403129
0.554910613561
0.425747854467
0.5805925413
0.473861521044
0.756172914759
0.293243681863
0.385149406761
0.576432794284
0.18528809909
0.480421640856
0.351754408605
0.859117435806
0.8803122189
0.531586586248
0.619888237366
0.888281800548
0.321147921952
0.432270913539
0.514138482287
0.381378238518
0.514784464318
0.0843323577732
0.702252712624
0.256147949902
0.794810199887
0.533512828951
0.601653306285
0.742113846647
0.473881026697
0.759347804704
0.412942298116
0.385149406761
0.776724974693
0.890273791574
0.770298813521
0.0103692765032
0.951987513052
0.628711191333
0.381473031234
0.840117443061
0.697004288508
0.48384011359
0.346577798594
0.249242354052
0.682838807543
0.42748390516
0.425543960925
0.479720793228
0.347905812435
0.241477879103
0.484674777133
0.752000679368
0.469208994628
0.724073662861
0.346512728212
0.7368767929
0.331621625061
0.583776910516
0.315999975737
0.519654110061
0.583626003367
0.0475961007248
0.359732410986
0.727972545556
0.544590291489
0.570915810628
0.398806705996
0.213080990445
0.559976683608
0.702941190813
0.515584374497
0.2939652483
0.237791655601
0.619174199635
0.315737030019
0.412928370604
0.500623384019
0.677117728153
0.384896582574
0.308205136195
0.691282935563
0.497109856908
0.695276551505
0.375709634092
0.729601719542
0.36115382598
0.345133202796
0.589927042911
