0.621436534255
0.263588892672
0.3937880442
0.414466201045
0.24283871953
0.563371166768
0.84632736504
0.539781481975
0.0192438253012
0.19747651561
0.408726769689
0.0365419973955
0.346731976509
0.32178080903
0.773041189398
0.508774201728
0.600438651213
0.229605299543
0.398612838835
0.528443940099
0.196708159393
0.363210994433
0.355319804101
0.940287891545
0.991876383162
0.398844218697
0.594041451178
0.749329986766
0.206210147959
0.518195277515
0.361959552174
0.378226434227
0.562646163054
0.00161092906496
0.603120000561
0.200996786444
0.607040898478
0.562184568911
0.219986253272
0.792840818766
0.428507702176
0.839432842215
0.218695740239
0.396697050686
0.784244736953
0.633561652552
0.793261308313
0.17587046058
0.803278139075
0.527147218559
0.398612838835
0.952468672316
0.47033116436
0.57221037941
0.232134207456
0.169113107692
0.706818391309
0.524381578623
0.238252012799
0.409414736449
0.387262356623
0.197447387961
0.571906995143
0.423963039642
0.520611564069
0.424905888198
0.200220271155
0.590131935523
0.0184012524532
0.212582870778
0.336440591787
0.414303352629
0.394494814886
0.0186367237449
0.150636401664
0.858574286625
0.389313019227
0.713359766665
0.206341252113
0.0187068489462
0.397399349344
0.478884738123
0.569330429211
0.33191844401
0.16995568054
0.543695600488
0.349631884321
0.390151274665
0.233496701106
0.204499311891
0.218092706325
0.362680880737
0.368258189193
0.547558635599
0.40496292796
0.581037198826
0.254345948694
0.376593704027
0.587327355644
0.412603434969
