0.85914342352
0.341564667365
0.516634920423
0.510141702622
0.646730703884
0.817768210757
0.913613352048
0.654063961177
0.547487213985
0.547432003472
0.602684632007
0.434888798153
0.554799538382
0.502776142065
0.755499303684
0.554820245298
0.910135030262
0.318267983647
0.39939497984
0.565161048305
0.199816599287
0.48326828872
0.454600176336
0.984457871893
0.998953402779
0.54761281136
0.972073673327
0.947031435858
0.180690164715
0.785843998307
0.533727129473
0.383570317106
0.46161012743
0.599407908282
0.747420502273
0.599537240276
0.946960049925
0.722022334211
0.832777216065
0.722093042203
0.470226844798
0.857754228534
0.547538463899
0.399343503946
0.799406659444
0.83345356269
0.799303683869
0.155831185234
0.946974013118
0.733868319477
0.399748567375
0.854831270749
0.748459083146
0.467436573028
0.34774473618
0.246939997162
0.808902653589
0.348156138946
0.439387265592
0.510306013962
0.362203551242
0.538744149939
0.476135321181
0.733309244645
0.541361451763
0.794573598694
0.347666654099
0.719069463793
0.347615404185
0.720266088031
0.397459222184
0.562062396919
0.720331527118
0.30160366202
0.554792318912
0.901287194693
0.743560511947
0.554771504953
0.572384146233
0.347684577891
0.74736397156
0.696749727843
0.683791991716
0.354713951383
0.526322391098
0.810123481488
0.45427098276
0.584583683355
0.743588152885
0.765803093525
0.347813909886
0.419698354591
0.635881088782
0.582976905188
0.733805401853
0.44688269336
0.680496678152
0.562295881964
0.5815315363
0.731153489389
