0.822419607273
0.326729048282
0.427723693862
0.517319223927
0.619056333158
0.652893895551
0.904352246403
0.588600040034
0.471786369331
0.436544292878
0.45498798202
0.336348570301
0.471786369331
0.444657716823
0.636038537461
0.529246038717
0.782198403653
0.221847401805
0.398870456179
0.594619222892
0.19147901495
0.299301328918
0.418770694279
0.837402529717
0.927630827923
0.451656202399
0.873783403282
0.818801950898
0.349614662257
0.674907428431
0.436491817914
0.360125699661
0.403361371124
0.482692907638
0.710578117821
0.513271789034
0.885780533572
0.717224133869
0.779459239073
0.643016339909
0.346052394801
0.73821402435
0.510135624946
0.398870456179
0.751244609333
0.875647953411
0.798117585547
0.0685497392368
0.924518260919
0.613263665643
0.398870456179
0.89865481167
0.588410549751
0.470801536046
0.275258185268
0.222634740353
0.849060416263
0.420561420268
0.482470566981
0.452020934323
0.375997842009
0.39688757572
0.568388282383
0.670980785861
0.543863694021
0.748875279071
0.275269983809
0.670988885465
0.236920728194
0.51831365542
0.513349109918
0.436198305411
0.533802238131
0.32222480051
0.471804947276
0.902387729802
0.606014139933
0.61308603337
0.481539552647
0.310888733452
0.612970700249
0.648796162239
0.599000513689
0.333430465142
0.514502464908
0.858742879693
0.507691959116
0.53647595173
0.640045272145
0.780745232503
0.349226190526
0.375088450406
0.550006583158
0.561995328396
0.597420472539
0.476357400177
0.536944479894
0.395238277608
0.570236431113
0.695890170804
