0.773439116613
0.364385127701
0.461760368533
0.339322218996
0.565978287592
0.987341080963
0.949341321453
0.558855596202
0.472463191703
0.598275605124
0.470745504869
0.346472456174
0.472463191703
0.598566608059
0.608655383756
0.560824442106
0.922711847151
0.288366602564
0.399607531989
0.596825895039
0.196422354002
0.502978037467
0.488019782538
0.990899233202
0.998162959978
0.59512755924
0.998184808688
0.945919744466
0.235968352792
0.698666396125
0.595145768481
0.395750134488
0.55838427302
0.598558984203
0.74736252053
0.598927652938
0.869253239158
0.879146982113
0.820768870024
0.652103143514
0.54736996598
0.961199771308
0.551434539683
0.399607531989
0.795907535593
0.698371123356
0.798746880731
0.0100111098966
0.869452779609
0.763513296373
0.399146461169
0.946617927907
0.779786529658
0.555735441022
0.399035766588
0.350978559362
0.58599623755
0.29583115431
0.453917240607
0.55090694745
0.351870205579
0.598752887045
0.511476091481
0.672089991471
0.575373102109
0.82051802019
0.399146461169
0.665267520626
0.398667097853
0.624422611857
0.533091328441
0.465418011496
0.624050386908
0.38739630337
0.598186759254
0.909675184492
0.794256703195
0.585038379156
0.561953284199
0.272943530302
0.798163935261
0.621088572435
0.751238139165
0.361603990286
0.598647830073
0.950116159732
0.551335025171
0.599517710836
0.584346404222
0.959564448283
0.273312199038
0.414408136046
0.542684779489
0.74721161338
0.794505257547
0.318363823008
0.534185833449
0.5588559768
0.469153034812
0.651137066581
