0.693298321479
0.233713380367
0.464030469733
0.388267349713
0.385498117883
0.708670726618
0.893496517944
0.532234994593
0.199591975041
0.330619248583
0.273330669939
0.193985205914
0.199591975041
0.42604236604
0.60924333647
0.547922784732
0.654449840083
0.270590173266
0.399748353289
0.591430084306
0.199608721358
0.354469488461
0.4659326515
0.83872787937
0.866722547191
0.460004633782
0.713842567258
0.665583547886
0.24326598848
0.398273606984
0.432310127038
0.399592391321
0.577887737593
0.202559593635
0.705521182128
0.334942403018
0.731478103894
0.618583594628
0.492602433521
0.690141450476
0.378501844533
0.802432235994
0.391214178136
0.399748353289
0.645661401607
0.691860398041
0.799429340712
0.00993525193632
0.863811994526
0.499821178358
0.399756429105
0.952379588571
0.69668211221
0.562733855236
0.293851746809
0.21675733029
0.619786950694
0.394535491309
0.338837075346
0.422162739231
0.328205590534
0.332254333734
0.516446821703
0.510310973631
0.55082931733
0.651060066826
0.263140226972
0.632950661759
0.130765493406
0.362504842219
0.398676065696
0.391234968307
0.494536633103
0.209704847357
0.199551179682
0.758542316384
0.52745928522
0.628039281055
0.313383994113
0.132072110496
0.53052192251
0.429621141939
0.620823723727
0.358115606437
0.334877189911
0.555961623341
0.486596452659
0.464243164607
0.292270468715
0.525281716935
0.264454919879
0.417647573051
0.393505426318
0.609618142351
0.530292671619
0.327477839378
0.385521215431
0.445472850926
0.435328424649
0.586851619903
