0.807967583508
0.361418853094
0.231473286949
0.331820487572
0.431559504314
0.804874855179
0.82537869809
0.605291859875
0.0722388766932
0.41649795268
0.276013470319
0.0670983640347
0.0975449875883
0.435182072782
0.612254485973
0.437026891278
0.724348038415
0.2842365422
0.396218662652
0.430967031997
0.195496834554
0.585736027381
0.465847801909
0.968692142397
0.820416900031
0.593066085271
0.632976352131
0.644943593576
0.221190965219
0.401973365507
0.593807276298
0.397538731507
0.588367542165
0.0607553754428
0.765640673283
0.238064699062
0.641469934117
0.698584674575
0.456165374159
0.666736783939
0.463762992519
0.827227988614
0.392693372681
0.396218662652
0.626849674095
0.637121909975
0.792581738498
0.0204148305286
0.819994019852
0.591930023708
0.398769443062
0.834508830411
0.78177605869
0.518892687866
0.397463848829
0.348727178832
0.69837094495
0.227379062275
0.335893933968
0.587076482022
0.389489283725
0.222655447269
0.429610045126
0.458474486665
0.570140389559
0.794909833335
0.3950299834
0.615948583099
0.229205576381
0.279941623387
0.258073704964
0.331820487572
0.445676613638
0.215734591813
0.249457368195
0.773705808843
0.610794594888
0.472161258467
0.248206330322
0.051987084879
0.612717198122
0.450213592847
0.560997971055
0.243103603919
0.232089082793
0.283638265762
0.413935540239
0.415254277001
0.305635932458
0.306736955208
0.231728858578
0.187136687885
0.456395338672
0.566496638427
0.621188491332
0.274491850978
0.288380541969
0.40779512499
0.538071787701
0.72742867086
