0.712350486787
0.294696337506
0.807352804822
0.62628650904
0.525414928141
0.433861845155
0.329485396384
0.469754288363
0.394724153917
0.483681038479
0.724598980065
0.628947612425
0.598423736671
0.725479833102
0.881214649977
0.768354195642
0.744404265183
0.367853500232
0.871126564673
0.415799721836
0.668252202133
0.969401947149
0.666648122392
0.829012517385
0.8753175707
0.668196569309
0.511766342142
0.610941121929
0.490338433009
0.694075104312
0.82137227631
0.865869262865
0.553500231803
0.656124246639
0.721576263329
0.807241539175
0.732118683357
0.51906351414
0.62050069541
0.772925359295
0.703903569773
0.571312007418
0.391043115438
0.606017617061
0.690347705146
0.479814557255
0.811043115438
0.754891052388
0.633092257765
0.316114974502
0.754251274919
0.609939731108
0.695447380621
0.792730644414
0.675011590172
0.514075104312
0.688743625406
0.670319888734
0.720324524803
0.588669448308
0.774603616134
0.816560037089
0.57692165044
0.821780250348
0.603875753361
0.75200741771
0.465693092258
0.628011126565
0.53685674548
0.643375057951
0.93261010663
0.575067222995
0.701993509504
0.966509040334
0.780055632823
0.336198423737
0.324469170144
0.631172925359
0.708521094112
0.870894761242
0.770718590635
0.673212795549
0.683106165971
0.547705146036
0.759091330552
0.773055169217
0.851358368104
0.504747334261
0.625720908669
0.435234121465
0.581084840056
0.481891515994
0.819916550765
0.691330551692
0.780231803431
0.724237366713
0.242197496523
0.607788595271
0.879656930923
0.780890125174
