0.565934167826
0.812146499768
0.853472415392
0.800593416783
0.865720908669
0.584942049142
0.67371349096
0.829615206305
0.847306444135
0.841965693092
0.867779323134
0.839434399629
0.832999536393
0.845637459434
0.874501622624
0.87504867872
0.827770050997
0.793138618452
0.840788131664
0.55779323134
0.870533147891
0.749392675012
0.739462216041
0.835067222995
0.902151135837
0.790681502086
0.826110338433
0.837209086694
0.867417709782
0.695308298563
0.934677793231
0.910885489105
0.486824293
0.884636068614
0.825665275846
0.865999072786
0.73107093185
0.858553546592
0.895456652758
0.797848864163
0.790180806676
0.778321743162
0.755067222995
0.827890588781
0.811024571164
0.73394529439
0.886425591099
0.721752433936
0.5953175707
0.786425591099
0.834353268428
0.706592489569
0.798840982847
0.883439962911
0.734084376449
0.803940658322
0.940046360686
0.899592025962
0.822614742698
0.679156235512
0.931961057024
0.765859990728
0.627853500232
0.701594807603
0.841029207232
0.863736671303
0.807371349096
0.93046824293
0.813222067687
0.845535465925
0.853528048215
0.836291145109
0.743968474733
0.840927213723
0.749782104775
0.733824756606
0.740139082058
0.770690774223
0.936318961521
0.764432081595
0.817162726008
0.765581826611
0.756550764951
0.794622160408
0.862030598053
0.807909133055
0.775095039407
0.591172925359
0.800463606861
0.724172461752
0.863996291145
0.661307371349
0.793954566528
0.830922577654
0.788400556328
0.868317107093
0.712081594808
0.849114510895
0.884784422809
0.736773296245
