0.677904496987
0.691497450162
0.905637459434
0.956328233658
0.690625869263
0.813954566528
0.546629578118
0.580120537784
0.733463143255
0.928354195642
0.657542883635
0.682225312935
0.950829856282
0.671478905888
0.963356513676
0.921483541956
0.659647658785
0.542401483542
0.936875289754
0.832526657395
0.910097357441
0.763328697265
0.937579972184
0.845665275846
0.93344459898
0.859684747334
0.893602225313
0.920129809921
0.840231803431
0.824663885025
0.779554937413
0.84699119147
0.578488641632
0.82264255911
0.908113120074
0.904719517849
0.894010199351
0.656096430227
0.914501622624
0.952331942513
0.607241539175
0.544302271674
0.670097357441
0.903356513676
0.69581826611
0.774492350487
0.944320815948
0.941316643486
0.779545665276
0.662828001854
0.831358368104
0.62765878535
0.894993045897
0.839517848864
0.724200278164
0.530913305517
0.946045433472
0.89779323134
0.807287899861
0.674603616134
0.841548446917
0.614761242466
0.513824756606
0.750690774223
0.952823365786
0.945507649513
0.942327306444
0.597153453871
0.718349559573
0.639202596198
0.889837737599
0.695558646268
0.933815484469
0.792591562355
0.973138618452
0.762855818266
0.508789986092
0.940148354196
0.950839128419
0.809494668521
0.812025961984
0.830811312007
0.668363467779
0.608530366249
0.930839128419
0.954436717663
0.920250347705
0.848956884562
0.927649513213
0.840055632823
0.667918405192
0.51300880853
0.77073713491
0.639508576727
0.760380157626
0.900055632823
0.650848400556
0.902151135837
0.825489105239
0.698711172925
