0.576216968011
0.709272137228
0.83956420955
0.755521557719
0.815363931386
0.536059341678
0.646592489569
0.706323597589
0.821845155308
0.81939731108
0.828919796013
0.773602225313
0.762438572091
0.875030134446
0.904051923968
0.847909133055
0.782243857209
0.617468706537
0.844821511358
0.483393602225
0.778442280946
0.791627260083
0.746063977747
0.858748261474
0.884283727399
0.759360222531
0.767250811312
0.832916087158
0.81300880853
0.659239684747
0.793889661567
0.874408901252
0.446694483078
0.872424663885
0.826972647195
0.88518312471
0.757765414928
0.827770050997
0.837848864163
0.748984700974
0.815243393602
0.766694483078
0.614955957348
0.815716272601
0.825006954103
0.7225405656
0.816022253129
0.716235512286
0.627918405192
0.589086694483
0.791998145573
0.736189151599
0.783569772833
0.848530366249
0.757450162262
0.825507649513
0.915605006954
0.89294390357
0.817403801576
0.634724153917
0.87668984701
0.75829392675
0.565090403338
0.754427445526
0.75812702828
0.853815484469
0.793620769587
0.704969865554
0.740194714882
0.731803430691
0.851692165044
0.820407974038
0.705414928141
0.834789058878
0.767306444135
0.612220676866
0.596142790913
0.752869726472
0.881835883171
0.818952248493
0.867139545665
0.715873898934
0.693398238294
0.761947148818
0.81879462216
0.79438108484
0.851543810848
0.557774687065
0.767918405192
0.642438572091
0.799119146963
0.508205841446
0.781687528975
0.821631896152
0.692721372276
0.850913305517
0.651247102457
0.85448307835
0.882892906815
0.714826147427
