0.488891979601
0.559517848864
0.573361149745
0.575206305053
0.578442280946
0.657431617988
0.384988409828
0.821566991191
0.459870190079
0.537255447381
0.748585999073
0.544636068614
0.689401947149
0.660621233194
0.839610570236
0.976634214186
0.73668984701
0.659972183588
0.73019935095
0.528233657858
0.682800185443
0.657255447381
0.728558182661
0.705526193788
0.987297171998
0.821010662958
0.677088548911
0.723764487714
0.674529439036
0.697719054242
0.751951784886
0.851488178025
0.352053778396
0.569605934168
0.82732498841
0.581390820584
0.591812702828
0.393407510431
0.832563745943
0.858099211868
0.497515067223
0.556541492814
0.441641168289
0.40986555401
0.523087621697
0.395261937877
0.967612424664
0.738942976356
0.664422809458
0.56605470561
0.552573018081
0.554038015763
0.82407974038
0.72177097821
0.375846082522
0.594918868799
0.847686601762
0.714251274919
0.699758924432
0.543217431618
0.722661103384
0.687538247566
0.398989337042
0.505526193788
0.667260083449
0.820259619842
0.424552619379
0.820241075568
0.563755215577
0.710848400556
0.792906815021
0.652035234121
0.700259619842
0.805414928141
0.577839592026
0.710792767733
0.516281872972
0.675401019935
0.827343532684
0.731961057024
0.722290217895
0.67090403338
0.463050533148
0.512749188688
0.859694019471
0.71167362077
0.566277236903
0.440407974038
0.726073249884
0.518785350023
0.659953639314
0.532220676866
0.821761706073
0.563866481224
0.457042188224
0.545748725081
0.632897542884
0.728307834956
0.743171070932
0.703866481224
