0.462837273992
0.479953639314
0.574835419564
0.660853036625
0.571228558183
0.560611961057
0.349735744089
0.425266573945
0.388307834956
0.411414000927
0.720639777469
0.498535002318
0.685192396847
0.519119146963
0.7587297172
0.967065368567
0.454371812703
0.379860917942
0.772730644414
0.44909596662
0.710069541029
0.649624478442
0.554102920723
0.700027816412
0.978201205378
0.631274918869
0.508391284191
0.664700973574
0.555855354659
0.589791376912
0.737728326379
0.828548910524
0.267686601762
0.652517385257
0.646898470097
0.688076031525
0.432378303199
0.467797867408
0.818201205378
0.821613351878
0.426917014372
0.39096893834
0.390551692165
0.549902642559
0.473435326843
0.41377839592
0.79548446917
0.830264255911
0.595503013445
0.491701437181
0.533787668057
0.472331942513
0.72628650904
0.666323597589
0.343755215577
0.664469170144
0.837505795086
0.642299490032
0.69003245248
0.626685210941
0.703764487714
0.511821974965
0.356875289754
0.667881316643
0.643486323598
0.727278627724
0.550978210478
0.563903569773
0.526518312471
0.37107093185
0.794028743625
0.419434399629
0.672137227631
0.817014371813
0.720064904961
0.514473806212
0.444441353732
0.518266110338
0.602345850719
0.740695410292
0.613249884098
0.572146499768
0.578488641632
0.335577190542
0.866379230413
0.749355586463
0.709995363931
0.396634214186
0.730792767733
0.566731571627
0.536893834029
0.391172925359
0.707445526194
0.521196105702
0.645062586926
0.53200741771
0.456968011127
0.809513212796
0.733036624942
0.719007881317
