0.69013444599
0.772415391748
0.452396847473
0.613184979138
0.564524802967
0.729809921187
0.471293463143
0.642846546129
0.412276309689
0.469133055169
0.72401483542
0.510783495596
0.530338433009
0.678191933241
0.846138154845
0.774362540566
0.506536856745
0.571210013908
0.655104311544
0.681159017153
0.739313861845
0.718182661103
0.612127955494
0.798674084376
0.843273064441
0.378822438572
0.432257765415
0.521965693092
0.656059341678
0.700203987019
0.643106165971
0.751757070005
0.496773296245
0.457125637459
0.510866944831
0.537144181734
0.56996754752
0.610013908206
0.62782568382
0.848484005563
0.312452480297
0.50622160408
0.377153453871
0.460630505331
0.812443208159
0.533120074177
0.732823365786
0.814946685211
0.711126564673
0.638646267965
0.647046824293
0.390069541029
0.770625869263
0.656226240148
0.409133055169
0.645164580436
0.74782568382
0.54033379694
0.723514140009
0.626759388039
0.588604543347
0.622865090403
0.43377839592
0.504274455262
0.655020862309
0.647547519703
0.36314325452
0.642438572091
0.640649049606
0.619490032452
0.808511821975
0.792220676866
0.613157162726
0.740250347705
0.819796012981
0.627102457116
0.477941585535
0.634872508113
0.621279554937
0.696662030598
0.673583681038
0.826601761706
0.690514603616
0.593463143255
0.653129346314
0.6834121465
0.595521557719
0.656467315716
0.691441817339
0.668354195642
0.747371349096
0.367630968938
0.841010662958
0.773936022253
0.532285581827
0.534705609643
0.514418173389
0.487139545665
0.603282336579
0.481529902643
