0.697171998146
0.897477978674
0.923755215577
0.867204450626
0.580880853037
0.832582290218
0.729772832638
0.75906351414
0.667751506722
0.811710709318
0.903755215577
0.842012053778
0.914121464998
0.73019935095
0.963421418637
0.950236439499
0.755465924896
0.868076031525
0.89073713491
0.709782104775
0.867936949467
0.885081131201
0.655716272601
0.909735744089
0.952749188688
0.844191006027
0.864441353732
0.818154844692
0.951274918869
0.773750579509
0.93311080204
0.801019935095
0.664441353732
0.692591562355
0.724969865554
0.928076031525
0.750941121929
0.839406583217
0.882457116365
0.869327770051
0.817199814557
0.649643022717
0.386675938804
0.724867872045
0.941427909133
0.710746407047
0.919712563746
0.851534538711
0.822763096894
0.904357904497
0.884441353732
0.718321743162
0.840695410292
0.720064904961
0.817246175243
0.684496986555
0.950403337969
0.880556328234
0.934826147427
0.81796012981
0.714900324525
0.723013444599
0.523968474733
0.8765878535
0.789605934168
0.864840055633
0.774260547056
0.922216040797
0.864775150672
0.741474269819
0.774891052388
0.893036624942
0.834974501623
0.896634214186
0.82501622624
0.760463606861
0.722994900325
0.864812239221
0.741845155308
0.734408901252
0.936485859991
0.932053778396
0.690004636069
0.706731571627
0.937756142791
0.905424200278
0.902197496523
0.589745016226
0.730013908206
0.704608252202
0.94688919796
0.627630968938
0.902355122856
0.741159017153
0.862364394993
0.846620305981
0.876560037089
0.881177561428
0.771488178025
0.742002781641
