0.614334724154
0.325377839592
0.550171534539
0.630774223459
0.701390820584
0.541038479369
0.251358368104
0.541845155308
0.695011590172
0.864738062123
0.830143718127
0.57879462216
0.691451089476
0.611859063514
0.887167362077
0.78418173389
0.508131664349
0.482410755679
0.704663885025
0.689346314325
0.754872508113
0.75846082522
0.632016689847
0.656912378303
0.788808530366
0.493379694019
0.570106629578
0.675113583681
0.374612888271
0.539656930923
0.613834028744
0.804144645341
0.492165044043
0.363467779323
0.560074177098
0.643087621697
0.645609643023
0.586332869726
0.572220676866
0.790023180343
0.461455725545
0.491553082986
0.264663885025
0.61030134446
0.458785350023
0.712916087158
0.787464070468
0.701733889662
0.882401483542
0.310941121929
0.515363931386
0.515030134446
0.494455261938
0.673583681038
0.639944367177
0.558414464534
0.741325915624
0.7919054242
0.549615206305
0.472563745943
0.663319425127
0.628001854427
0.337301808067
0.65949930459
0.570533147891
0.751126564673
0.45488178025
0.532192860454
0.498043579045
0.607352804822
0.864237366713
0.471757070005
0.755438108484
0.775558646268
0.983523412146
0.508289290682
0.606898470097
0.650477515067
0.865368567455
0.811970329161
0.682568382012
0.863792304126
0.631033843301
0.461928604543
0.693259156236
0.795660639777
0.763208159481
0.721974965229
0.597598516458
0.577746870654
0.581066295781
0.344051923968
0.542299490032
0.683699582754
0.758349559573
0.76093648586
0.434724153917
0.53812702828
0.62307834956
0.440658321743
