0.992622341991
0.989078389298
0.997087403027
0.972369799703
0.616525229111
0.985458365329
0.999467859885
0.983585468951
0.993295321616
0.88799724421
0.99575543802
0.992906173974
0.994532556354
0.800715680013
0.999084812298
0.974743797679
0.691325721421
0.830357822065
0.995310133986
0.976783727923
0.995950101548
0.99084668767
0.998635561169
0.996201639121
0.986678735207
0.754709601487
0.801196507898
0.994569156685
0.997212812987
0.909367711331
0.99346540551
0.626066612603
0.988264928988
0.796344272766
0.902621947281
0.990089383751
0.99651543314
0.998552672183
0.997052596829
0.953051283523
0.830135887702
0.98432375505
0.642165914327
0.824944561262
0.991211973332
0.987985941167
0.984359278902
0.987135162871
0.986601228623
0.791579591368
0.828403472008
0.987810116045
0.817096301931
0.989674041753
0.989412636444
0.799041753084
0.812552478417
0.984213056989
0.994708740303
0.99592426602
0.982514729839
0.783415385057
0.886528207373
0.802055718622
0.994090122934
0.49882663643
0.982317195697
0.814702030242
0.997336069986
0.890632647496
0.905160108509
0.846837839002
0.954540055833
0.858388473049
0.989188190293
0.995884436247
0.991577617821
0.79335955161
0.756192453155
0.991847634973
0.832297819051
0.989175272529
0.811059220772
0.79833289078
0.991350480469
0.997411423609
0.874877101828
0.822026223061
0.99577822352
0.842712945753
0.822987340591
0.986424147607
0.920015178373
0.842940980171
0.634675943535
0.981550562282
0.988786304299
0.991004212626
0.985722282425
0.817110475589
