0.974478265862
0.986757318272
0.997662243529
0.970359293255
0.932654851697
0.981924998026
0.999625205428
0.982907645163
0.983509397673
0.980439096331
0.99634768162
0.98630573477
0.993939415686
0.995755258606
0.999668085229
0.966483066964
0.987381676869
0.991394257336
0.992817723172
0.979608950575
0.996474526887
0.982267498188
0.999698944332
0.994851732775
0.969163503011
0.932481538362
0.985575701686
0.992388207517
0.998842245394
0.898883869301
0.98781567786
0.984560760139
0.985350358468
0.972254436893
0.890195775891
0.986603919824
0.996444923678
0.999297417165
0.997248875078
0.942424090195
0.98920074923
0.982567297963
0.840764336924
0.984236021903
0.989459104512
0.988342076746
0.983638754728
0.981687454698
0.843526047236
0.820968581127
0.989581105617
0.98345790603
0.986542201618
0.971547548137
0.989709027364
0.995013204826
0.994615086513
0.978946018099
0.993002518964
0.994864291712
0.981365407663
0.975126845267
0.840777075275
0.834855715752
0.993349145633
0.780541900203
0.983470823795
0.987206210574
0.996127182564
0.993764667045
0.989291173579
0.983473335582
0.944044193106
0.983863559705
0.986533948602
0.993727528473
0.980376839884
0.690585461774
0.987730456499
0.990725942459
0.808003451914
0.993702769425
0.992195696949
0.969348657629
0.990721098297
0.997505615639
0.980485384985
0.974827224905
0.987975355777
0.819816388337
0.98498579046
0.97391293427
0.986872501669
0.817896306237
0.685170048011
0.977200146401
0.990645744673
0.987730277086
0.983701370001
0.986718385567
