0.809265086872
0.991942185829
0.996669369828
0.816652612618
0.513160151568
0.986721435594
0.999653552744
0.788687985762
0.891563982403
0.815417172014
0.897823177339
0.89316793811
0.931588956747
0.826950402962
0.999163933603
0.643320439491
0.679762349024
0.824066512132
0.994260924481
0.682392369907
0.895827203376
0.887941984886
0.999160704162
0.995837788766
0.747288525437
0.847749259023
0.813959617634
0.892843917527
0.998023043856
0.877293979604
0.894440337871
0.826199378512
0.99042488679
0.895314798734
0.698753794593
0.889491757749
0.994372340196
0.999194075052
0.995985804813
0.959135370991
0.889272873413
0.988468204359
0.712128883403
0.713534587313
0.993385028311
0.814945314799
0.988503010557
0.686996296908
0.818208306122
0.611675326353
0.792970942207
0.800157524956
0.811675864593
0.80858385423
0.82767218303
0.896761408897
0.824735006423
0.886130986128
0.928562611685
0.996380334857
0.821678878738
0.784632166668
0.715436369247
0.626096036399
0.83094504209
0.627683844901
0.63917957845
0.897281887142
0.995961045765
0.82446014511
0.890961153413
0.783278133814
0.960508601078
0.890700465757
0.991676295185
0.929919156326
0.888463001371
0.624222960608
0.888342973813
0.791296477039
0.666888002985
0.855313686371
0.99588407742
0.88440736169
0.826457374967
0.899119259669
0.366791837408
0.988393388975
0.895116188111
0.837613658383
0.710082314863
0.808189503599
0.720835097565
0.706802996921
0.712910587543
0.982917692313
0.859320346196
0.81694487703
0.897758767932
0.812037920814
