0.987449136304
0.954158084726
0.997297316693
0.939913558629
0.81408484818
0.950108545101
0.999599728727
0.947836274517
0.988265646642
0.987195086944
0.995868109629
0.98975800722
0.992551294288
0.995529197735
0.999586452136
0.935943319722
0.98742563315
0.99059263831
0.993484782156
0.98211463798
0.99587349203
0.986683938196
0.999545187056
0.995340275435
0.978037289279
0.966668400996
0.986791765643
0.99327594497
0.998138944906
0.934611713541
0.991189726072
0.971670984549
0.952796337096
0.979959165512
0.925973317641
0.987640390978
0.995375081633
0.999330788055
0.99713889467
0.825718909454
0.990408739585
0.9499142404
0.966829873047
0.986226075224
0.987134624631
0.989420530633
0.950529090087
0.982745276045
0.989789404563
0.940478710807
0.990252829349
0.986751756457
0.987958849745
0.985293125597
0.988209849077
0.99327540673
0.994965660277
0.947106779673
0.993268230195
0.995895918704
0.983016728504
0.941759184171
0.976971573742
0.950032653237
0.992988704133
0.944515691495
0.984220771765
0.985915331233
0.995820744494
0.99433017805
0.989682115356
0.981022189848
0.827634147392
0.986083620993
0.953776651859
0.993898688847
0.984817321286
0.934669125826
0.985339952491
0.989291711819
0.882415155408
0.993915553706
0.994411811142
0.942058804533
0.99086893493
0.996905836676
0.981379940148
0.950187845819
0.99164902435
0.891800449251
0.986146774506
0.982563889108
0.985651772963
0.890676962603
0.855260400594
0.943881644575
0.989245064338
0.990724327738
0.951535778618
0.988246987649
