0.972939616629
0.979372842554
0.997285116583
0.96208797715
0.885649620002
0.975264455337
0.999755818376
0.972777606338
0.988123551237
0.980153470214
0.995777326453
0.989359709494
0.993176011712
0.995366290377
0.999605649369
0.960281822553
0.986854739743
0.990568596916
0.994262000962
0.978753866359
0.995579254071
0.986568754799
0.999574072612
0.995431776264
0.963759571704
0.959944704793
0.984146853448
0.993345557366
0.998068614857
0.857247403888
0.991066289659
0.983915230762
0.97804051872
0.987445368623
0.848308490559
0.987633214442
0.995396790653
0.999199098627
0.997042370266
0.898211607329
0.990082207215
0.975310923405
0.950301952735
0.981617662889
0.98952620512
0.986426121154
0.975776859979
0.982218159506
0.983706214162
0.954054204373
0.989746524763
0.986668149817
0.978489411022
0.970874030271
0.988644388308
0.993119675908
0.994610421765
0.972471885922
0.99347706738
0.995876183231
0.980209626605
0.966952771219
0.96339679783
0.976357621122
0.992980809944
0.785130218238
0.982006810532
0.986660973282
0.996090223406
0.993733090288
0.989234837774
0.982381784517
0.899868489985
0.986650208478
0.978996792089
0.994306316069
0.984716490961
0.954288338847
0.985594001852
0.988960514701
0.839323288576
0.993602297927
0.994900533217
0.967416734246
0.990735451368
0.996945666449
0.976467960357
0.979009351026
0.991390310242
0.851813510546
0.982694860883
0.955553562073
0.98619144844
0.850532498941
0.923456147779
0.96999598114
0.988896284708
0.989225149451
0.976568611269
0.978956962316
