0.853637785895
0.907289566035
0.812246578587
0.689676732954
0.723356932175
0.700890249241
0.999559001887
0.834903977954
0.79816352454
0.743534300252
0.816661403874
0.685194448232
0.858284054456
0.798239595818
0.927377048004
0.609838492066
0.858974078353
0.782111587952
0.784685811271
0.644098196537
0.799477907035
0.732168282583
0.92801934794
0.794089764107
0.68020567951
0.725293879133
0.729107669564
0.857696116777
0.883516753622
0.848730829679
0.692206282339
0.801809742865
0.753144399073
0.76894067158
0.638826134072
0.733631219365
0.817128775755
0.874846242725
0.770344043117
0.843073566666
0.796360958211
0.68110166998
0.696178135967
0.69558607178
0.787394056393
0.604052230826
0.630492561521
0.741905585498
0.802305282648
0.679716778023
0.78063860402
0.856591827361
0.811413562217
0.775933129041
0.775885225666
0.85670449897
0.879144808135
0.776574711324
0.794616701234
0.655328757096
0.788887852278
0.654388092692
0.775423595014
0.712735838901
0.59715055654
0.724761200778
0.804308253734
0.736852407369
0.875152501381
0.941671630437
0.771298701765
0.733392958383
0.912960285052
0.798359982202
0.906542309266
0.461602305103
0.786493401176
0.603732336752
0.711819574719
0.740975327071
0.564905485026
0.83405858206
0.863178451734
0.697927775346
0.763094845094
0.860676711424
0.790152537264
0.695488112069
0.913877446302
0.681706113691
0.726934076344
0.937686141392
0.708672305031
0.649654808638
0.6572422009
0.76205622098
0.661602843343
0.780584959417
0.755888706286
0.774933258219
