0.985949240364
0.954178896679
0.997165986092
0.937727585885
0.813922658476
0.949940972995
0.999637405539
0.947850627588
0.98854660801
0.985317346404
0.995830432817
0.990049374565
0.992436469719
0.995441644001
0.999590937471
0.935850742413
0.987681117817
0.990608067861
0.993719096044
0.979534314605
0.99585232125
0.986793380364
0.999550390045
0.995413117272
0.975522272378
0.967422654888
0.986740094587
0.993370316413
0.998144686134
0.929673001155
0.991440545991
0.981222953431
0.95280817838
0.985635446345
0.921506283057
0.98777495102
0.995215941956
0.999208428123
0.9970441644
0.825702762249
0.990918991266
0.950010405977
0.964906561507
0.98523930158
0.988314447084
0.98925367618
0.950467730708
0.982982460547
0.987870398944
0.946548624617
0.990308806327
0.987165124908
0.986239351815
0.983929583833
0.987912740504
0.993495726373
0.994727399295
0.947055108617
0.993173858751
0.995945077973
0.980634118686
0.942034045485
0.971751361748
0.970885871554
0.993115190573
0.940741551423
0.983988969665
0.986020826306
0.995627695686
0.99408725232
0.989477942918
0.979915926885
0.827653524038
0.986759291819
0.953746151583
0.993906941863
0.985002834732
0.955720775353
0.98530442864
0.989191957974
0.880189711719
0.9936220334
0.994378081425
0.942315724507
0.990914147105
0.996792088587
0.98061528028
0.9695318387
0.991908814939
0.891915273821
0.985692858629
0.979618280071
0.985566731016
0.890760389829
0.888432142268
0.943857603181
0.989530511041
0.990230223262
0.951509225437
0.986460389112
