0.99650634597
0.96703204488
0.995317491106
0.971364307941
0.945076335983
0.873515582225
0.99081574538
0.963874604839
0.958587626115
0.987325668095
0.977929835277
0.991848048886
0.999632970982
0.984752062819
0.927326603551
0.97106661274
0.988643836031
0.99009131704
0.946989344053
0.988615772343
0.988724175216
0.986369576761
0.982382056848
0.966292759293
0.975749947037
0.976734377192
0.822470209845
0.918564679923
0.840718485441
0.992716922679
0.949405297434
0.900460024377
0.907799779342
0.979082372427
0.961578609967
0.953648417015
0.990871047353
0.974299164417
0.99473228067
0.929480078908
0.985476216024
0.988990505119
0.97310810848
0.972293436123
0.756680946131
0.986423227929
0.971201703631
0.99241014805
0.991322817704
0.955917999004
0.984454092484
0.989852500557
0.897153461601
0.972191086202
0.986718997191
0.984814518281
0.99113242484
0.969694518501
0.99376133209
0.961493318366
0.902845712997
0.958631647586
0.975883662256
0.983546975037
0.917873817955
0.992106950165
0.838374892354
0.99286384434
0.977102506748
0.991069694243
0.990244291653
0.984860190558
0.949711246661
0.92789558107
0.990018681612
0.996457096949
0.989914680886
0.975466833948
0.92715409441
0.97253775529
0.983676838378
0.970473973681
0.974660415618
0.972849207201
0.845892108876
0.98559920101
0.92255577658
0.986319502337
0.978639681505
0.912969550898
0.929556015947
0.977674510743
0.961254777017
0.969247150298
0.99039423979
0.916734212112
0.984033137163
0.997834969006
0.955817024754
0.964638652503
