0.997313314569
0.973588492787
0.995130674987
0.864404788436
0.823470047516
0.769971578637
0.992027711516
0.970866865314
0.902013707186
0.989533344889
0.869717079506
0.99360725694
0.999709733422
0.987629966516
0.915278477077
0.972470622546
0.990081687343
0.988408321159
0.825920117537
0.987454706033
0.990508420482
0.988986102972
0.98723487381
0.860148187278
0.982381781714
0.983537070206
0.736642647451
0.908030892068
0.816438993119
0.993506557824
0.869565205429
0.827102644315
0.832923108246
0.917793753903
0.902453371632
0.831969768254
0.992607694403
0.865788438311
0.994979901447
0.839555768326
0.988989679716
0.99102292143
0.958539202496
0.911818664554
0.722379965828
0.982089864331
0.910183542023
0.993746749977
0.992680880099
0.900646840496
0.986629303443
0.991253208753
0.841511972465
0.973763753271
0.989638721286
0.975823407867
0.988355770527
0.963872128631
0.993330747072
0.959633411196
0.891499728993
0.903192932353
0.969372061223
0.975226091526
0.906705845776
0.993397604682
0.803648279448
0.993912931032
0.983840268091
0.992162527273
0.992357872552
0.97600059429
0.948395554932
0.914179040827
0.991311812336
0.997337251244
0.991757529735
0.968389832141
0.911104966447
0.978053370531
0.988583306508
0.905100162604
0.914484990054
0.966812762925
0.820943490187
0.988679328342
0.910189594975
0.988247642788
0.916959547019
0.891087302832
0.916380939803
0.96905455636
0.901546254185
0.974811189158
0.992541662196
0.905854030303
0.987544124647
0.997671264159
0.832931637406
0.905318619156
