0.642839770098
0.528791968283
0.868633325905
0.635634830889
0.520601223247
0.585488046795
0.564890125159
0.529535656016
0.710691990018
0.641041217854
0.379296426832
0.455035918769
0.676794631582
0.545559746766
0.266841652016
0.859840312112
0.540547076837
0.48208848866
0.558434926635
0.652695077024
0.500419029382
0.777619759037
0.889493725565
0.402081115064
0.66703534649
0.490569500274
0.739260549333
0.491614459953
0.829577751548
0.379005609986
0.547377833538
0.623428777386
0.315640003412
0.493021221101
0.679785065166
0.490424779686
0.69610905219
0.578140863206
0.531580453366
0.704883907126
0.492603292256
0.662518193249
0.497673740367
0.687695723589
0.409061819903
0.859463103129
0.440345403471
0.384694559772
0.802956316944
0.554004165532
0.606750417516
0.538545200422
0.593391276595
0.798077912502
0.806894037567
0.553192519651
0.455357275511
0.785456131228
0.610281764931
0.548251659747
0.565825031159
0.805220396248
0.555934507056
0.612158180152
0.455596091994
0.633831601364
0.774974343736
0.622480114676
0.55438495126
0.759544542851
0.399125348389
0.674096940783
0.447020434217
0.44441793985
0.53692576054
0.665169111234
0.419832773435
0.60770458291
0.325334907101
0.541918620807
0.826891066117
0.638681666983
0.568436054686
0.540275519385
0.669847217981
0.75406634586
0.554219595608
0.600279536344
0.336320190173
0.537611394958
0.582068403864
0.548569439744
0.428706126413
0.788070731499
0.648756255864
0.363715027004
0.739338687445
0.357899240354
0.422126842367
0.643682781277
