0.998166780847
0.796251846838
0.995366189859
0.822933810966
0.950914133369
0.752796326408
0.816883885115
0.974851909019
0.96340137402
0.993632019017
0.895577492922
0.906734734867
0.999391678291
0.984178408019
0.885562883296
0.9806776005
0.691203959731
0.969771831211
0.952736072019
0.982094816747
0.994600766524
0.994526205157
0.969589967507
0.821942502456
0.987293477394
0.663123763616
0.849222058059
0.946131475627
0.718120888463
0.996191592449
0.653574956185
0.925531903186
0.929482555116
0.978167551223
0.971834512283
0.955580959613
0.844479845044
0.894700915371
0.996644463337
0.789211162745
0.993833692383
0.792129786303
0.985155684685
0.963713926468
0.804471756099
0.979174817517
0.820456777793
0.793116142398
0.817205792125
0.783319714191
0.9423304967
0.844854852955
0.860664339031
0.981032798748
0.993493901651
0.942591048784
0.919188134012
0.829159822704
0.995343353721
0.971139798437
0.932159060582
0.963417882072
0.973474036962
0.986224581039
0.941721074454
0.992551842161
0.861089971634
0.996043019983
0.647666724445
0.944496353096
0.941076710165
0.828699798327
0.962972164673
0.79702689987
0.842944596227
0.946700453146
0.840560833547
0.96687796973
0.923344036054
0.688765445346
0.986443037592
0.795103436701
0.774105469943
0.982117377751
0.80939995983
0.841154848277
0.89575963176
0.842701652731
0.978289160538
0.940050734746
0.949615224826
0.987355932856
0.970216172938
0.979471687315
0.843118205905
0.942189903125
0.841727677675
0.995993770962
0.805390704316
0.788838355908
