0.996351170283
0.964757235342
0.995320517582
0.968482552365
0.927149692262
0.893971259482
0.991040805153
0.961036870734
0.940557531936
0.987265138571
0.975129519423
0.99190472653
0.999639023934
0.984646961555
0.942135426554
0.956277324265
0.988493062491
0.989905326323
0.929203569041
0.988564322248
0.988420977332
0.986340412536
0.97918939963
0.963093498854
0.972802709522
0.98028690994
0.792340263964
0.933125331881
0.813456538427
0.992707017848
0.957433713294
0.900334012915
0.919418146201
0.976177780713
0.946463837737
0.947823275803
0.990659194022
0.971406953742
0.994480808014
0.934354906606
0.98526546323
0.98901746827
0.97062474722
0.969386918469
0.741503443304
0.986340137402
0.967929257495
0.992452518716
0.991537972646
0.950082402692
0.984172355066
0.989788119155
0.930610330189
0.957441692185
0.986613345659
0.982292638234
0.990789057363
0.966456739275
0.993632019017
0.954903028952
0.902764823543
0.952526419761
0.972585903775
0.980405492779
0.932549476007
0.992059902217
0.808158004066
0.992900712322
0.97450909181
0.991030074919
0.990220630112
0.982529803912
0.943664897554
0.942532170066
0.989887167466
0.996501943823
0.989886066929
0.972391383897
0.941739508445
0.973469909949
0.980490234112
0.967512429187
0.971766829271
0.96958556536
0.8188018456
0.985494650016
0.937051772002
0.986255671204
0.975817354915
0.925257594392
0.944111165221
0.975138873986
0.946325995504
0.966398961093
0.990314450873
0.931183159586
0.983837241615
0.997841572227
0.949987481394
0.961635287612
