0.998438888568
0.859151926352
0.996321730924
0.975599723765
0.897728216938
0.711877818406
0.992120982009
0.976468597558
0.90754720615
0.987278620147
0.978672972742
0.991902525457
0.999458811035
0.990850962557
0.913522570634
0.811980718595
0.904751017309
0.887823936125
0.892941432184
0.992681155233
0.9910878531
0.992565598871
0.984711893226
0.951127362371
0.986688732429
0.980388434459
0.924020040775
0.90470782124
0.925339309248
0.994595538974
0.798829303993
0.833539133712
0.874622997367
0.980572224102
0.908651594815
0.959410277363
0.978373901871
0.978009899328
0.99722554676
0.778978921969
0.982237061127
0.977008410852
0.90242833442
0.972977419736
0.846483097131
0.976578376103
0.888870546609
0.992941707318
0.992190590961
0.960498983379
0.985855075813
0.989155860771
0.820141749138
0.812393144756
0.991724238497
0.992047796313
0.892617874368
0.97676106521
0.994467051304
0.968488880451
0.728256557136
0.964186331883
0.980577176518
0.986366825419
0.904086293089
0.995330697548
0.936067066712
0.995234950847
0.863263806922
0.994509972239
0.994797762609
0.991112890312
0.95951042621
0.911238956801
0.907191182499
0.998205574769
0.978786603166
0.981698898638
0.81166761588
0.978643808518
0.986518699496
0.858076701911
0.962461790738
0.974542658182
0.944009365568
0.990200270182
0.9099001538
0.986060876192
0.978946181
0.906642564911
0.914853394743
0.901530571536
0.907620942115
0.978169477162
0.993572314897
0.903803455135
0.973486693135
0.998566000567
0.959894513549
0.853118508553
