0.996473880135
0.967999416716
0.995359861773
0.969431765344
0.940612008507
0.837344789921
0.990969270262
0.966538454131
0.95728073868
0.987745522879
0.975670983522
0.991757254601
0.99964205041
0.984972170176
0.960415892852
0.97406722629
0.988722524411
0.99039946734
0.942773737891
0.988632830663
0.988731878974
0.98691104086
0.98330458181
0.964206141546
0.976327178581
0.980281957525
0.823504164156
0.95207657535
0.843890782729
0.99286714595
0.881288673551
0.931530929211
0.938439273756
0.976859838386
0.959756671316
0.949436112464
0.990944783318
0.972081582792
0.994573253104
0.862417769267
0.985855901216
0.989126421412
0.972345436487
0.970370798357
0.794940557257
0.986722023667
0.968826194977
0.992493788846
0.991507707885
0.954766287257
0.984843682506
0.989988141716
0.882231833577
0.975264885448
0.987234048407
0.983687018343
0.99111536652
0.971174190211
0.993753628332
0.963444019821
0.938935065578
0.957552571267
0.97710525809
0.984464547583
0.9511259867
0.992184538008
0.842161289169
0.993082300892
0.976416872329
0.991366288907
0.990327932449
0.983853749666
0.953273684239
0.960883070718
0.990157349247
0.996530282645
0.989963104504
0.976448512762
0.960238981563
0.974819168049
0.984612294647
0.968496309075
0.972372949906
0.974251841336
0.848911981819
0.986101596053
0.95565552098
0.986825749259
0.976430353905
0.944977562806
0.962423547085
0.976675773609
0.95935635106
0.971799845375
0.990635807615
0.949970423074
0.984412822354
0.998002250598
0.951274559166
0.962843126735
