0.998015778037
0.99300172235
0.998401312177
0.997752497876
0.867479972405
0.998810780877
0.867276763297
0.999088374843
0.986179199459
0.976582848776
0.73779055852
0.998237994002
0.866303189867
0.737913047151
0.868618975882
0.998596543099
0.990025154753
0.912666075342
0.991331934804
0.997777371047
0.852792599997
0.999629483624
0.999066082851
0.998117382592
0.998771359248
0.736739784401
0.99884879459
0.998875310328
0.999496904933
0.974633120738
0.983923484497
0.99312045654
0.998388171634
0.995135652639
0.996890853713
0.861957424641
0.996281226388
0.999091659979
0.997544361065
0.998803975953
0.998808434351
0.999217903051
0.736086511702
0.998631506329
0.737192663823
0.999478132729
0.8676451678
0.998328569887
0.987839600903
0.998891501354
0.960608172479
0.99394408699
0.9985920847
0.992399603906
0.983239706966
0.999311998723
0.998949695186
0.99822766929
0.99893256555
0.997701108968
0.999231043594
0.999733669356
0.99727803042
0.999794679019
0.993979754178
0.999595224351
0.867123769834
0.868481704141
0.918313458262
0.867819279992
0.867682477555
0.868583308695
0.86771509426
0.998931861593
0.999420408202
0.961792463899
0.960316968664
0.998868270751
0.999733669356
0.998291729436
0.990790826024
0.998618365786
0.998312613513
0.998444018941
0.999268353349
0.999719824855
0.99796814357
0.998967763433
0.868155537096
0.998814066012
0.913275702667
0.992079537828
0.868189327063
0.998705656534
0.99312233376
0.999415245845
0.999742116848
0.866921499336
0.999468511974
0.997789103674
