0.99349496201
0.993635284235
0.98457534928
0.763296586744
0.87584158137
0.992348684303
0.777444727592
0.986773105063
0.987723447891
0.610172188041
0.753039689132
0.851616990722
0.778910367419
0.757354010916
0.870494319062
0.896937080265
0.967075196756
0.921144306625
0.507408450308
0.897264889878
0.685247159531
0.988861512758
0.989797776432
0.896143485341
0.895998704718
0.659429747373
0.791763930149
0.846573838118
0.993514438171
0.603611772049
0.798413279457
0.948498927638
0.944858293325
0.659910315795
0.991388016764
0.87013530066
0.875976741239
0.89573753643
0.901489339735
0.803860034447
0.990551949728
0.905212337092
0.660217945288
0.992204138332
0.75126712377
0.945239603719
0.633083428368
0.901272990084
0.990355545544
0.943836146817
0.970267879351
0.988033893214
0.902186492461
0.995668313928
0.798390987465
0.947448153519
0.895671833716
0.994462199821
0.948758453358
0.896023343236
0.90259408394
0.99347290467
0.993411425702
0.996110164679
0.996030852117
0.993738296704
0.78385848574
0.868857148221
0.831664719051
0.778227528499
0.776043382563
0.874145512739
0.874695303664
0.899683923015
0.990026562669
0.968515963413
0.779685659444
0.998359544023
0.904006222986
0.994696852371
0.596003632421
0.897954533722
0.988724710321
0.988609965224
0.905315349562
0.992615718905
0.899056931402
0.900046226552
0.870541718877
0.85548453405
0.919823916727
0.901448979496
0.875768604427
0.992433393874
0.993387725794
0.798001698884
0.997213266317
0.823824742703
0.991936869078
0.851133606469
