0.99777127008
0.995553568831
0.998445192204
0.997988558342
0.825247206461
0.998947114008
0.825166485984
0.999111605446
0.987553090139
0.976578155725
0.653163585679
0.998510660265
0.824085676339
0.653229288393
0.826179950348
0.998738038586
0.99052824982
0.872961690625
0.994137909997
0.997550227378
0.810649002023
0.999471093152
0.999123103421
0.998036896767
0.998845978759
0.652092162136
0.998782387918
0.998951103102
0.999449035813
0.974316105143
0.983915740962
0.995708204861
0.99853037108
0.993069302284
0.996540048151
0.82202167251
0.994045456892
0.999060685842
0.997826882735
0.99883964314
0.998940074432
0.999321150173
0.651355118476
0.998630333066
0.652682078646
0.999434487355
0.825345995185
0.998524270113
0.993146033668
0.998865689573
0.958405723645
0.996570787635
0.998701902094
0.994923526734
0.983135990539
0.999340391682
0.998917547787
0.998122310295
0.99909729164
0.997835330227
0.999299092833
0.99985733125
0.997164223934
0.999855219377
0.996617483492
0.999742116848
0.825043997353
0.826092190294
0.876044555826
0.825575485379
0.825376500016
0.826363213989
0.8254992233
0.999134366743
0.999529990942
0.959769758918
0.917675672632
0.998758688011
0.999868359919
0.998273895842
0.990822973423
0.998764788977
0.998243391011
0.998343352997
0.999362683674
0.999801014638
0.998018359216
0.999105739132
0.825834072489
0.998860996522
0.873501860795
0.995099985452
0.825886165355
0.998632444939
0.995555211398
0.999648021175
0.999672659693
0.824273398379
0.999390607328
0.997994190003
