0.998207254518
0.9945982983
0.730591887592
0.729963722716
0.825807087446
0.998969640653
0.691730844139
0.864906068584
0.860117279344
0.719188242969
0.653168748035
0.8646038361
0.689614512791
0.653142936254
0.826437129542
0.864412359619
0.858668065196
0.750069691807
0.811908616911
0.864696993162
0.684090557112
0.999536561214
0.865211351552
0.864173483323
0.865112328176
0.517672387496
0.864584594591
0.865198211009
0.999644501387
0.721499805238
0.857482600513
0.860357328903
0.864677047695
0.86246708998
0.863891196306
0.687273618952
0.997431962493
0.999040036418
0.864404850738
0.865189528865
0.865245610824
0.99947179711
0.517816464162
0.999123338073
0.652219813123
0.999400697387
0.691601785237
0.730620280551
0.989896565156
0.998302288801
0.971052557478
0.99489466447
0.86459374604
0.860058381554
0.808340959541
0.999110197531
0.864766919622
0.864689718933
0.999281259239
0.596100309272
0.999545478011
0.999891355869
0.997129260704
0.999815563096
0.995044138145
0.99973132283
0.690941707614
0.825810137929
0.888584622749
0.826097117997
0.691718642206
0.826365560515
0.825731763977
0.865038647275
0.999517085052
0.972233094457
0.930808941201
0.999242306916
0.999752910865
0.993876507056
0.864271333437
0.865010723622
0.864811268954
0.998332324327
0.999686034888
0.999837620435
0.864383262703
0.865113970744
0.826233451129
0.999197018974
0.884412265758
0.856016491381
0.691862953525
0.999123338073
0.99439039614
0.999735546576
0.999294869087
0.776741239247
0.999462880313
0.730204945537
