0.998411636889
0.994069860757
0.998340302514
0.997261370089
0.917358187731
0.998784499791
0.91709396896
0.99900249201
0.846317362881
0.796086934077
0.836710452832
0.998064351115
0.914726559384
0.836684171747
0.918033048465
0.99827272258
0.991896743492
0.963260450251
0.939061671383
0.805408271972
0.721103242429
0.999395769684
0.99903933246
0.998075379785
0.998597012404
0.835107541264
0.998532952258
0.999074061038
0.999527879069
0.692631675278
0.802765145649
0.99382347558
0.998418207161
0.995723222624
0.997134657712
0.719673269789
0.997115181551
0.998802568038
0.99779426603
0.998579648115
0.999074061038
0.999414541888
0.834831589865
0.998962835729
0.836154091637
0.999384975667
0.916957635829
0.998149529991
0.989559604094
0.998689230856
0.967529014788
0.994878004139
0.998458567399
0.993459764127
0.802090284915
0.999221892144
0.998683364542
0.998451058518
0.999113482666
0.99747678113
0.999471327805
0.999936643812
0.996656435815
0.99979937207
0.99490381592
0.999738362407
0.916418404269
0.917827492831
0.968235084311
0.917667694445
0.916942383413
0.918209976488
0.917342935316
0.998833307522
0.999510514781
0.870516845707
0.869249487284
0.999134836048
0.999951896227
0.968738883335
0.890625161324
0.99851112957
0.805863732571
0.998350627226
0.999528113722
0.999764643492
0.998000994927
0.999111370793
0.917433276547
0.998991697993
0.963689629765
0.992966993772
0.917655023207
0.998962835729
0.993991486805
0.999620566827
0.999276096883
0.916418169616
0.999397412252
0.997696181264
