0.997398172526
0.983324416536
0.998681721974
0.998088520328
0.952962019138
0.998936789296
0.952949347901
0.999266945434
0.991231503513
0.986799620801
0.909036704352
0.998458567399
0.95057607201
0.909085042777
0.954004111113
0.998759157316
0.966792205781
0.807885029637
0.977956270151
0.997834156964
0.94336707637
0.99934109564
0.999182235863
0.998000290969
0.998880238032
0.908051632947
0.998830491691
0.999059043275
0.999383802404
0.984253171329
0.988666047184
0.983826807646
0.998629394456
0.981167255645
0.996129875493
0.938486772636
0.982035470079
0.99888563504
0.997613348914
0.998868740057
0.999021733519
0.999151261727
0.907005786532
0.998416799245
0.908572561608
0.999382394488
0.953343329532
0.99874484351
0.969279992116
0.998887277608
0.906993349947
0.984603038281
0.998689230856
0.982798090867
0.988070968317
0.999327720444
0.998968702043
0.998051445225
0.999011408807
0.998137093406
0.999129204387
0.999918340913
0.995511566024
0.999876807411
0.984619229307
0.999750564339
0.953083569159
0.954069579174
0.822632003792
0.953403400585
0.953317048446
0.954286867435
0.953343094879
0.999238552475
0.999464757534
0.908509909377
0.906483215303
0.998582463946
0.999955650668
0.996819050033
0.995943092064
0.998800690817
0.998757280095
0.998328335234
0.999175430939
0.999752676212
0.998095325252
0.999274219663
0.953796208953
0.998604286633
0.808260943022
0.983185267574
0.953978299332
0.99837948949
0.983326059104
0.999534918646
0.999732730746
0.951953013173
0.999346961953
0.998228373248
