0.997711199028
0.994103416072
0.998544684885
0.997945382272
0.953192447942
0.998902530024
0.953098586922
0.999185286347
0.990197155072
0.981407305203
0.909049844895
0.998467484196
0.951996189243
0.909085042777
0.954099380048
0.998768074113
0.984868430315
0.818355695721
0.992705121527
0.997664737823
0.938576879215
0.999419000286
0.99916627949
0.998084296582
0.998863343048
0.907964811504
0.998724663391
0.999020560256
0.999449035813
0.976904322769
0.983915740962
0.994284333188
0.998556652165
0.988742778568
0.996574776728
0.948691812034
0.989723156922
0.999021733519
0.997826882735
0.998825563987
0.999009531587
0.999269057307
0.907210872861
0.998660837897
0.908598373389
0.999378170743
0.953273872377
0.998611091557
0.990306268508
0.998852549031
0.905197319329
0.995137999165
0.998671866567
0.993529690587
0.983135990539
0.999340860987
0.998906519117
0.998209131739
0.999076172911
0.997965327739
0.999246999967
0.999918340913
0.997196840638
0.999859443123
0.995136825902
0.999759481136
0.952957795392
0.954020067486
0.822793444746
0.953525419911
0.95328701292
0.95430845547
0.953352011676
0.999182235863
0.999529990942
0.906487673702
0.864389832974
0.998791304715
0.999929369582
0.998234474214
0.993441226576
0.998753760307
0.998466310933
0.998298299708
0.999323731351
0.999801014638
0.998035723504
0.999192560576
0.95377931397
0.99877886813
0.818809044448
0.993680337524
0.953900863991
0.998649809227
0.994078777554
0.999634880632
0.999654826099
0.952158099502
0.999373243039
0.998081480751
