0.966471816284
0.905496172582
0.990597077244
0.92433611691
0.985308977035
0.941585942937
0.994961725818
0.94699512874
0.737265831594
0.989789839944
0.94780236604
0.96914822547
0.945016005567
0.83285177453
0.936102992345
0.928073764788
0.967942936674
0.947113430759
0.892090466249
0.947258872651
0.877480167015
0.921109255393
0.96559638135
0.899295059151
0.945629088379
0.926363952679
0.946860125261
0.935441196938
0.925804453723
0.947478079332
0.985620041754
0.982699373695
0.879379262352
0.918159359777
0.950180236604
0.947076548365
0.97411203897
0.940855949896
0.911361169102
0.94940361865
0.858810020877
0.968541405706
0.928426583159
0.819080027836
0.942888656924
0.943608907446
0.971077244259
0.945770354906
0.990682672234
0.906083507307
0.943036882394
0.965993041058
0.94049756437
0.988008350731
0.943387613083
0.960015309673
0.965311760612
0.922398051496
0.973898399443
0.955846207376
0.974814892136
0.954276965901
0.964420320111
0.947564370216
0.921445372303
0.794423103688
0.952382741823
0.968576896312
0.856799582463
0.970293667363
0.990492693111
0.947913709116
0.951830201809
0.968298538622
0.708637439109
0.971620737648
0.991686151705
0.970242867084
0.916819763396
0.951433542102
0.903812804454
0.942888656924
0.915249826026
0.972024356298
0.993180236604
0.916910229645
0.947383437717
0.953305497564
0.973280445372
0.963340292276
0.944531663187
0.981054975644
0.946138482951
0.954405010438
0.816806541406
0.926990953375
0.970126652749
0.96824217119
0.990670842032
0.942796102992
