0.800420320111
0.765302713987
0.998324982603
0.87493736952
0.847185107864
0.828010438413
0.999030619346
0.923114126653
0.788011830202
0.998677800974
0.916667362561
0.957471816284
0.92347947112
0.668137091162
0.805916492693
0.984741823243
0.879909533751
0.914894919972
0.909306193459
0.943730688935
0.902633263744
0.840184411969
0.998832289492
0.817321503132
0.987205288796
0.981376478775
0.979930410578
0.845704244955
0.761683368128
0.876338900487
0.797252609603
0.957471816284
0.724829505915
0.874493389005
0.867918580376
0.921636743215
0.798965901183
0.840242867084
0.876788448156
0.758496172582
0.821091162143
0.918196938065
0.910533054976
0.645452331246
0.914539318024
0.983135003479
0.990257480863
0.917579679889
0.998832289492
0.727615170494
0.987442588727
0.989556715379
0.920608211552
0.998832289492
0.835132915797
0.913572720946
0.989948503827
0.875447459986
0.923930410578
0.948389700765
0.986018789144
0.987224773834
0.998832289492
0.915060542797
0.984114126653
0.923462769659
0.990304105776
0.919462769659
0.791034794711
0.989221294363
0.797450939457
0.992468336813
0.794746694502
0.991356993737
0.650756437022
0.924958942241
0.995981210856
0.997242867084
0.804696590118
0.910953375087
0.800469728601
0.914186499652
0.924474599861
0.922298538622
0.998832289492
0.950503827418
0.841592205985
0.882260960334
0.996171885873
0.916274182324
0.80843980515
0.883995824635
0.98670842032
0.995790535839
0.911722338205
0.799340292276
0.994700765484
0.921115518441
0.996334029228
0.912907446068
