0.851508698678
0.879661795407
0.994992345164
0.976389004871
0.988574112735
0.992256089074
0.996983994433
0.992453723034
0.638549756437
0.996320111343
0.986009742519
0.992822546973
0.983848990953
0.809518441197
0.840534446764
0.994506610995
0.989254001392
0.992453723034
0.855240083507
0.989397355602
0.818910229645
0.9823493389
0.860251913709
0.990967292971
0.855920668058
0.990438413361
0.920083507307
0.8924217119
0.98259638135
0.859798190675
0.986048712596
0.954655532359
0.734256089074
0.9769638135
0.996530271399
0.988206680585
0.839867780097
0.982523312457
0.828665274878
0.985773834377
0.811541405706
0.918612386917
0.992236604036
0.731073068894
0.992453723034
0.995045233125
0.996983994433
0.984846207376
0.996320111343
0.881163535143
0.993969380654
0.993517049408
0.98603131524
0.996983994433
0.980768267223
0.829593597773
0.995951287404
0.987017397356
0.993486430063
0.953622825331
0.918508698678
0.98971329158
0.992753653445
0.99293249826
0.842722338205
0.796748782185
0.996983994433
0.989915100905
0.921783576896
0.994338204593
0.987745302714
0.99182533055
0.986173973556
0.995866388309
0.536073764788
0.99359638135
0.994846903271
0.99226861517
0.848691718859
0.989312456507
0.923480167015
0.991125956855
0.98451078636
0.992068197634
0.997352818372
0.988945024356
0.982364648573
0.949092553932
0.995370911621
0.992951983299
0.978388308977
0.991280445372
0.993353514266
0.99393249826
0.90893736952
0.988612386917
0.991090466249
0.990925539318
0.994024356298
0.991035490605
