0.911560890745
0.635824634656
0.993846207376
0.802368128045
0.596985386221
0.874414752958
0.997898399443
0.862576200418
0.407831593598
0.993993736952
0.859366736256
0.961759916493
0.864542797495
0.719069589422
0.710088378566
0.99845302714
0.828864996521
0.862703549061
0.795548364649
0.954187195546
0.885297842728
0.776243562978
0.998875434934
0.865572025052
0.995909533751
0.908513569937
0.794235212248
0.837137787056
0.824466945024
0.911677800974
0.908054975644
0.961759916493
0.748826026444
0.994313848295
0.907569241475
0.780217814892
0.666183020181
0.958370911621
0.822885873347
0.796588030619
0.563691022965
0.601123173278
0.785764091858
0.509610299235
0.862703549061
0.994364648573
0.994639526792
0.799674321503
0.996985386221
0.834338204593
0.988025748086
0.995496868476
0.777837160752
0.994512178149
0.872799582463
0.714441196938
0.991680584551
0.830322199026
0.867712595685
0.957005567154
0.673764091858
0.86782045929
0.908904662491
0.864279749478
0.777913709116
0.995602644398
0.994384829506
0.990841336117
0.910242867084
0.908620737648
0.909965205289
0.994121781489
0.90885177453
0.993846207376
0.618141266527
0.865052887961
0.995576896312
0.995652748782
0.795267919276
0.780089074461
0.915388308977
0.861921363953
0.821231732777
0.863320807237
0.998875434934
0.961612386917
0.665217118998
0.825196938065
0.99714335421
0.794913709116
0.631279749478
0.762552540014
0.993244258873
0.997998608212
0.667281141267
0.778370215727
0.99134098817
0.863963117606
0.991213639527
0.858311760612
