0.931931802366
0.591974947808
0.936925539318
0.922867084203
0.562837856646
0.851895615866
0.952574808629
0.816051496173
0.444389700765
0.944750173974
0.79388308977
0.859586638831
0.813925539318
0.68816144746
0.737892832289
0.93226026444
0.727884481559
0.823876130828
0.731954070981
0.837105080028
0.905459986082
0.797450243563
0.941848295059
0.839017397356
0.919948503827
0.927142658316
0.751576896312
0.802481558803
0.719863604732
0.934400835073
0.925473903967
0.955223382046
0.766343771747
0.930138482951
0.945127348643
0.919732080724
0.63209881698
0.845629784273
0.902811412665
0.920340292276
0.776972164231
0.564964509395
0.935972164231
0.535522616562
0.823876130828
0.944506610995
0.952574808629
0.755301322199
0.953131524008
0.774967292971
0.924737647878
0.935146833681
0.791765483646
0.952574808629
0.828847599165
0.742616562283
0.942101600557
0.730644398051
0.8343493389
0.944750173974
0.930098121086
0.931411273486
0.93856019485
0.933189979123
0.916240779402
0.809299930411
0.944750173974
0.928733472512
0.931004175365
0.927386221294
0.943215031315
0.919885873347
0.919583855254
0.937302713987
0.713073068894
0.941014613779
0.947635351427
0.926765483646
0.792008350731
0.798332637439
0.949302018093
0.816051496173
0.921448851775
0.931098121086
0.955223382046
0.843450243563
0.74133611691
0.816051496173
0.936947807933
0.745572720946
0.546858733473
0.660409185804
0.942414752958
0.940096033403
0.575059846903
0.80682533055
0.934826722338
0.813604732081
0.94498677801
0.920624913013
