0.927631176061
0.770758524704
0.93106750174
0.93172164231
0.695199025748
0.920765483646
0.951086986778
0.921961029923
0.548981210856
0.938832289492
0.90428670842
0.935831593598
0.925868475992
0.813859429367
0.79967710508
0.922288100209
0.91678914405
0.932993736952
0.777543493389
0.911018789144
0.83793736952
0.913021572721
0.935395963814
0.903411273486
0.90763256785
0.920741823243
0.91816144746
0.912886569241
0.906597773138
0.92862769659
0.929272094642
0.953924843424
0.877678496868
0.925047320807
0.938552540014
0.916117606124
0.810940848991
0.926890744607
0.903656924148
0.806269311065
0.71176270007
0.801480862909
0.928185107864
0.805803757829
0.927906750174
0.929258176757
0.946
0.814006958942
0.954604036186
0.885020180932
0.915016005567
0.929418232429
0.902222686152
0.94795546277
0.901411273486
0.812327070285
0.934572025052
0.910119693807
0.944954766875
0.936876826722
0.813136395268
0.935242867084
0.932862908838
0.926203201113
0.909175365344
0.744464857342
0.943185803758
0.933682672234
0.914646485734
0.923620041754
0.946160055672
0.926297842728
0.92067223382
0.931384829506
0.699665970772
0.937281837161
0.945089074461
0.925365344468
0.89779401531
0.909867780097
0.945228253305
0.918783576896
0.91841684064
0.928837856646
0.953924843424
0.902347947112
0.803270702853
0.921418232429
0.936405010438
0.80314822547
0.803249826026
0.802102992345
0.937312456507
0.943639526792
0.793936673626
0.920375782881
0.930432150313
0.926438413361
0.939119693807
0.911789839944
