0.913105775922
0.685188587335
0.960704940849
0.786384133612
0.518436325678
0.899559498956
0.996768267223
0.784524704245
0.394216423104
0.96309881698
0.77017466945
0.928221990257
0.803952679193
0.388988865692
0.763935281837
0.807464857342
0.751495476688
0.719055671538
0.629560890745
0.860620041754
0.810007654836
0.748860125261
0.981528183716
0.755437021573
0.982589422408
0.875010438413
0.718270006959
0.879537230341
0.47258315936
0.977836464857
0.874581071677
0.96824704245
0.827994432846
0.893217118998
0.894046624913
0.745739039666
0.606927627001
0.907165622825
0.945357689631
0.399702853166
0.431011830202
0.589959638135
0.806029923452
0.493628392484
0.719055671538
0.827763395964
0.913693110647
0.700540709812
0.971375086987
0.827113430759
0.895054279749
0.894427974948
0.827608907446
0.979915100905
0.886709116214
0.785922059847
0.894611691023
0.665775226166
0.805011134308
0.883595685456
0.696949895616
0.894756437022
0.962137787056
0.805397355602
0.851503827418
0.965154488518
0.911636047321
0.981761308281
0.704088378566
0.959849686848
0.911149617258
0.960523312457
0.896256089074
0.874965205289
0.540583855254
0.894480862909
0.895424495477
0.947553235908
0.852567849687
0.843959638135
0.981704244955
0.694351426583
0.814257480863
0.894271398747
0.981528183716
0.908144745999
0.632163535143
0.777180236604
0.977229645094
0.69986986778
0.55647112039
0.731215031315
0.913693110647
0.980567153793
0.609315935978
0.749643006263
0.878475295755
0.78637230341
0.893811412665
0.808315935978
