0.74926861517
0.621810716771
0.772347947112
0.629351426583
0.434027139875
0.644918580376
0.773461377871
0.804761308281
0.506460681976
0.771171885873
0.660702157272
0.774590814196
0.737303409882
0.619146833681
0.551881697982
0.58098190675
0.733997216423
0.702046624913
0.483082115518
0.727702157272
0.626865692415
0.699798190675
0.739528183716
0.641902574809
0.693638135003
0.703423103688
0.640974251914
0.653752261656
0.731797494781
0.614445372303
0.708793319415
0.803858037578
0.562217814892
0.566728601253
0.679137091162
0.661455810717
0.693120389701
0.68727835769
0.612737647878
0.659045233125
0.583423103688
0.583710508003
0.526532359081
0.588605427975
0.699895615866
0.684264439805
0.803858037578
0.613199025748
0.841092553932
0.56643980515
0.664487821851
0.650734864301
0.700181628392
0.740775226166
0.650024356298
0.571053583855
0.770042449548
0.652481558803
0.804761308281
0.738485734168
0.733963117606
0.665732080724
0.739373695198
0.697244258873
0.664086290884
0.728072372999
0.772827418232
0.693293667363
0.639926931106
0.644741127349
0.7110361865
0.734749478079
0.640048016701
0.732835073069
0.420541405706
0.770583855254
0.74064578984
0.773189283229
0.652622825331
0.571461377871
0.682670842032
0.767526791928
0.701818371608
0.732505915101
0.770042449548
0.703292275574
0.726768267223
0.770945720251
0.698303409882
0.6036506611
0.730549060543
0.607069589422
0.769770354906
0.77298190675
0.627818371608
0.613266527488
0.773059846903
0.766683368128
0.74064578984
0.661455810717
