0.990407794015
0.879266527488
0.998921363953
0.84148921364
0.986777313848
0.786466945024
0.998921363953
0.993323590814
0.667357689631
0.998921363953
0.986022268615
0.996258872651
0.992749478079
0.827780097425
0.854129436326
0.915107863605
0.987675713292
0.996258872651
0.917842727905
0.988957550452
0.836271398747
0.913016005567
0.995615866388
0.858186499652
0.910601948504
0.988814196242
0.992160055672
0.891645093946
0.985808629088
0.857543493389
0.99006263048
0.95933611691
0.74903131524
0.847695894224
0.860848990953
0.918320807237
0.986203201113
0.920082115518
0.849201113431
0.988180236604
0.830169102296
0.99363256785
0.780835073069
0.701393180237
0.996258872651
0.926261656228
0.998921363953
0.918612386917
0.998921363953
0.815468336813
0.989693806541
0.922610995129
0.98585177453
0.998921363953
0.854881002088
0.986235212248
0.998921363953
0.920936673626
0.996258872651
0.95933611691
0.989904662491
0.989224773834
0.99491927627
0.925973556019
0.907954070981
0.922173973556
0.995986082116
0.912424495477
0.85519763396
0.922791927627
0.99006263048
0.98553375087
0.977899791232
0.993344467641
0.559940153097
0.925973556019
0.994784272791
0.995986082116
0.852059846903
0.913724425887
0.926717466945
0.996258872651
0.914475991649
0.92232289492
0.998921363953
0.851851078636
0.921259568546
0.956673625609
0.986939457203
0.996743215031
0.988882393876
0.99456506611
0.991493389005
0.986542797495
0.920059151009
0.855251217815
0.991848990953
0.989853862213
0.994784272791
0.92232289492
