0.836008306757
0.745479492695
0.731704474418
0.506070077664
0.914139498416
0.773400366599
0.856160667931
0.812025725517
0.823178393956
0.809990358229
0.838004471239
0.772998802725
0.78612008773
0.734939235651
0.925642873036
0.889975736642
0.836041152351
0.738880706922
0.797154088217
0.630499782795
0.843003358727
0.770665706021
0.641625962853
0.833687924476
0.714996662464
0.900581684873
0.674365603246
0.55878937498
0.963895275532
0.841088778462
0.729861942552
0.686742034943
0.696361555822
0.693119377841
0.896949597906
0.738887064134
0.786277958487
0.887093800659
0.86386878715
0.87988048442
0.502223964569
0.92845699876
0.834423241966
0.646661934076
0.868387705153
0.815135461587
0.751003909685
0.772709549592
0.625996757822
0.81025100391
0.763079433361
0.621197062968
0.914718004683
0.833688984012
0.737224653267
0.683185174982
0.799923713459
0.808838643371
0.764094468166
0.433384897384
0.876349053305
0.505252116422
0.500275479175
0.46375859548
0.911188692639
0.680304298535
0.56077706318
0.778415147116
0.904023055488
0.8009398078
0.808279208739
0.685696273614
0.782800563673
0.684257424694
0.675204755194
0.738972886492
0.760920100444
0.663455568388
0.758361322724
0.70947754315
0.657824138333
0.620763713035
0.414942626164
0.668796685774
0.799731937572
0.649367987201
0.655148811731
0.745174346532
0.711556351384
0.718214471133
0.710645151037
0.800223561946
0.779245822782
0.830255030144
0.930306947373
0.862507284305
0.86808255899
0.826460834278
0.664150623537
0.771838611585
