0.97273921658
0.981107426283
0.867371610811
0.933064917727
0.923372288914
0.954688973416
0.976058740636
0.950961528274
0.969099712866
0.956668185334
0.935530456342
0.952979942997
0.947069855162
0.88107881883
0.986087242136
0.940561129888
0.993345058857
0.939639334188
0.944094680073
0.973649357392
0.978755257944
0.970839469809
0.981853339125
0.985852025302
0.984583761562
0.949020459626
0.963727868957
0.948791600004
0.988730782679
0.919189243598
0.948601943188
0.960709252922
0.958788315445
0.951171316261
0.960655216622
0.933762091946
0.990726947161
0.955816318963
0.956628982528
0.950381962471
0.915292272809
0.985705809432
0.974905966243
0.974984371855
0.970517371081
0.955740032422
0.844761127769
0.936541253006
0.953029741156
0.896486580986
0.877981797184
0.96705480976
0.988813426431
0.936336762696
0.854181456013
0.962730846251
0.947735243322
0.929774001123
0.870349964506
0.869684576345
0.976799355803
0.975401828758
0.944642459817
0.983975588307
0.975167671459
0.948172831396
0.946287918119
0.811473707632
0.968595374069
0.879382502834
0.983542238374
0.980835125714
0.961595024422
0.950826967292
0.943447304012
0.968259501383
0.917748275606
0.985395365593
0.975366864093
0.914997721999
0.960051281508
0.951660821564
0.947643063752
0.947498966953
0.956178680031
0.920999989405
0.914581324631
0.972781597991
0.842929191257
0.984215043282
0.843040442462
0.953853000074
0.935681969888
0.984455557792
0.878431040146
0.940649071317
0.988518875621
0.98720823047
0.843916678145
0.983773217067
