0.851496593594
0.983874932455
0.772871658491
0.853858297751
0.767869592397
0.861743359363
0.879768173679
0.849238723896
0.876457125905
0.875105158877
0.863513842829
0.712757864401
0.90636780708
0.9643476971
0.979322109323
0.840039838527
0.992317309628
0.839896801263
0.691251417128
0.900642078384
0.892171093758
0.985320138587
0.907675273625
0.986828916837
0.983470189975
0.826752206482
0.885985526748
0.849095686632
0.988383255104
0.693542132421
0.806432438732
0.867194668418
0.842379292442
0.89315328297
0.846421419565
0.698466852439
0.989251014505
0.831810427946
0.939326771278
0.964428221782
0.731903667052
0.981185831894
0.966344921118
0.903358726862
0.982063127112
0.885154851082
0.850260115913
0.655433826724
0.936779648446
0.645624649029
0.965859653956
0.899450101186
0.986769582861
0.737008508068
0.714990305252
0.752573081446
0.867848401691
0.921519161696
0.958627266081
0.881025842066
0.899182038758
0.90888844153
0.894627096555
0.98046958604
0.958279738507
0.755225098272
0.882411714222
0.930220065479
0.850324747566
0.875919941514
0.897398840868
0.980235428741
0.850365009907
0.658414299488
0.829250590691
0.912025725517
0.944696496117
0.987159491847
0.97964420805
0.687025990401
0.938447356989
0.872181901018
0.886251470105
0.840850383022
0.954887106515
0.957471313082
0.687645818544
0.976759093462
0.952115362202
0.99145802651
0.95567963891
0.865052288066
0.83699473411
0.980338203664
0.968703446668
0.857259406025
0.989198037741
0.979481039616
0.804936374906
0.98891937996
