0.821746961783
0.982272915099
0.815342070968
0.95597418972
0.889457623886
0.95429906443
0.973721405791
0.877443553258
0.964002288596
0.962510462911
0.9426272237
0.937758659052
0.856303705195
0.83988408684
0.98888123669
0.88739258961
0.992336381263
0.953324291966
0.919680867971
0.976681747386
0.981994257319
0.986369078522
0.981741028385
0.98437503311
0.987559996186
0.811963212935
0.970656170204
0.945382015448
0.990588148038
0.883985124125
0.812980366811
0.964080694208
0.946138523644
0.859181403037
0.896047933376
0.850868289168
0.991809792225
0.802931734141
0.890287240017
0.975108337483
0.843112490862
0.990218370223
0.986728260985
0.972350367129
0.986269482205
0.965761117174
0.875004503025
0.84768862377
0.957451181912
0.787432851951
0.906014981829
0.97715747873
0.991125332429
0.825388584567
0.850731609116
0.938396499295
0.959845731662
0.933540649071
0.834807853276
0.818623451754
0.980702683803
0.980003390513
0.93721723652
0.987173265806
0.973574130386
0.943527828694
0.781896780072
0.929997563069
0.820053824393
0.831675866965
0.973380235429
0.99072482809
0.801446265668
0.819084349604
0.876669032962
0.965519543128
0.957826257404
0.992427501298
0.978228668906
0.793723312955
0.966641590998
0.961547345334
0.962160816266
0.838243926214
0.872622667698
0.84859240737
0.88295631536
0.980488657675
0.708405293438
0.990523516386
0.826108009027
0.956622625317
0.870449560823
0.993114080164
0.909251862133
0.857569849864
0.993938398618
0.989837997054
0.723252561427
0.981345821723
