0.967748805374
0.982787849249
0.915188438351
0.937033936915
0.922514065331
0.951050529238
0.974816965279
0.948177069537
0.966705163115
0.95838251343
0.939037518145
0.951356734936
0.949032114515
0.932786259946
0.986612771638
0.935729648976
0.994048590288
0.941332471578
0.942024348121
0.972760407285
0.977954249266
0.975130587724
0.981166760259
0.986477151122
0.984920693784
0.944208050349
0.964028776978
0.949836301798
0.989192740064
0.814793231689
0.9455547197
0.957846388574
0.949731407805
0.95319502866
0.952979942997
0.930772083364
0.990599802926
0.952027420773
0.957277418124
0.956527267141
0.906957968235
0.98485182399
0.976823725114
0.975872262426
0.974130386413
0.955259003401
0.900857164048
0.928440046196
0.951879085833
0.791484514892
0.934171072568
0.968440681917
0.98884733156
0.929212447421
0.897270637099
0.958908042932
0.947502145559
0.928509975525
0.924329049279
0.921985357222
0.976886237696
0.977114037783
0.944822580816
0.984522308515
0.972743454721
0.945119250697
0.948430298471
0.855281253642
0.964745022833
0.929053517127
0.982550513345
0.982409595152
0.959175045825
0.941303864125
0.937997054492
0.969259702694
0.926731015776
0.986486686939
0.978117417701
0.91014081224
0.96263442854
0.952150326867
0.946600481029
0.944443267183
0.95131541306
0.930654474947
0.809151206281
0.971573727763
0.899947023236
0.985770441085
0.90174717369
0.946245536708
0.930216886873
0.984052934383
0.935520920524
0.931119610939
0.988461660716
0.988064334983
0.888554899821
0.985035123595
