0.970817219567
0.982245367182
0.912115786016
0.934616077388
0.922910331529
0.954684735275
0.976024835507
0.950889479874
0.966798402221
0.95720642926
0.939308759178
0.952017884956
0.948822326528
0.927507655142
0.986722963308
0.938069102891
0.993936279548
0.941090897532
0.943069049915
0.973298651212
0.978575136945
0.973367521005
0.98153759761
0.986106313771
0.984446021975
0.948420762653
0.963568938664
0.949522679353
0.988864284125
0.906029815323
0.948576514341
0.960448607241
0.957146035749
0.954243968595
0.957947044426
0.933314968055
0.990404848433
0.952966169038
0.959951685191
0.953071063032
0.914378953391
0.985392186987
0.974467318634
0.974628367998
0.972863182208
0.956496540617
0.879842341149
0.93334993272
0.954523685911
0.880095570083
0.913986925335
0.966495375128
0.988756211526
0.934262192602
0.897177397993
0.959677265551
0.950104364226
0.932015977792
0.917187781439
0.914278297539
0.97675485532
0.974810608067
0.94491158178
0.984327354023
0.975570294869
0.946617433594
0.947372882254
0.811121941916
0.966302539706
0.924853519246
0.982645871521
0.980773672667
0.9593424524
0.947775505663
0.944140240091
0.96784416355
0.92251194626
0.98542079444
0.975951727572
0.913522848878
0.959589324122
0.952252042254
0.949092508026
0.947064557485
0.957719244339
0.924382026043
0.901313823757
0.973824180714
0.890057320859
0.984598595056
0.893412869116
0.949699621746
0.933696400759
0.984968372872
0.915069770399
0.943189836938
0.988891832042
0.987487947786
0.887469935686
0.984193852576
