0.971836492514
0.985084921753
0.933096703786
0.941803964781
0.924873650417
0.960567275193
0.977505006304
0.939570464394
0.968569945222
0.964411269217
0.941665165658
0.955613947723
0.954768438563
0.941777476399
0.984626142974
0.941429948824
0.99456988165
0.941383329272
0.947050783526
0.972279378265
0.984330532628
0.966800521291
0.98087644759
0.985354043716
0.984619785762
0.951268793507
0.965667878069
0.950274949407
0.989625030462
0.867187251671
0.949394475583
0.962752036957
0.953704665134
0.950965766415
0.95799578305
0.931804070735
0.991521598627
0.959840433986
0.954073383414
0.946749875505
0.908750701942
0.985375234422
0.978357932211
0.978455409457
0.969376251576
0.959605217152
0.901602017355
0.941995740668
0.955001536326
0.831772284676
0.939176317267
0.970394464988
0.987512317098
0.932347612337
0.899222301099
0.96810269016
0.949207997372
0.932745997605
0.936362191543
0.934074654856
0.975559699516
0.977645924498
0.947979995974
0.987813225119
0.97084582702
0.955542958858
0.945007999491
0.892401012916
0.969736493574
0.943448363548
0.98453926108
0.985517212151
0.961777264492
0.948099723461
0.94152318793
0.969232154777
0.908112861699
0.987683961814
0.978347336858
0.917000243693
0.965734628792
0.945818543987
0.949685847787
0.937508608724
0.953553151588
0.915810385565
0.856311121942
0.972135281466
0.895699346267
0.985132600841
0.904824064165
0.949557644017
0.937600788294
0.985248090188
0.939144531209
0.938588275183
0.988072811265
0.986994204342
0.909876987953
0.980371049258
