0.843454999534
0.87060670432
0.854237744271
0.686034102897
0.651570046576
0.478859361432
0.828890220535
0.545075281858
0.593320977731
0.572389355762
0.717325771657
0.666130699066
0.898036679273
0.846930775138
0.762998141277
0.697110188528
0.880185764624
0.858561965797
0.536279719828
0.53213688524
0.573666061445
0.679527317483
0.777566687957
0.817369907351
0.741284456342
0.752399654091
0.85764229276
0.763042097558
0.878035495145
0.786993426293
0.446385537845
0.733129938354
0.758695628772
0.559950804848
0.595875824405
0.771492827053
0.86148676288
0.78186220334
0.741413633982
0.678781316607
0.709927301694
0.693871418012
0.65529987154
0.591257544333
0.842025613056
0.724730162261
0.744512282641
0.402567226197
0.868619162785
0.642928062407
0.711174224755
0.630362666227
0.616573491313
0.675149989594
0.697913422275
0.729228773602
0.741201208529
0.6914272694
0.843938339206
0.707366534379
0.813970023611
0.800531422461
0.869205126917
0.744863574058
0.683453600109
0.666231888218
0.803786160769
0.586415535764
0.851146810389
0.854722519251
0.596337275644
0.851327659086
0.67382825115
0.720309416332
0.865250138148
0.635083391344
0.701657241483
0.698675032115
0.634657284542
0.513737862684
0.392721019355
0.759442885541
0.8471272328
0.652507122712
0.514023129974
0.887921352346
0.722408911822
0.85396037117
0.742899715092
0.68753202529
0.705599671315
0.845569206921
0.439811292996
0.693497879334
0.769798985238
0.698605240306
0.744818720711
0.847133512268
0.613303323454
0.728142963766
