0.950651270606
0.949380664978
0.952300797313
0.961916278536
0.777429795541
0.887852457605
0.964015056372
0.907258706932
0.800177260429
0.83749973088
0.914718715687
0.766752545876
0.890617756184
0.948759894648
0.988474483828
0.858281901495
0.835920354808
0.847014202364
0.757882527289
0.923683823371
0.853317353581
0.945040655074
0.993939953927
0.822270584098
0.78903138299
0.783879886324
0.633153620921
0.86687131754
0.981048922443
0.935453700581
0.979489640671
0.814595638102
0.955363204467
0.972931543027
0.865671221375
0.802278729466
0.930016936624
0.987324264585
0.934933581163
0.739345535836
0.941116345995
0.780553741487
0.973080994381
0.87088407742
0.961413921044
0.436295508206
0.776714833181
0.745725834811
0.982728231773
0.755333421844
0.806665028024
0.913594152559
0.939132033902
0.916619600554
0.827470881207
0.949257766806
0.800365823902
0.693962021774
0.900462348306
0.951386686091
0.951812613479
0.743749416906
0.868340354377
0.639071930416
0.928179025857
0.866689392363
0.966656918539
0.951807051664
0.966879211729
0.950551337347
0.964944597145
0.959152415263
0.850715321186
0.942041760261
0.970064337642
0.871670446309
0.817011977638
0.963253625945
0.969566106658
0.954901573814
0.663652282497
0.938664841434
0.987380959216
0.963931629145
0.884413102919
0.970973245875
0.77666710922
0.968312904129
0.98107206677
0.793967763002
0.800256022908
0.996533374479
0.802214858299
0.731935045176
0.82277294159
0.872117903303
0.739419633566
0.977001894605
0.861199701456
0.983134244275
