0.809258986817
0.813023438565
0.892124649247
0.79521665961
0.604750328327
0.629093137079
0.904473493466
0.766000265532
0.68747748362
0.767540708898
0.902831322707
0.734247324946
0.985525824763
0.991062342565
0.902986335876
0.718114472919
0.834711467386
0.76585619658
0.635855227747
0.72708101591
0.812781948142
0.773836683579
0.893874647453
0.865672656682
0.775202737131
0.68005748405
0.887001141069
0.815018515462
0.989876778884
0.927710039256
0.716166043504
0.722231292566
0.798645787732
0.711013470357
0.84481710599
0.675603546644
0.938690318136
0.992270691746
0.913866322671
0.65053824017
0.80752800643
0.721770379567
0.81032452294
0.688463360198
0.778076580811
0.737509419203
0.841947209404
0.776918646792
0.81792555062
0.71105383837
0.680949348012
0.809662487531
0.888616040992
0.809677558256
0.704160058273
0.642264591691
0.792616421349
0.810608893163
0.913171095785
0.814969356193
0.800795160144
0.673611699188
0.708089390927
0.61109510345
0.722876463116
0.868098505128
0.900133483562
0.774620720094
0.869438723151
0.857780799897
0.786369067696
0.810684785027
0.668040375189
0.818215303245
0.886352023424
0.757756579089
0.817585921072
0.639275026374
0.750022606087
0.813607608563
0.603091472123
0.784474462298
0.953810202163
0.813452595394
0.673684899851
0.865347380206
0.817806420129
0.724115850814
0.829962933194
0.794576871461
0.859572601422
0.961738121039
0.731510014855
0.784956904904
0.667233014934
0.736262137316
0.644969966199
0.768449796545
0.802844958125
0.949875307694
