0.794238677221
0.844554803614
0.914031024163
0.831025598702
0.738917814314
0.652278370639
0.968573412371
0.919068952154
0.87110314117
0.962653488155
0.955333242431
0.875984979511
0.9216837229
0.895512871117
0.888110454059
0.84633548151
0.79665304321
0.81082095979
0.778493358116
0.827073839375
0.877562023209
0.965970303496
0.799296161271
0.968543270921
0.779273626949
0.880683636781
0.783790897282
0.847897633896
0.979521217428
0.961961849537
0.782932224798
0.87946524045
0.841514105481
0.754721442771
0.940165634442
0.796496056494
0.982196450485
0.899889660765
0.944028942968
0.693388616579
0.869437287844
0.925733800765
0.741478402216
0.786777591985
0.908244762923
0.732879477261
0.825212784281
0.957925945329
0.886726100342
0.856065069648
0.733678405087
0.885964490502
0.796412808681
0.899860416383
0.762848689923
0.699290061216
0.851872896378
0.930969801138
0.919909862713
0.886178889503
0.956705754864
0.835245581048
0.799396632769
0.680273318358
0.797291934292
0.908936939782
0.964042686034
0.863121936516
0.923961017059
0.943196644252
0.808957931148
0.946782938504
0.816075080915
0.928670797959
0.933577215935
0.780144858371
0.97167313751
0.696183877195
0.786881651751
0.962452903985
0.839872652376
0.776863566882
0.971316104864
0.928243435264
0.654512426171
0.893912683091
0.8867603683
0.786395082638
0.885167536224
0.941264182628
0.802717574618
0.938689779896
0.782385911025
0.940949312129
0.790252470522
0.803412263264
0.827813740195
0.928487078648
0.826908420229
0.848111315244
