0.651222702253
0.90216300783
0.759611354715
0.740258749991
0.573206224927
0.657022598911
0.905907724105
0.715605556074
0.820896636358
0.758801123845
0.763246090582
0.737914714051
0.911642852529
0.840105889783
0.7804681613
0.566251803105
0.845981498891
0.772842912812
0.703589164867
0.740055115793
0.726641273692
0.69559611893
0.853870843889
0.845539603712
0.715072160065
0.732278262991
0.825216551962
0.840362092104
0.912343461817
0.978076760225
0.700058309352
0.799084632884
0.694252671465
0.67795475912
0.824707376761
0.717562417918
0.766887105918
0.959962287305
0.820926239567
0.635107612151
0.638257573039
0.682513294532
0.630122072871
0.650869078461
0.73826026424
0.826389736119
0.731367740037
0.597068205794
0.779114307859
0.647407476515
0.589726968703
0.765169402123
0.745336328341
0.697502924438
0.603968444773
0.774894325513
0.770818770947
0.826521784374
0.693981757247
0.756536926864
0.747581507503
0.71336611814
0.71405309201
0.625795518971
0.774648708582
0.588620526327
0.660197318846
0.668158788027
0.807478488335
0.920046934543
0.73541028254
0.703484208033
0.735277516632
0.710347129027
0.829731848747
0.59929239359
0.825739721407
0.718821361676
0.724921416935
0.667188341
0.719619033608
0.671032990534
0.755980027701
0.722880589624
0.537544225401
0.766695133591
0.790922220707
0.577813740195
0.732191965151
0.870405223083
0.857942630774
0.897174777348
0.772584916357
0.726337706236
0.643396151942
0.728438637032
0.594697437259
0.656601695098
0.776825531243
0.794757720158
