0.856946168806
0.774056644395
0.901166904688
0.863434474642
0.715297503283
0.656426408216
0.950689844484
0.894203332783
0.749415830002
0.81090564291
0.908034131603
0.823416138593
0.915808831445
0.883633910566
0.969292142411
0.835919457741
0.690980171232
0.786797506872
0.859664281665
0.83611681247
0.929970109729
0.899095756515
0.920980422411
0.811649131998
0.723229189841
0.812708388652
0.705271344811
0.801441586588
0.942500520299
0.90659972155
0.896954457705
0.804651650962
0.862766877418
0.801528243256
0.780296103859
0.798595551983
0.893197900146
0.962181092699
0.880225414983
0.73796602628
0.940272205995
0.899706838521
0.825980314763
0.795487753242
0.892551653115
0.649746668293
0.860677429078
0.933274007306
0.928903497126
0.760090029639
0.91255158135
0.907132041078
0.793852759019
0.910828853979
0.709009243378
0.691436419483
0.92420878695
0.865698312796
0.931783979102
0.919165117731
0.902043159685
0.747180518576
0.759652260968
0.638432321681
0.627716677551
0.942429831423
0.943086663844
0.806732846286
0.905871123774
0.858204215497
0.874887866631
0.882334239969
0.827789339974
0.883412514443
0.885201804181
0.674470371673
0.913888390518
0.781398957967
0.659575292623
0.940881852694
0.76630024472
0.875301235082
0.967087510675
0.894876491822
0.664353430025
0.978176693483
0.749788112786
0.822836095103
0.90311515469
0.819560186016
0.797969937492
0.954715522129
0.553015042019
0.882641933933
0.808633013499
0.67213889467
0.769354219444
0.899010355741
0.749813948315
0.850770939337
