0.515644847606
0.721773250181
0.665862117222
0.600688050351
0.472355087805
0.752855543515
0.798209274955
0.327665185908
0.430678074966
0.482415155408
0.372677314253
0.553045542295
0.880251968165
0.580852464781
0.724234801892
0.195601142504
0.766456693196
0.444023381153
0.451746230525
0.599710426789
0.647829815635
0.558318322413
0.632336034103
0.657490329618
0.61329148217
0.323513560064
0.324407935813
0.738527410778
0.734592157482
0.7869291963
0.617026151296
0.444379696145
0.590475122539
0.734843874468
0.541358195245
0.429505429049
0.830466187753
0.89906166797
0.75329295336
0.739484222386
0.5019200821
0.553963959438
0.731741637542
0.404419669449
0.833462211952
0.363430706961
0.614504675513
0.372272198819
0.803180640578
0.352536725921
0.540558011526
0.712924761201
0.739692700746
0.384431223671
0.645797958993
0.374902219702
0.863273182004
0.59920771047
0.707740611297
0.674938820034
0.568498596987
0.286912869681
0.432069784632
0.323106829909
0.649507510245
0.310847333558
0.487740862476
0.612109506757
0.72382717467
0.897955225594
0.687792354119
0.637420968402
0.647200612876
0.384031670052
0.655042233912
0.782061531616
0.465355812635
0.498273325535
0.461305375943
0.523444485909
0.452212705339
0.688401283165
0.637244605039
0.405561635676
0.405650624717
0.755128711166
0.327217370087
0.171985855048
0.702359465492
0.56672366032
0.559713440934
0.891373086556
0.483009013729
0.387736735968
0.515003982977
0.703048412909
0.294579024422
0.494678060613
0.542268000545
0.767561879678
