0.700937255549
0.723565769361
0.682567836203
0.700409780183
0.602066124599
0.439518490344
0.813779845417
0.571765894232
0.619568618445
0.523621028685
0.680304536288
0.621312516596
0.815978735925
0.688102380457
0.810996067258
0.448880819273
0.700592961254
0.554648421521
0.564210975794
0.612233840236
0.627655676998
0.61537249808
0.855111308067
0.629032674767
0.490284764933
0.421243801267
0.585014676015
0.704161852407
0.844085637599
0.785415485529
0.76484269034
0.440548861443
0.727273705891
0.704980515706
0.572204559971
0.696203792081
0.883789641389
0.920180597518
0.733703702375
0.662549069562
0.649484904157
0.531699654809
0.879261965079
0.619813697136
0.849885354844
0.359633243148
0.582732178868
0.600942637951
0.813541046195
0.475886660973
0.697167959639
0.767481681893
0.722976396374
0.598009408438
0.51186514572
0.583840774205
0.762151668903
0.726587987915
0.750319894074
0.647161859584
0.611716950259
0.378428948709
0.618205435508
0.519710534437
0.625722318308
0.706344775123
0.745035093259
0.759160668279
0.746436670662
0.822283143036
0.762694394408
0.848288216846
0.692409198883
0.609383499709
0.66765355992
0.478759607587
0.715314009315
0.7028298874
0.443884156362
0.751690791787
0.501997947511
0.73875777757
0.716437137136
0.618224453327
0.588380291798
0.823948996361
0.653377277653
0.617961253884
0.784323037397
0.667668810059
0.558005604874
0.952115822108
0.423329302513
0.573603087346
0.586202392657
0.567162146645
0.510815039148
0.70694634822
0.605493817415
0.877370409708
