0.646068873212
0.8990701004
0.7987753242
0.743617727478
0.588174325226
0.658789820802
0.977557179047
0.736058861945
0.828845905428
0.799913343333
0.87459883166
0.773589810755
0.882883065529
0.831106155315
0.773717911915
0.564835513804
0.832609460109
0.859722411603
0.693374442921
0.702426207273
0.709453112105
0.789793351657
0.847256231027
0.91594034146
0.683228256891
0.829662415765
0.812921352346
0.826422389356
0.981077449172
0.970178444558
0.711810245222
0.851381483103
0.766702668954
0.66880252327
0.893471864392
0.776157754606
0.950890428654
0.98217815032
0.957278621818
0.60763224561
0.743438852328
0.742456025778
0.684087467616
0.72812412536
0.770349246105
0.792288633085
0.730589085925
0.730979130634
0.783124017712
0.660377808717
0.629036263034
0.775695585713
0.705054254609
0.84745484165
0.547239007342
0.762638238017
0.777612258958
0.821592939724
0.732336213516
0.853591317827
0.734594669269
0.736977637915
0.736524977932
0.682637628011
0.901501510661
0.601631944195
0.701803642809
0.695627695686
0.798076150219
0.951333400314
0.678442045887
0.728095060391
0.8055539209
0.74509178789
0.884916178064
0.668709048894
0.833728640836
0.715380571683
0.811182836597
0.805063045865
0.693509361791
0.655601644862
0.850525142992
0.731687992938
0.619164041251
0.782088981865
0.903162878652
0.613724765507
0.770015178373
0.969917577489
0.857650545776
0.867089484222
0.87547526607
0.767714022233
0.618494649893
0.865622779759
0.742064007521
0.744546909425
0.768219788579
0.811650926132
