0.496742562959
0.668781678741
0.813939972932
0.648374598625
0.592730143566
0.708465355731
0.722978531433
0.848751426373
0.695490008757
0.560921370379
0.447448451556
0.315069129316
0.67851020354
0.593421436722
0.466064273014
0.916819255367
0.655571477855
0.608117718865
0.670381869809
0.692118461906
0.632468221745
0.446997319746
0.648953108829
0.564266380065
0.741071570735
0.582092720856
0.62375341666
0.324229758777
0.556693999947
0.615445957063
0.762906350344
0.586199347186
0.684210386646
0.834826048881
0.422601703686
0.591919433166
0.615053207016
0.513602950933
0.722413289812
0.617554334846
0.632969774169
0.626263832497
0.832141814611
0.476566356182
0.638996364408
0.726916646764
0.333533688931
0.620255818273
0.804415784306
0.582091393997
0.83007058886
0.618465886474
0.575928137356
0.783962264151
0.455911153571
0.731688029085
0.762493697423
0.651314916541
0.471442029562
0.616756893029
0.816662686092
0.659112862564
0.368313297774
0.637698697025
0.573874160762
0.720948438288
0.589718175305
0.518646339198
0.704683809675
0.553780219197
0.554295040204
0.64491415227
0.683836212616
0.572817981583
0.714320781254
0.639001671841
0.466736990155
0.539118435369
0.652826208104
0.888626170952
0.607799272882
0.649333917151
0.703152615238
0.618821484489
0.756323806491
0.563090783642
0.635953878407
0.362463179683
0.588618209803
0.691021150121
0.805320701643
0.748634662845
0.548815115569
0.605534325823
0.579452272908
0.480187352387
0.894067616697
0.62330228485
0.75294429849
0.751827083831
