0.844034445241
0.938278534087
0.965939548337
0.986155560863
0.786257728949
0.781625666746
0.935005174747
0.977714088581
0.919304460897
0.624706100894
0.846060557811
0.710666613592
0.973047528063
0.960441047687
0.77934347053
0.980008226521
0.824983414272
0.942823023645
0.937449247671
0.833163495475
0.89003529443
0.776172279277
0.911055383064
0.762422047077
0.785092747393
0.955981477059
0.782360746225
0.566540615131
0.786776530531
0.778934798185
0.992162248229
0.828417323462
0.96375819335
0.984137409442
0.661446806252
0.911391078205
0.847968579996
0.82109173898
0.90350290582
0.742614706897
0.812828065706
0.751423718918
0.956946103017
0.725933444789
0.867611389751
0.918579996285
0.682973754744
0.829144441791
0.963537934878
0.960076161664
0.965785632779
0.783272297853
0.774396942919
0.894398004405
0.964284956081
0.920251837699
0.895803147308
0.917180160815
0.715801555078
0.802471936948
0.941703155269
0.906055781121
0.762208422896
0.867874107688
0.929742854868
0.926574317331
0.821909083672
0.729112597192
0.794719104105
0.911533052039
0.84672664066
0.822137303293
0.788045007032
0.827740625746
0.823444258684
0.908690921636
0.787153358278
0.773046201205
0.76106599793
0.901748799193
0.869711806385
0.813691850437
0.813159780272
0.928045803147
0.942582862299
0.874845421012
0.823014356606
0.777534962715
0.946329910039
0.94543428071
0.958774513706
0.984137409442
0.702441419208
0.823611442826
0.931321816204
0.713215508319
0.95705092482
0.952779768065
0.926879494732
0.921081124114
