0.666628187777
0.7118077117
0.906452511743
0.704446302046
0.643893798264
0.609362311918
0.718737892418
0.893414802431
0.715262850622
0.671087758406
0.533690258207
0.387071093066
0.783680970199
0.65368601226
0.675599076507
0.797250749675
0.631581880424
0.553729798583
0.78556112836
0.716498155667
0.534599156118
0.343128201046
0.884015338482
0.626359366292
0.828612371626
0.571188599634
0.632513334926
0.40397659422
0.734633654433
0.885173685747
0.705838176366
0.422206299923
0.630982140488
0.985786694265
0.329882174986
0.777107714354
0.767875434546
0.691696520978
0.629551787278
0.662033277605
0.50711992145
0.566974497784
0.828173181541
0.419843165353
0.471610540562
0.740408141602
0.467465435342
0.550816017833
0.986784491681
0.715699386991
0.882778706579
0.732546506382
0.627351856275
0.803448504631
0.63404718308
0.600517474723
0.483093171987
0.632446992012
0.403319799379
0.677793700077
0.804731576573
0.722845845607
0.50721943582
0.6087333811
0.379627418199
0.788822545976
0.825260727649
0.708689594777
0.810551176923
0.723119178409
0.548180877319
0.718087731868
0.53520154977
0.495468779025
0.816693203832
0.701329511982
0.43339702253
0.73241780113
0.633988801316
0.802245044184
0.726818459252
0.718699413529
0.797383435501
0.772665392883
0.788730992755
0.548430326673
0.491468301356
0.667393784996
0.850525435873
0.638003874426
0.694957938593
0.798194145901
0.473062123504
0.816812621076
0.347593079107
0.540896425444
0.903820024945
0.545773956426
0.55591911472
0.883485922034
