0.542715548125
0.955624552185
0.967691001247
0.895000398057
0.77711832922
0.818647666056
0.778112146061
0.979569036436
0.791214871427
0.575365549452
0.470596820848
0.390199824855
0.808706843935
0.704864262399
0.435435076825
0.987246238357
0.875614998806
0.548045537776
0.807196879229
0.706886394395
0.705294164477
0.527258976196
0.802092455484
0.629140461216
0.796335217472
0.875251439641
0.476779980362
0.381950747021
0.626278427938
0.712979327548
0.9022636202
0.630769843165
0.967539739405
0.984319189024
0.451415757769
0.710577714089
0.686456757689
0.51353660802
0.71948624048
0.503087599183
0.711474670276
0.647684632328
0.96937876496
0.605491866359
0.78122495555
0.817267733461
0.380566833851
0.723002414882
0.878478358942
0.622959955418
0.81118806889
0.720936496563
0.616936018894
0.820564976249
0.514836929119
0.641354191545
0.618623782608
0.764368548152
0.547257383966
0.681970649895
0.730264310166
0.800603720511
0.6967571584
0.695974312024
0.798004405169
0.795576254544
0.782060876257
0.518304009766
0.805267627312
0.627797680652
0.619414590133
0.79209988589
0.836358570178
0.628076320887
0.835043653637
0.79858556909
0.61902714752
0.625266035082
0.708067298251
0.882711036807
0.643019398668
0.638687206433
0.796282143141
0.619817955046
0.703065042592
0.61858397686
0.640286070642
0.788147175119
0.534153331741
0.866398641297
0.648021654327
0.899126927262
0.618169997081
0.792492635937
0.390158692248
0.544672664066
0.879084733169
0.538733646472
0.942557651992
0.938953904944
