0.220602128281
0.531841944643
0.503735106016
0.74083804368
0.428412016028
0.386590770374
0.396247644827
0.61880556219
0.40504736884
0.517610062893
0.261771886527
0.419024493804
0.456524162089
0.324487169281
0.263328291272
0.42848764695
0.47903033198
0.306440570018
0.287477111695
0.283018867925
0.452670965687
0.254857628108
0.456553352971
0.285396597935
0.710898813789
0.444362179232
0.386959636972
0.259733832232
0.459191147202
0.628304540509
0.501298994241
0.336862776318
0.397715150068
0.870477403604
0.191185680546
0.267456147334
0.441107395908
0.221415492397
0.363240718626
0.640275455776
0.302558182735
0.487270121806
0.47123769339
0.315146087095
0.276082052915
0.627373086007
0.228948066768
0.526850303851
0.332809224319
0.283477960884
0.359690045909
0.480000265372
0.569166467638
0.450950030518
0.52389140992
0.340775681342
0.327465966086
0.267627312051
0.259979301011
0.396000849189
0.306834646923
0.414964307513
0.444869039089
0.327651726243
0.291245389168
0.343385611549
0.748947801396
0.398072074941
0.482493432052
0.342578881724
0.317846243664
0.330971525622
0.385627471274
0.455444099461
0.723660536581
0.539288273227
0.37457208821
0.42802855399
0.495228617679
0.502279542499
0.289137011384
0.488688533291
0.337918955497
0.51961627259
0.299003529443
0.423190828756
0.528285964493
0.363772788791
0.3873815779
0.472082902104
0.392463445055
0.621043972083
0.31215932914
0.481597802723
0.243853992517
0.52607807234
0.622875036489
0.345147679325
0.304049571425
0.353936788472
