0.769730382401
0.946116285858
0.952981450521
0.955518403524
0.701439641218
0.762927580076
0.933200647507
0.97560438394
0.820129766738
0.649597961946
0.799473237269
0.536220576918
0.859432635406
0.744322373484
0.72440357721
0.982246636414
0.835244009235
0.649932330228
0.951771355784
0.709784252846
0.764352625853
0.522959955418
0.727833505825
0.651630708808
0.743374996683
0.844364832949
0.789501897407
0.523043547488
0.718225725128
0.70394607648
0.952747923467
0.632391263965
0.960947907545
0.982180293501
0.559782925988
0.843929623438
0.777680917124
0.764379163018
0.635498766022
0.746174667622
0.724942281665
0.684141390017
0.957070827694
0.690989305522
0.803643552796
0.865788286495
0.508028819362
0.703203035852
0.933476634026
0.711909879787
0.858203964652
0.722940052544
0.783987474458
0.829139134358
0.711015577316
0.639273677786
0.635427115676
0.91580022822
0.511901918637
0.67631557997
0.811062017355
0.77197144601
0.703784199772
0.81546320622
0.861953666109
0.926725579174
0.82596396253
0.563701138444
0.785715043919
0.700639545684
0.613982432397
0.810288458987
0.786566886925
0.640063158453
0.767793169334
0.836244460367
0.665984661518
0.639081283337
0.621004166335
0.84737680121
0.804722288565
0.823972348274
0.684539447496
0.928779555768
0.739427593344
0.824515033304
0.714545020301
0.744851789932
0.7948305602
0.860870949765
0.77753894329
0.873669824589
0.651614786509
0.734944139267
0.55065016055
0.60369397341
0.839488628825
0.71715362365
0.922691930048
0.916230130297
