0.20877185999
0.525875063026
0.677233765889
0.672204973065
0.514761298198
0.646782368707
0.47301170289
0.676343443993
0.439768595919
0.561725446488
0.384840644322
0.460244672664
0.530086511159
0.445340073773
0.290546134862
0.566345566967
0.59093755805
0.440272802059
0.547651460871
0.29961786482
0.503758989465
0.478404054879
0.497715150068
0.384696016771
0.547947350264
0.456723190829
0.345286999443
0.269605657724
0.625457102672
0.427657033676
0.657126555741
0.52501525887
0.558836876045
0.735152456015
0.22680519067
0.532749515697
0.380074569434
0.445975638882
0.613271236367
0.546575378818
0.49326221373
0.592840272802
0.655253031871
0.428364249131
0.510506063742
0.681183822944
0.336024201895
0.409449884563
0.537087015365
0.37319480933
0.507926651275
0.624369078895
0.546609877133
0.557586975559
0.411218586631
0.500102168086
0.515160682536
0.520608762572
0.399787702678
0.543897778839
0.504796592628
0.516869675981
0.508636520447
0.543865934241
0.355456041186
0.472384098931
0.569208927102
0.419498182204
0.525680014861
0.274590664225
0.512842661147
0.5673141735
0.511490592575
0.537613778096
0.578272695911
0.451535175013
0.38853594459
0.4333280259
0.646028713213
0.699105697529
0.370604781997
0.542297587772
0.325459756389
0.529753469734
0.505083194013
0.532500066343
0.602316694531
0.334236923812
0.30187352387
0.506585197569
0.435204203487
0.627578749038
0.480476607489
0.631833983494
0.376582278481
0.432086086564
0.641386036144
0.534937504976
0.484713265929
0.419613618873
