0.733040097657
0.929040946846
0.932853010641
0.880179391237
0.732241328981
0.75689037497
0.579163017806
0.973480083857
0.886826951145
0.733489902609
0.718802908473
0.476327521694
0.948943820821
0.904141124645
0.55416766181
0.925479659263
0.897172465037
0.935634105565
0.786688957886
0.751442294934
0.878881723854
0.771854682483
0.810902794364
0.945008359207
0.851809834673
0.772614972269
0.872796751851
0.748410423799
0.878390786296
0.916593689462
0.931495634636
0.903581190457
0.937635007828
0.97841068917
0.39665764403
0.767381843272
0.62925987846
0.55981211687
0.933211262373
0.820827694186
0.720635299737
0.750813364116
0.907447655441
0.895413050978
0.71961627259
0.905566170422
0.705613937319
0.681449194597
0.960249980097
0.96443887164
0.959029270493
0.888709763023
0.852344558554
0.914664437545
0.768010774089
0.921862643632
0.88043016745
0.714003662129
0.690482445665
0.886918504365
0.929525250113
0.932614176154
0.708197330361
0.921391608948
0.564506541411
0.943746516997
0.798758060664
0.653744394024
0.934853912905
0.952307406523
0.906899662978
0.734617732134
0.797723111217
0.878806092933
0.766032428416
0.756014648515
0.584242231245
0.930345248521
0.812582596927
0.921524294775
0.910179656609
0.925782182947
0.782987023326
0.746263567126
0.96417084627
0.958809012021
0.867079319587
0.588327627843
0.577686224557
0.966027120983
0.828017939124
0.950018576016
0.925552636467
0.848154340153
0.972804713001
0.77610859008
0.905747950004
0.90038213518
0.598129129846
0.950964625959
