0.2474152801
0.506663482207
0.674940954807
0.668054560412
0.424335907438
0.487522224876
0.423281055118
0.644741660696
0.415049226442
0.485173685747
0.344021176658
0.417124432768
0.588533290874
0.47191837168
0.260119947987
0.438298436961
0.510951888119
0.393084414723
0.540644322373
0.323376588913
0.458280922432
0.309354350768
0.522442480694
0.402741289175
0.540792930499
0.407295066741
0.315394209591
0.284615078417
0.439539049439
0.499381684049
0.680107740891
0.447007934612
0.604758113738
0.741761537033
0.158026165645
0.42854868243
0.545499296765
0.400594432503
0.594204283098
0.47682774726
0.450977894541
0.458272961282
0.592301568346
0.263767481358
0.399103043813
0.634516890906
0.339074649046
0.498954435687
0.470070058116
0.336146272855
0.59261205318
0.574756521508
0.393327229785
0.538729665897
0.410901467505
0.541725711859
0.450513494149
0.396868614495
0.459586550965
0.500920839636
0.664789162222
0.430979486771
0.496536899928
0.351012392856
0.31010269883
0.456693999947
0.605264973596
0.451050871746
0.488270572937
0.320032906085
0.409938168405
0.48952312714
0.486858795743
0.44510521986
0.598328158586
0.44931932171
0.265183239126
0.40233261683
0.598659873152
0.578401401162
0.345162274766
0.460787357694
0.477040044582
0.456834646923
0.358035453653
0.26789533742
0.567117798477
0.346611203991
0.375863121301
0.423328822015
0.421662288034
0.602712098294
0.336629249264
0.601671841414
0.241287848632
0.470631319162
0.602616564499
0.621882546506
0.427420852904
0.385794655415
