0.587167270186
0.261539927578
0.764485526121
0.612572263516
0.524320775893
0.601558562565
0.597223810431
0.786301166804
0.582224763357
0.397509688076
0.772496453
0.767299832709
0.657025178409
0.779010228067
0.417173834784
0.682663109078
0.7831014548
0.596279355399
0.373792431654
0.975867691591
0.38263558012
0.945655718612
0.942417889588
0.376744383034
0.596044300447
0.525356288249
0.745685365182
0.775812633674
0.572346102535
0.968119348622
0.68430637613
0.979700569638
0.788869830379
0.581669948966
0.788442072719
0.795332782754
0.569970141668
0.301217627004
0.967964762933
0.388082078648
0.455587319738
0.91077017555
0.540035575885
0.517569828262
0.495006670478
0.757821400589
0.402056201427
0.774635241302
0.709372551511
0.393278698939
0.389901107511
0.398183088749
0.597111576986
0.808864324588
0.797109459374
0.969855790611
0.951845499015
0.570967537005
0.605715435275
0.754187578087
0.589117591004
0.693558223747
0.788012197446
0.381650890456
0.371892933528
0.388825360523
0.0
0.842621180357
0.954556042606
0.597223810431
0.75349088368
0.560822057048
0.452567604769
0.779048345086
0.971973402791
0.991122969739
0.766518433814
0.967560299007
0.570967537005
0.958414331999
0.616074794062
0.398960252419
0.581669948966
0.963805772611
0.575818986511
0.791038265252
0.479812803083
0.598134383669
0.97776083688
0.580750905279
0.963170488957
0.980814433645
0.741697901446
0.952432077589
0.586805158503
0.398045443957
0.609292082248
0.373792431654
0.463898947547
0.388143489401
