0.743163289075
0.38964699405
0.759310081952
0.762511911569
0.482785930585
0.756495775364
0.596461470046
0.779846684878
0.581403129831
0.393282934163
0.773970311077
0.777222963386
0.739256294602
0.773631493128
0.563030726553
0.764906930945
0.766363848125
0.749725769223
0.377616839252
0.979145755246
0.518145818775
0.929875272643
0.938076784618
0.380234207907
0.587294326917
0.467130423734
0.752783601211
0.777184846367
0.574158778561
0.961838510895
0.769279800097
0.978252122906
0.786836922686
0.582690638037
0.937737966669
0.792922940093
0.564197530864
0.521406941533
0.962488617835
0.387730555026
0.430980666201
0.861933803443
0.487137623616
0.475268407344
0.571621879169
0.752036084112
0.555972725155
0.767100777164
0.664292823412
0.387971962815
0.390100163056
0.394074921119
0.73657327997
0.954128284946
0.791815428922
0.970643542342
0.949177307668
0.573987251975
0.749107426466
0.748220146962
0.58918111937
0.764671875993
0.785742117189
0.537134447197
0.375166761959
0.389109120556
0.0
0.821466234674
0.939474408657
0.596461470046
0.74924718887
0.560690765093
0.584460961819
0.781136310696
0.957116235733
0.981369248036
0.775166761959
0.953351121276
0.573987251975
0.962924845944
0.62513393897
0.394174448891
0.582690638037
0.9656989179
0.579054697923
0.786773394321
0.562010037482
0.593534930013
0.956360248184
0.57170023082
0.950862926964
0.97716790547
0.693085996231
0.950663871419
0.580244795968
0.395140080046
0.763077314021
0.377616839252
0.544080215149
0.387910552061
