0.744065391864
0.38964699405
0.761071935286
0.765404569807
0.521749994706
0.758499036486
0.599637888317
0.781862651674
0.582813459543
0.393041526375
0.775380640789
0.779103403003
0.735647883447
0.77590580861
0.565427863541
0.76102746543
0.767655591555
0.751068335345
0.377968362874
0.982165470216
0.442771530822
0.931946297355
0.939012769201
0.379920801304
0.588158312687
0.506484128497
0.753329945154
0.777621074476
0.574590771446
0.965756093429
0.765955148974
0.981458187747
0.789915930796
0.585159773839
0.93268957923
0.796179827626
0.565997501218
0.522148105796
0.965881032548
0.387692438007
0.431137369502
0.902346314296
0.527397666391
0.514583995087
0.57373949135
0.752701014336
0.555748258264
0.770294136332
0.70404040404
0.389030768905
0.390100163056
0.394155390382
0.661419223683
0.956601655973
0.794293035174
0.974857590581
0.95208267158
0.575240878386
0.745473603964
0.750032822989
0.590959913601
0.766370200961
0.78659763251
0.536710924761
0.37536158228
0.389189589819
0.0
0.824303834996
0.942883764267
0.599637888317
0.751398682845
0.562490735447
0.583923088326
0.782466171145
0.961071935286
0.985066598903
0.777970480486
0.954930859962
0.575240878386
0.965080575143
0.626912733202
0.394534442962
0.585159773839
0.969032039472
0.57980009741
0.788370073905
0.557499523537
0.594864790462
0.957889164178
0.572653156301
0.953759820426
0.981898651081
0.734887660674
0.952798424497
0.581185015776
0.395923596553
0.764330940432
0.377968362874
0.544783262393
0.388473836902
