0.642161658514
0.441299790356
0.766022912564
0.744402092201
0.422095165491
0.649823179383
0.599637888317
0.787427736484
0.584427080025
0.384367786884
0.776392859412
0.773627257904
0.737274209601
0.776155686848
0.546441352731
0.751574444656
0.776655443322
0.730840903797
0.378103890054
0.974605594731
0.403650763399
0.935686000466
0.935459415963
0.366003854054
0.588547953328
0.402564428351
0.747243927747
0.767244774792
0.572113165195
0.967547593334
0.765476568621
0.976134510726
0.789873578553
0.585896702878
0.759994070686
0.797683332275
0.567789001122
0.474171484234
0.965830209855
0.381331131017
0.505537555852
0.803746055947
0.435154479809
0.416267496771
0.544469855791
0.744920907185
0.527825424052
0.764352116553
0.604449103191
0.382508523389
0.39037545264
0.392418948394
0.731063253076
0.854075344641
0.795436545751
0.968597928975
0.947046989814
0.569019333799
0.73224276306
0.752518899689
0.590316159499
0.735135421299
0.784363551659
0.517220422252
0.369140037693
0.385975054529
0.0
0.889949812591
0.838756538128
0.599637888317
0.753927111789
0.564201766089
0.63784596489
0.780623848548
0.963181077018
0.976195921479
0.773083031574
0.961821569998
0.569019333799
0.951900556932
0.420737776084
0.39567795354
0.585896702878
0.970302606781
0.56588315016
0.795481015607
0.559231730301
0.595101963026
0.964428350592
0.574321834699
0.955267560299
0.982864282235
0.636393282934
0.850348347204
0.58155771552
0.395080786905
0.764606230015
0.378103890054
0.516987484912
0.381515363276
