0.598187323973
0.126355801199
0.442621180357
0.602316667725
0.558028926582
0.609296317472
0.599637888317
0.603434766957
0.317171717172
0.393431167016
0.599169896025
0.526887321856
0.505954725452
0.530491497787
0.412784024734
0.354289223472
0.252593016115
0.604728627999
0.304148402262
0.827910128539
0.0739046650996
0.626383330157
0.469133684857
0.0628380238443
0.233314274824
0.198723079855
0.528007538699
0.454655570379
0.502918069585
0.956400482816
0.595497956504
0.905474027487
0.518942040955
0.507053766173
0.0894479385045
0.60884738369
0.417002308197
0.0293246934756
0.540276983673
0.135552590899
0.0881731359719
0.782591110264
0.37585710353
0.553615822798
0.431944179743
0.358287275268
0.2438282193
0.274057133177
0.492537534676
0.209597018402
0.206850475404
0.123621963874
0.434273553141
0.632090294983
0.421800817398
0.556548715668
0.710564767169
0.33859348199
0.382904516867
0.65910467357
0.591779429515
0.511102640662
0.790320394723
0.227120259196
0.223859136438
0.391743430108
0.0
0.627154140991
0.443322109989
0.599637888317
0.439152531605
0.584759545137
0.19721322237
0.783613916947
0.788643245876
0.798045443957
0.516248438261
0.713156724477
0.33859348199
0.569891790018
0.571007771637
0.0220422251869
0.592198716727
0.89739745463
0.26271731995
0.617042542829
0.12665861974
0.399904707452
0.410380534909
0.404427927069
0.78561717807
0.794271859052
0.759127967304
0.716540668742
0.41367342185
0.30278677763
0.438460072422
0.304148402262
0.331920886009
0.226465917032
