0.742930351735
0.389447938505
0.76369777439
0.766022912564
0.510933231688
0.758147512864
0.599637888317
0.780871609173
0.582461935921
0.393083878618
0.774554772039
0.779103403003
0.739849226013
0.778645998772
0.564568112996
0.765885267772
0.767422654215
0.75133515448
0.377142494124
0.981648772844
0.521351883616
0.930934078733
0.937877729073
0.379836096817
0.59125002647
0.496069711793
0.752110200538
0.777146729348
0.573764902696
0.965014929166
0.770380958431
0.981149016369
0.789441585668
0.584808250217
0.937458441861
0.796179827626
0.565256336954
0.520974948648
0.965012811554
0.387650085763
0.430980666201
0.891139910637
0.517055248502
0.503890053576
0.573582788048
0.751917497829
0.556324248777
0.769862143447
0.693469284035
0.388874065604
0.389625817928
0.394155390382
0.736776570739
0.959384198378
0.794013510366
0.974463714715
0.951023865489
0.57484700252
0.745083963323
0.74889778286
0.590443216229
0.766412553205
0.786165639625
0.536626220274
0.374967706414
0.38871524469
0.0
0.824062427207
0.941392965292
0.599637888317
0.75030599496
0.561749571184
0.584033204159
0.781517480889
0.960292654003
0.984952247845
0.777970480486
0.953672998327
0.57484700252
0.964644347034
0.661675454757
0.394254918154
0.584808250217
0.968371344472
0.579715392923
0.788526777206
0.562048154501
0.594864790462
0.960315947737
0.572377866717
0.952506194016
0.981267602651
0.724977235669
0.951786205874
0.58082925693
0.395965948796
0.763699892002
0.377142494124
0.543923511848
0.388389132414
