0.744948436143
0.40475827457
0.75852233022
0.764138237723
0.492848823666
0.758299980941
0.599510831586
0.783904029816
0.581589479703
0.393681045253
0.773534082968
0.77580839845
0.741606844123
0.774724181013
0.570268724986
0.772911504987
0.767147364632
0.750555873197
0.376918027232
0.985375770281
0.520161785571
0.931497363573
0.941020265549
0.38784067086
0.586692925058
0.479272811977
0.755811786629
0.782853694174
0.574137602439
0.964858225865
0.771562586028
0.9809457256
0.787196916757
0.584647311691
0.941223556318
0.796450881985
0.56518433814
0.520051669737
0.970895538191
0.390779916566
0.440780975372
0.87305973784
0.502405607437
0.485877644368
0.573777608369
0.756487304915
0.559665840798
0.772687038096
0.676126040277
0.389776168393
0.388723715139
0.39399868708
0.740334159202
0.955805433793
0.793013997417
0.977123435614
0.951227156259
0.578730703259
0.749217542299
0.748834254495
0.590294983377
0.758763738009
0.785623530907
0.53585540944
0.378893759397
0.391139910637
0.0
0.839330411029
0.944111979332
0.599510831586
0.750157762107
0.561715689389
0.595044787498
0.781187133388
0.960258772208
0.984630370794
0.774688181606
0.954329458103
0.578730703259
0.972487982551
0.647796624526
0.393340109692
0.584647311691
0.967414183766
0.587677614722
0.788958770091
0.563687186329
0.594077038731
0.956080723376
0.57289456409
0.952366431612
0.979764098003
0.707146941109
0.950020117316
0.581189251001
0.395254431103
0.76201850793
0.376918027232
0.544050568579
0.392433771679
