0.993067409184
0.599938749325
0.79923947078
0.992265694166
0.997845665899
0.994421084313
0.989921095753
0.998534735997
0.998382841363
0.998853309913
0.99422413171
0.993049808416
0.995338612391
0.979447758278
0.782759518936
0.999319202263
0.798925297057
0.993269290003
0.799091448314
0.795835482094
0.984987952274
0.997648537288
0.999484473482
0.992391187647
0.79833127111
0.995272081485
0.989173591102
0.9949702283
0.813567728638
0.9990636391
0.997995096426
0.988138841905
0.996384098057
0.996708480226
0.992303535818
0.992400164039
0.999065223169
0.999482889413
0.970911913432
0.996334287882
0.995857483055
0.991473659569
0.992662063479
0.996515223785
0.995516380155
0.995097129843
0.992144952892
0.997870306975
0.9791987074
0.998093836739
0.981440517322
0.998598098765
0.99904234217
0.995672498975
0.998315958441
0.989006207791
0.990855344561
0.982449041374
0.797315882758
0.798197681275
0.998108093362
0.998081164185
0.995885644285
0.793460258344
0.991912270728
0.98994573683
0.798680470363
0.998194161121
0.798346583779
0.998456412576
0.992528121628
0.99931638614
0.978954584736
0.997619672027
0.972204689901
0.795131451342
0.998302581857
0.793194310727
0.997391742071
0.805968244693
0.997531844191
0.998870910681
0.999095496491
0.985904600313
0.995274369584
0.999078775761
0.978954584736
0.797983303911
0.982093681852
0.78421175837
0.998623091857
0.991876013144
0.978573176076
0.992976941233
0.994682631737
0.985809556161
0.994066604829
0.998517663252
0.988316961685
0.99803434614
