0.962083191794
0.59996726257
0.797958838842
0.962326258411
0.99847366133
0.99484913501
0.992798821453
0.99875756173
0.999088104168
0.998959970572
0.993998137839
0.994847198926
0.995112618519
0.801179779533
0.721405703001
0.999187372504
0.799312865986
0.989722559081
0.79614032741
0.795583087069
0.956707388979
0.996926201736
0.99953868385
0.962711363232
0.797017197711
0.992399988031
0.96692375523
0.997665962049
0.969175069567
0.998150511214
0.998076587985
0.95799083704
0.996911065075
0.998439691846
0.969814681505
0.977457463342
0.998946946003
0.999540619934
0.797371149172
0.994500287773
0.996506599408
0.962345443249
0.962372372425
0.998885695327
0.99639606658
0.995586431215
0.9930700493
0.998921072872
0.994149856466
0.999206557342
0.804055569147
0.997665786042
0.999272912241
0.997338235734
0.99774886167
0.958325251647
0.962104488724
0.922597275049
0.766465255202
0.798874958858
0.999400693822
0.999514218781
0.998159135591
0.76274198857
0.994869903917
0.959200537879
0.795992656959
0.999260943718
0.796488998639
0.998869678628
0.961350647796
0.998806491868
0.797146915377
0.999278720495
0.971460001373
0.793499332051
0.998953458287
0.76311424483
0.997957430781
0.956647370357
0.998111613515
0.997534836322
0.99784179373
0.95676899167
0.995025494714
0.997735485086
0.796929017859
0.798326518902
0.922995932462
0.902867693261
0.999116969429
0.96231798605
0.798584546173
0.963067250778
0.991408008702
0.931091934096
0.993564630903
0.999105176914
0.957143888045
0.9974679534
