0.993282138564
0.599927132817
0.798000376656
0.991456410816
0.996339040089
0.991644035011
0.990757132272
0.996649693659
0.997208166053
0.997682506772
0.992641118564
0.99252037729
0.993809809612
0.978095315203
0.781728465899
0.998929521241
0.797595382966
0.990925923644
0.796837141846
0.794987477053
0.986781470615
0.998426843285
0.999041286123
0.991606193359
0.798232706805
0.994861631556
0.988302705062
0.994150736504
0.808499059239
0.997672474334
0.997644137096
0.98783470062
0.995727237366
0.997086896756
0.991532622145
0.99074428371
0.996222346992
0.998738376892
0.979336697427
0.995862587278
0.994628597377
0.990594677175
0.991839403545
0.995783031803
0.994725753621
0.990803598301
0.990038492881
0.996212314554
0.798062859386
0.997502098892
0.97959454869
0.9965293044
0.997790575492
0.994178193704
0.996318623197
0.99075114801
0.989826051602
0.984039094828
0.791885693567
0.796066580188
0.997898996228
0.997888611775
0.995933870391
0.794005178146
0.994361241699
0.990261142607
0.796336399974
0.998576273812
0.798674310094
0.99759432692
0.990791629778
0.99806250737
0.987642676232
0.998098764954
0.795553517778
0.794849839041
0.996912473137
0.792352641963
0.997458272977
0.971375341675
0.994052524214
0.99775114977
0.998099292977
0.984673954558
0.996380049881
0.998818636398
0.986571845458
0.795698372105
0.984330563559
0.9649656697
0.99734386798
0.990646423436
0.98646817693
0.992452086307
0.995304290891
0.986749437215
0.99406273266
0.997619320012
0.990143217456
0.995166828887
