0.650276244066
0.438670825142
0.452764992775
0.814759652702
0.653147457481
0.492701665209
0.252961593362
0.998993412032
0.313482188902
0.835752265659
0.445281673904
0.434123666522
0.630187430587
0.652600073571
0.248384689443
0.638328314181
0.637531879392
0.49209179857
0.636030885829
0.274011232811
0.30524678918
0.607751730596
0.836011348976
0.437170359601
0.282879556179
0.675544435781
0.630453906227
0.623863650364
0.660868738747
0.641056433345
0.616407084661
0.27954579456
0.487035097693
0.638584581375
0.822800387921
0.474205897314
0.513010664306
0.67194666263
0.240931115871
0.329810950142
0.64329190699
0.287647604447
0.804539062266
0.512167763488
0.806533053364
0.129563131318
0.645337116325
0.653870497063
0.292542730266
0.505324760586
0.483342632406
0.646107677983
0.835702455483
0.484974399682
0.640985326239
0.815442386523
0.450362663841
0.431594260037
0.0839845324444
0.798686278617
0.347620992085
0.478795297779
0.241000814916
0.613689877974
0.237871046207
0.621479802238
0.799304065602
0.474729696193
0.409885471797
0.806350885407
0.321581710689
0.838151426454
0.67505654247
0.805604260794
0.829026307869
0.638164099008
0.654097546981
0.114281439813
0.45627793022
0.264444334929
0.489282539861
0.455926090852
0.462865017944
0.0772043642866
0.414429462279
0.802949008813
0.513710646881
0.154097194965
0.13275045454
0.452032096762
0.674137254315
0.640435302214
0.674747648977
0.643672259604
0.472937057891
0.26630174406
0.424761465581
0.837706655027
0.622180840859
0.654022919721
