0.994231700041
0.599981343185
0.797728620786
0.99259042835
0.99665338982
0.991630658427
0.990776845133
0.997331899457
0.997020013834
0.998154735399
0.991955040596
0.991823914869
0.993313467932
0.798236226958
0.782193478211
0.999157803213
0.798124286069
0.991446906401
0.797411102917
0.794817805642
0.988634831569
0.998352216025
0.999293681148
0.992485175752
0.798823740621
0.994889440771
0.988683585699
0.993142916483
0.810256672011
0.997607175481
0.997778078946
0.988552811987
0.995308339068
0.997398078348
0.99262316578
0.992837719152
0.996190313593
0.999058710884
0.976184399735
0.9965155758
0.994395211183
0.991960496835
0.992814662144
0.996105477887
0.994821501803
0.99038117985
0.990426765841
0.996394658519
0.797969927326
0.997726684702
0.799479897282
0.996500439139
0.998286565157
0.993247113034
0.996563625899
0.993213495565
0.991349046126
0.985400690302
0.792125064023
0.79706067161
0.998049658809
0.998156495476
0.99594460686
0.794767819458
0.99396452037
0.990494352793
0.797183876992
0.998753337546
0.798940433718
0.998539136189
0.991686100849
0.997985592011
0.983369033559
0.998683462494
0.795356037152
0.794190690249
0.996801236278
0.792932411288
0.997396670287
0.797594150913
0.994496415603
0.997238439375
0.997906212543
0.984548285069
0.996905960852
0.998807019891
0.982032079161
0.795459001649
0.986574133558
0.966042836751
0.998229538666
0.991991474188
0.982410847706
0.993246232995
0.994407003698
0.987351383508
0.994378490452
0.998247667458
0.992931179234
0.996121846602
