0.993352189624
0.599978527062
0.79807394787
0.991432825786
0.996302078475
0.992109047323
0.99113484477
0.996662014197
0.997320810973
0.99769482731
0.99281043796
0.992719617993
0.993953431886
0.971429904058
0.781689040177
0.999018229116
0.797672122318
0.990999142843
0.79673787351
0.795264513154
0.987238034557
0.998553920835
0.999143722598
0.991676596434
0.79827037245
0.994967236169
0.988492089334
0.994332376438
0.956317003927
0.997622840166
0.997630408496
0.987737192361
0.996097557541
0.997066831879
0.991499180684
0.990818206939
0.996302606498
0.999002036409
0.978425329618
0.995942846784
0.994891904878
0.990765052617
0.991796105654
0.995955871352
0.994895425032
0.990977141882
0.99067352862
0.996221466954
0.971875027501
0.9977815991
0.97291963313
0.996512759677
0.99788667569
0.994336600623
0.996268989029
0.990710666242
0.989806338741
0.984028886382
0.791887805659
0.796053203604
0.998259107958
0.998075531939
0.996158808217
0.794034043407
0.994196146488
0.990450526879
0.796156520117
0.998661813548
0.798579265942
0.997628120396
0.990862032854
0.998012169172
0.98411583418
0.998123758046
0.949323690459
0.794613988739
0.996895224383
0.792620525665
0.997557189298
0.951568140496
0.994116238997
0.997711372033
0.998049306794
0.985160087793
0.996350128574
0.998781674784
0.983038667129
0.795784967887
0.984436520187
0.965736231359
0.99744665647
0.99070697008
0.982944855031
0.99250664869
0.995319779568
0.986742044893
0.994274997932
0.99762178412
0.990145681563
0.995149932149
