0.993413792314
0.599978527062
0.797723692571
0.991831307191
0.996409443164
0.991966833111
0.991141885078
0.99676304261
0.997446128447
0.997802544015
0.992727010316
0.992752707438
0.993729550107
0.798044026563
0.781750994883
0.99908722413
0.797743933455
0.991087498702
0.796894520353
0.795284226015
0.986553364651
0.998464860945
0.999191948704
0.991941664012
0.798435115646
0.995032359013
0.98881981565
0.994172209442
0.966522633709
0.997838625591
0.997769806585
0.988347587023
0.996039122989
0.997332603488
0.991894141936
0.990512657593
0.99659477926
0.998950290149
0.977212988663
0.996088581149
0.994883104494
0.991087498702
0.992103767093
0.995964671737
0.995077064966
0.991482635962
0.990608757791
0.996476326086
0.798214225997
0.997656633642
0.799428327029
0.996166376547
0.997941590089
0.994411227882
0.996646349513
0.990244949899
0.990287895775
0.983293174246
0.792070149624
0.796234843538
0.998182720621
0.998017097387
0.996024690358
0.79405058813
0.994394331144
0.990480800201
0.796433204202
0.998707223532
0.798773930445
0.997848834037
0.991002310981
0.998186768798
0.97614515002
0.998298709688
0.795691507805
0.794940306993
0.997065951841
0.792739506862
0.997557541313
0.797747277601
0.994267605609
0.997445248408
0.997763822324
0.985478309693
0.996126950825
0.998917904734
0.97514789046
0.796064468096
0.983993684844
0.967122467909
0.997656457634
0.991150157439
0.97497733901
0.992733346593
0.994913729832
0.986616023388
0.994013450508
0.997880867436
0.98975388845
0.995160844626
