0.1
0.19
1.7
0.46
0.28
0.19
0.19
0.19
0.28
0.1
0.1
0.1
0.19
0.28
0.28
0.19
0.19
0.19
0.64
0.46
0.1
0.1
0.37
0.55
0.1
115.0
0.46
0.1
0.1
0.19
0.82
0.19
0.19
0.28
0.28
0.46
0.55
0.1
0.1
0.1
0.1
0.1
0.1
0.19
0.1
0.28
0.19
0.1
1.9
0.19
0.1
0.1
0.19
0.37
0.64
0.19
0.19
0.19
0.1
402.1
0.37
0.19
0.19
0.19
0.1
0.1
0.19
0.28
0.1
0.19
0.19
0.19
0.37
0.28
0.1
0.19
0.1
0.1
0.37
0.19
0.37
0.1
0.19
0.1
0.28
0.19
0.37
0.1
0.1
1.4
0.1
0.19
0.28
0.28
0.55
0.1
0.28
0.55
0.19
0.28
0.1
0.28
0.19
0.37
0.28
0.28
0.1
0.28
0.19
0.1
0.19
0.46
1.6
0.1
0.19
0.19
0.46
0.28
0.19
0.37
0.37
0.1
0.19
0.19
0.1
0.28
0.46
1.2
1.7
0.19
0.28
0.19
0.1
0.28
0.19
0.1
0.92
0.19
0.55
0.37
0.1
0.19
0.19
0.1
0.19
0.1
0.28
0.19
0.19
0.19
0.19
0.1
0.19
0.28
1.2
2.6
0.1
0.1
0.1
0.19
0.91
0.19
2.7
0.1
0.1
1.11
0.1
0.1
0.19
0.28
0.1
0.1
1.0
0.55
0.37
0.19
0.28
0.37
0.37
0.19
4.2
0.1
0.1
0.1
0.37
0.37
0.28
0.19
0.1
0.19
0.1
0.19
0.19
0.19
0.19
0.19
0.1
0.19
0.1
0.28
0.28
0.91
0.19
0.37
0.19
0.37
0.19
0.19
0.46
0.19
1.1
0.19
0.19
0.1
0.28
0.19
0.19
0.1
0.28
2.4
0.19
0.1
0.19
0.92
0.1
0.28
0.19
0.1
0.19
0.19
0.1
0.19
0.19
0.19
0.1
0.1
0.19
0.1
0.1
0.19
0.28
0.1
0.37
0.28
0.19
0.19
0.46
0.1
0.37
0.19
0.19
0.28
0.37
0.28
0.1
0.1
0.64
0.1
0.1
0.91
0.46
0.19
0.64
0.46
0.1
0.1
0.37
0.1
0.1
0.1
0.19
0.1
0.1
0.19
0.28
0.55
0.64
0.64
0.1
0.19
0.37
0.28
0.37
0.46
0.1
0.1
0.1
0.46
0.19
0.37
0.19
140.0
0.19
0.1
0.19
0.28
0.91
0.37
7540.8
0.19
0.19
0.1
0.55
0.1
0.46
0.1
0.19
0.19
0.19
0.55
0.37
0.37
0.28
0.19
0.19
0.46
0.19
0.1
0.64
0.1
0.19
0.19
0.19
0.19
0.55
0.92
0.19
0.28
0.73
0.37
0.28
0.19
0.82
0.46
0.1
1.0
0.19
0.19
0.64
0.1
0.1
0.19
0.28
0.1
0.19
0.1
0.19
0.19
0.19
0.1
0.1
9.9
0.1
0.37
0.28
0.1
0.37
0.1
0.46
0.19
0.19
0.28
0.28
0.19
0.1
0.28
0.19
0.82
0.1
0.1
0.1
0.19
0.37
0.46
0.1
0.1
0.1
0.19
0.73
0.1
0.65
0.1
2.2
0.28
0.19
0.28
0.55
0.37
0.19
0.28
1.4
0.28
0.1
0.82
0.28
0.19
0.1
0.73
0.1
0.19
0.19
0.28
0.1
13.7
0.1
0.1
0.64
0.1
0.28
0.1
0.55
0.1
0.1
0.55
0.37
0.19
0.19
0.37
0.37
0.1
0.73
0.37
0.37
0.28
0.91
0.28
0.19
0.1
0.28
7.0
0.1
0.1
0.1
0.19
0.28
0.28
0.28
0.19
0.37
0.19
0.19
0.64
0.19
0.1
0.37
1.5
0.19
0.37
0.19
0.49
0.1
0.19
0.19
0.37
0.1
0.55
55.7
0.1
0.28
0.28
0.28
0.37
0.19
0.28
0.28
0.37
0.19
1.4
0.64
0.19
2.6
0.46
0.37
1.5
0.1
0.1
2.2
0.1
0.19
0.1
0.19
0.1
96.4
0.64
0.1
0.19
0.46
0.19
0.1
0.1
0.19
0.19
0.19
0.1
0.19
0.1
0.19
0.46
0.19
0.1
0.28
0.1
2.4
0.28
0.55
0.19
2.3
0.37
0.73
0.1
0.19
0.1
0.28
2.2
0.37
0.1
0.37
0.19
0.1
0.19
0.37
0.1
7.6
2.1
0.1
0.1
0.1
0.1
0.28
0.82
0.28
0.19
0.1
0.19
0.19
0.1
0.28
0.19
0.19
0.28
1.4
0.1
48.8
0.19
0.1
0.37
0.19
0.28
0.28
0.37
0.1
0.1
0.37
0.1
0.1
0.1
0.19
0.28
0.19
0.28
0.1
0.1
0.1
0.19
0.19
0.19
0.19
0.28
0.19
0.19
0.1
0.28
0.19
0.1
0.1
0.19
0.1
0.46
0.19
0.1
0.28
0.19
0.37
0.1
0.19
0.19
0.28
0.28
0.1
0.28
0.1
0.19
0.28
0.28
0.1
0.1
0.1
0.19
0.55
0.37
0.19
0.73
0.19
0.46
0.73
0.19
0.19
0.28
0.1
0.1
0.1
0.28
0.46
0.28
0.1
0.19
0.37
0.46
0.19
0.19
0.1
0.19
0.37
0.19
0.1
0.19
0.1
0.19
0.28
0.1
0.1
0.1
0.28
0.1
0.37
0.1
3.3
0.19
0.37
0.19
0.55
0.28
0.37
0.46
0.1
0.46
0.1
0.37
0.19
0.1
0.1
0.55
0.19
1.7
0.37
0.28
0.19
0.19
0.1
0.1
0.1
0.37
0.1
0.1
1.3
0.19
0.37
0.19
0.1
0.28
0.19
0.1
0.1
0.1
0.19
0.19
0.28
0.1
0.1
0.28
0.28
0.28
0.19
0.19
0.46
0.46
0.1
0.1
0.19
0.1
0.28
0.19
0.1
0.19
0.1
0.55
0.19
0.1
0.1
0.1
0.19
0.55
0.37
0.37
0.1
0.1
0.1
0.28
0.19
0.28
0.19
0.19
0.55
0.1
0.1
0.1
0.1
0.19
0.1
0.19
0.28
0.28
0.19
0.1
0.19
0.1
0.19
0.19
0.37
13.7
0.82
0.19
0.1
0.19
0.19
0.28
2.3
1.9
0.19
0.37
0.37
0.19
0.19
0.19
0.28
0.28
0.19
0.28
0.19
1.0
0.28
0.1
0.28
0.73
0.19
0.55
0.28
0.28
0.19
0.1
0.19
0.37
0.19
0.19
0.82
0.19
0.1
0.73
0.1
0.37
0.1
0.1
1.2
0.19
0.46
0.19
0.19
0.1
0.19
0.1
0.19
0.28
0.19
0.1
0.28
0.1
1.9
0.37
0.19
0.19
0.19
0.1
0.82
0.55
0.46
0.73
0.19
0.19
0.1
