0.295972301633
0.21443152701
0.290345806069
0.462272621392
0.270935772823
0.403125595578
0.445047963916
0.463583423332
0.246604408869
0.206812358385
0.295025728988
0.406035194714
0.403915464922
0.356059547255
0.348734726722
0.408576329331
0.317163246723
0.356273426085
0.0904728627999
0.553594646676
0.0821887639498
0.283503801114
0.290796857464
0.120250725282
0.221862228152
0.292766236791
0.192649768121
0.373163500836
0.143487283739
0.66119263918
0.407286703513
0.494093979629
0.544781144781
0.338750185291
0.375304406751
0.501171039536
0.256178133537
0.053156300955
0.465429981153
0.26008512801
0.215272219046
0.485062363679
0.389295470428
0.264565995384
0.356531774771
0.367772060225
0.22599792474
0.422302691485
0.458014103297
0.201245155962
0.104624865002
0.109217965822
0.304188636893
0.507803400885
0.417434301082
0.54692628592
0.386875039705
0.250526226627
0.434574254071
0.458155983313
0.396730406793
0.401600914808
0.544861614044
0.101626326155
0.126764500349
0.259943247994
0.0
0.607919869555
0.372746331237
0.445047963916
0.298229676217
0.205279207166
0.218562988374
0.263104842979
0.68491836605
0.543423755373
0.405656142134
0.599188954535
0.250526226627
0.459000910573
0.287383266629
0.120735658472
0.338750185291
0.580700082587
0.268600046587
0.407259174555
0.245342312009
0.222465747623
0.441733900853
0.254458632446
0.584990364865
0.551333036868
0.670751540563
0.457209410669
0.209217965822
0.21781123605
0.400906338013
0.0904728627999
0.143936217521
0.26008512801
