0.298845901362
0.160148656375
0.255348029562
0.272822565275
0.136018465578
0.133439213942
0.109033733562
0.290373335027
0.0745399487538
0.203739703111
0.121872816212
0.106816593609
0.179872096224
0.113495542426
0.229608453508
0.175537344091
0.084619782733
0.10138915359
0.0500603519471
0.15595790187
0.0712280033035
0.136261990979
0.267797471571
0.025000529403
0.0840734387904
0.103587235034
0.0911060288419
0.103640175338
0.0883954852508
0.204749804121
0.36848569553
0.129110814645
0.444622323868
0.0883256040489
0.262507676344
0.145259725134
0.0890985324948
0.283844736675
0.29547466277
0.186375283231
0.182919340152
0.19657158588
0.134529784215
0.130139974165
0.0979967388772
0.251644325858
0.0489994282447
0.273032208881
0.123869724499
0.0485526120746
0.0569828261652
0.0479850920102
0.219378269064
0.333735679648
0.19633864854
0.300804692629
0.218546047477
0.0644812908964
0.137409736781
0.299942824471
0.259358787032
0.40734176143
0.277004849332
0.0314274823709
0.190267454418
0.233722973975
0.0
0.411581221015
0.24434279906
0.109033733562
0.0918260169832
0.0934354022404
0.189818520636
0.206615420452
0.200412934375
0.289316646549
0.284117908646
0.598864959871
0.0644812908964
0.113326133452
0.321548821549
0.123649492832
0.101234567901
0.161069817674
0.0613451072571
0.0973466319378
0.139461702984
0.160326535798
0.155348029562
0.235753764056
0.198492260127
0.402303962052
0.328450119645
0.310545708659
0.0893865277513
0.132712872964
0.129415750799
0.0500603519471
0.0694894437033
0.201090570273
