0.55726870381
0.120820362959
0.259676428859
0.616735489063
0.233263452131
0.538042902823
0.597439806874
0.486265167397
0.243317874764
0.145374076192
0.370632954281
0.453867818648
0.284698134384
0.455439086886
0.462228151536
0.284530843021
0.271715054105
0.539455350147
0.0550536814688
0.663604599454
0.0602926540033
0.512091565551
0.338726891557
0.0724689240413
0.250217055249
0.24064333058
0.213796243356
0.139180060564
0.184560489592
0.893350697753
0.281155369206
0.64169154861
0.464574465832
0.423416555492
0.138246193592
0.631370306842
0.357010355124
0.357372466806
0.580331618067
0.0721766935603
0.110615589861
0.467765707388
0.492588357368
0.325841221439
0.432981809711
0.222959151261
0.25403511001
0.47052495606
0.255771551998
0.231031488893
0.0489782521229
0.0511699807297
0.193217288186
0.828841877898
0.543724456303
0.659206318955
0.745712894141
0.260504415221
0.423956546598
0.458183512272
0.366226203333
0.282690638037
0.371581644538
0.0689007475171
0.161815217161
0.162480147386
0.0
0.644196683819
0.725608284099
0.597439806874
0.284748957076
0.444162802024
0.150227643309
0.384744721852
0.806198250852
0.663996357707
0.469392033543
0.454066874193
0.260504415221
0.495885479533
0.33167947822
0.145431251721
0.520801304449
0.677898481672
0.271615526333
0.449641064735
0.0611989920166
0.343931982297
0.457649874002
0.29223048091
0.63698197912
0.846972873388
0.708845266078
0.399493890689
0.261650043411
0.245776422506
0.263867183364
0.0550536814688
0.182320055905
0.173383732503
