0.631622302691
0.188689833344
0.640569214154
0.575473815725
0.392122482689
0.514005886962
0.353274887237
0.570124727357
0.358787031743
0.341007559875
0.542752472312
0.468940982149
0.550903161595
0.521095652542
0.320680600555
0.408428096478
0.250318700633
0.571791288143
0.236511869216
0.661789805815
0.364153061008
0.713400249878
0.708788090549
0.236101052453
0.371996696525
0.308487389619
0.550530461851
0.575162526735
0.448724138661
0.716856192957
0.461506045783
0.67675073587
0.627113906359
0.359773839019
0.385507062237
0.552175846515
0.319033098278
0.154767803824
0.701329860449
0.316549139191
0.301848675434
0.515187514559
0.426984732016
0.475835927408
0.376754971095
0.389403468649
0.376115452216
0.439717934058
0.556629184931
0.253325709929
0.229026110158
0.257272939034
0.629839273235
0.690587213858
0.469159096203
0.676426741207
0.565991148381
0.3600660695
0.54314846579
0.686938568071
0.452967833471
0.680066916545
0.627730131504
0.388821125299
0.314018592635
0.259839484997
0.0
0.620972831036
0.518236876099
0.353274887237
0.371579526925
0.509694428562
0.531770535544
0.541918133113
0.526194862673
0.769953200771
0.632962751202
0.740486627279
0.3600660695
0.595874891472
0.55912373208
0.233642504712
0.4314846579
0.826012748025
0.353859348199
0.356093429049
0.273146559939
0.434180378206
0.738411367342
0.592865764564
0.520691188616
0.826216038795
0.602229845626
0.736710924761
0.440414628465
0.398210617707
0.487866082206
0.236511869216
0.461463693539
0.316549139191
