0.628325180526
0.317593121996
0.450833280393
0.70906126252
0.268102407725
0.595112551087
0.598939076298
0.627753425238
0.413832242763
0.307680579379
0.631971708701
0.617728649175
0.407261292167
0.499379539631
0.598549435656
0.495419604854
0.628981640302
0.704374986765
0.212578616352
0.814653876289
0.179429515279
0.89728098596
0.806439658641
0.194849967177
0.325341464964
0.427365902209
0.504142049425
0.476047688626
0.510232302056
0.990095927832
0.429307752578
0.803104419457
0.513978358004
0.493581517481
0.812303326769
0.697084048027
0.5908032103
0.39592147894
0.700199055545
0.195807127883
0.395646189357
0.664767168541
0.341183321686
0.343951040806
0.490102280668
0.586536221756
0.408015162103
0.591982720285
0.417904410986
0.398471084006
0.238186900451
0.317701120217
0.631935709294
0.720987654321
0.610297948034
0.68866653961
0.785612942846
0.391360142304
0.632037354679
0.685248713551
0.517739237236
0.606549774474
0.717679944095
0.299521419647
0.295385723059
0.316093852572
0.0
0.850905279207
0.666929250577
0.598939076298
0.585242360714
0.587923257735
0.459229612689
0.548465789975
0.992975880397
0.99688287487
0.508569976495
0.811454164284
0.391360142304
0.688431484658
0.216472905152
0.211005230502
0.593431167016
0.850098468966
0.394496325943
0.623361497575
0.214730110328
0.431783241217
0.722300573873
0.506280837727
0.911619338034
0.88336403871
0.630618554518
0.663545306313
0.430275501345
0.222253986405
0.528263769773
0.212578616352
0.37923681257
0.297228045656
