0.269375092646
0.216193380344
0.245280901256
0.599548948606
0.124193719162
0.458712915317
0.599764945048
0.435391652373
0.212438853948
0.101264214472
0.243627046143
0.458314804227
0.121688583953
0.427787307033
0.453518412638
0.319246977109
0.257183999322
0.417281833005
0.0303623234441
0.669034157084
0.066260085128
0.267761472164
0.324973000445
0.0942718590517
0.223924782415
0.136444105626
0.0947822035872
0.166755606378
0.0636660102069
0.696976049806
0.295171844228
0.655697435572
0.300595049023
0.408072337632
0.179260106304
0.631399953413
0.249634711899
0.277199669652
0.479656099782
0.0939796285708
0.150202231963
0.356544480444
0.304667217246
0.119344387269
0.449778709527
0.141354848273
0.247212163564
0.479037757025
0.137619380387
0.224009486903
0.0264214471762
0.0285369417445
0.244446562057
0.624513478602
0.509783368274
0.486904686276
0.624907354467
0.255286618809
0.308703386062
0.305243207759
0.421857992927
0.3123435614
0.470173432438
0.0166126675561
0.246358765856
0.100696694407
0.0
0.777123435614
0.66843699045
0.599764945048
0.248808843148
0.234489549584
0.181644537619
0.249026957203
0.712121212121
0.67118565106
0.485291065794
0.50311712513
0.255286618809
0.502344196684
0.168712280033
0.109940071575
0.417127247316
0.482646168181
0.294193507401
0.44593524342
0.0604578277534
0.209048556847
0.324041251085
0.206645067022
0.534332846283
0.722330220443
0.679573512907
0.333820384135
0.222897740508
0.05307371408
0.267733943206
0.0303623234441
0.0754484043792
0.235654236283
