0.778554941448
0.414008004574
0.47242868941
0.721758465155
0.16093005527
0.687614086356
0.586919509561
0.583436037524
0.357448700845
0.234288376427
0.465480803846
0.566524786651
0.571558350804
0.667534887661
0.494566207145
0.491413082608
0.556576244627
0.715289159943
0.0882070177668
0.778806937298
0.515896914639
0.867105012388
0.769910848527
0.380403616882
0.460661118523
0.323823137031
0.471276708384
0.485409652076
0.197846388412
0.937346208415
0.403887935963
0.805255913432
0.585922114224
0.477801071512
0.541282849459
0.690523685492
0.478734938483
0.39744615971
0.86159075027
0.379641276497
0.18982275586
0.446797111577
0.543089172649
0.35211231815
0.522654215107
0.469423797726
0.516983249688
0.6752260551
0.41146898757
0.271676937086
0.0769730851492
0.0785803527942
0.488819007687
0.976498740021
0.568076996379
0.867160070305
0.866598903077
0.472363043432
0.508906676831
0.633168159583
0.393545518074
0.510829468691
0.518736632573
0.304184401669
0.383069690617
0.292675179468
0.0
0.816949367893
0.905546026301
0.586919509561
0.458909853249
0.581375600872
0.360515003282
0.398348262499
0.834705546026
0.798468966393
0.598538847595
0.858645151727
0.472363043432
0.858204688393
0.339811108993
0.176797323338
0.584147555217
0.878728585647
0.576043453402
0.68728797408
0.264087415031
0.470264489761
0.718039938166
0.584590136162
0.640751328802
0.884994600089
0.745058551977
0.806979649747
0.47766342672
0.389227706838
0.373966075853
0.0882070177668
0.410763822714
0.386421870699
