0.612972492218
0.341937191623
0.573978781526
0.469980729729
0.14578065773
0.465173750079
0.112972492218
0.466113969888
0.376181098194
0.362755436969
0.439421468352
0.276384388963
0.597304279694
0.597693920335
0.424515596214
0.342189187472
0.422671156004
0.465444804439
0.212290621096
0.490286512928
0.409537725261
0.813196959109
0.917408889736
0.354196048536
0.39929059992
0.424401245156
0.585915761387
0.487925375347
0.3286682337
0.494710204773
0.450007411643
0.455146856405
0.442945175021
0.249948118502
0.721864345764
0.286284225907
0.415706329543
0.391758253393
0.779956800712
0.343845160197
0.460063951888
0.364959871249
0.297628274358
0.302805836139
0.242218834043
0.724778180124
0.410202655486
0.595315841857
0.504993329522
0.215604684158
0.205236854922
0.258374097368
0.602352667133
0.508716091735
0.277513076255
0.626084746839
0.481206191898
0.389388645363
0.551233509095
0.744753615823
0.426612032272
0.6271731995
0.448641551786
0.539180060564
0.373625140292
0.370467780531
0.0
0.552677720602
0.482891811194
0.114816932427
0.56475658048
0.432556169663
0.664608347627
0.315879973742
0.479704804862
0.631891239438
0.441833428626
0.931906062724
0.389388645363
0.602299726828
0.32893081761
0.200353641234
0.271842110836
0.51130381382
0.393697986151
0.279975859221
0.373318086526
0.402611015819
0.756533892383
0.589562289562
0.477860364653
0.666393494695
0.337852317727
0.603383944264
0.409565254219
0.392412595557
0.565002223493
0.212290621096
0.536219638735
0.371014124473
