0.633659445609
0.297632509582
0.313891535904
0.59905766258
0.199673887724
0.622611862863
0.59849437774
0.523664316117
0.204692628592
0.240336276814
0.322478453296
0.520610719353
0.340391334731
0.507396819347
0.519439679817
0.446841581433
0.340931325837
0.508411155581
0.0177837070919
0.73766173263
0.241932956398
0.451460093598
0.468049467421
0.251906909769
0.303953581941
0.206664125532
0.252878893759
0.387152446901
0.137333502742
0.880882197234
0.422635156597
0.723033267687
0.532786989391
0.403566058912
0.273997840036
0.704245812422
0.327198610846
0.339609935836
0.641420494251
0.246786523516
0.0598860724647
0.417730766787
0.48435508121
0.295601719501
0.521146475235
0.269449209072
0.325724752769
0.543798572729
0.204658746797
0.214357410584
0.0138385955996
0.015602566546
0.174946530292
0.901391271203
0.525847574275
0.728761408636
0.712496029477
0.330021387883
0.388901594562
0.486299049192
0.412053448531
0.361251932321
0.454752980539
0.00941278614235
0.235095186668
0.246320648836
0.0
0.782927810601
0.827702602545
0.59849437774
0.227196493234
0.41778158948
0.169231095017
0.346132181352
0.790299218601
0.733612858141
0.626027571311
0.559485843763
0.330021387883
0.655472968681
0.316652902187
0.126851322449
0.50813798361
0.737547381573
0.451405035682
0.624466891134
0.111606632361
0.320329076933
0.492438006903
0.323602905364
0.604014992694
0.834152849247
0.77158376215
0.650001058806
0.227831776888
0.240473921606
0.317561357813
0.0177837070919
0.235861762277
0.325294877496
