0.19
1.4
77.3
2.8
0.1
4.6
4.7
12161.2
0.28
503.4
1.2
859.2
7115.4
1005.6
0.28
1304.7
12270.3
1.11
3.9
1.9
2.0
2053.9
3.3
254.6
0.19
1.7
3604.2
5003.6
1050.3
402.8
2.1
622.6
402.8
402.2
0.28
54.8
50.4
2.0
0.82
2.0
0.19
50.1
2.2
0.1
0.91
2.9
5004.3
50.6
0.46
1320.3
2.0
2006.7
1.7
0.1
1005.5
0.37
2.9
1.4
0.46
2.5
7.9
903.1
2.4
122.4
2.4
1.4
1.9
3007.3
2.1
1.7
402.2
3.2
302.6
0.19
0.19
2.7
1.8
3002.8
250.5
127.4
1.1
0.37
8011.4
1002.9
0.37
0.82
0.19
1.8
2.4
1603.3
0.19
1008.5
5.0
0.1
2.3
50.5
0.73
3002.0
0.28
1.3
2566.3
1.5
2.1
0.19
2.1
2.6
0.37
5.5
2.0
0.1
2.3
6.1
1.9
1.0
0.82
401.9
4.0
4.0
2.0
202.3
0.1
1.0
1.0
1603.3
0.1
3.0
2.4
2.2
1.0
128.0
50.1
2.2
602.6
1.6
1.2
1.5
0.1
0.19
127.2
0.37
4404.3
302.8
8013.3
3.3
1103.6
3.0
2.0
1703.5
0.28
2002.5
73.4
0.1
2.2
3.5
1.8
3.0
2.6
1052.9
252.8
2.0
0.1
1.0
1.9
1.8
5506.0
0.37
0.19
1.9
0.55
1.9
9.4
2.4
1.9
0.1
0.55
1.8
1.6
0.19
0.37
0.1
2.4
2007.9
0.28
2.7
0.1
5.0
0.46
2.6
1.9
2520.4
0.1
2.9
903.3
0.55
3.0
2.8
1.8
1.9
1.9
602.8
0.73
0.55
1.7
0.19
0.73
0.1
2.0
0.19
2.0
10251.6
2.3
203.9
0.19
0.37
0.19
10252.6
2.1
100.7
0.55
623.4
0.37
78619.6
2.8
2006.9
1.3
393.3
0.19
20138.7
1.2
5.0
1.9
1.8
0.28
1.5
11.7
1.6
1.8
203.9
1.8
0.19
2.0
3.0
2.2
2.2
0.1
2.8
2.1
10252.1
0.19
1603.3
0.1
0.28
0.91
6.0
111439.7
0.37
452.3
3504.1
3204.2
12.4
1932.6
2604.5
2.9
853.1
1.4
2.0
2.4
2.5
1052.8
20089.7
603.9
507.4
0.19
0.19
5507.2
2.8
1.8
1.7
1451.6
1.9
0.28
1.1
1001.9
2.1
1.6
505.1
0.1
0.1
0.19
0.28
0.37
0.19
0.1
