0.19
0.28
0.28
0.19
0.37
0.19
0.46
0.37
0.37
0.19
0.19
53.5
0.19
0.37
0.19
0.28
0.1
0.1
0.1
0.19
0.73
0.1
0.28
0.55
0.1
0.28
0.37
0.28
0.37
0.1
0.28
0.19
0.1
0.37
0.19
0.28
0.73
0.28
0.91
0.37
0.37
0.55
0.1
0.37
0.19
0.19
0.28
0.28
0.19
0.64
0.28
0.1
0.19
0.55
4.5
0.46
0.37
0.28
0.28
0.19
1.3
0.28
0.19
0.1
0.46
0.19
0.28
0.28
0.1
1.1
0.19
0.1
0.19
0.46
0.28
0.28
0.73
0.46
0.19
0.55
0.1
0.37
0.55
0.19
0.73
0.19
0.28
0.55
0.73
0.19
0.28
2.1
0.19
0.55
0.28
0.28
0.1
0.1
0.37
0.28
0.1
0.28
0.28
0.37
1.2
0.46
0.28
0.1
1.1
0.28
0.64
0.28
0.28
0.55
0.37
0.37
0.37
0.37
0.1
0.37
0.1
0.19
0.37
0.28
0.64
0.28
0.73
0.64
0.28
0.37
0.64
0.46
0.28
0.19
0.1
0.1
4.8
0.19
0.1
0.19
0.1
26.9
0.1
0.19
0.28
0.37
0.83
0.91
0.19
0.64
0.28
0.1
0.28
0.19
0.19
0.64
0.46
0.1
6.7
0.28
0.37
0.74
0.64
0.19
0.19
0.19
0.19
0.28
1.8
0.55
0.19
0.28
0.37
0.19
0.28
0.19
0.64
0.1
0.1
0.28
0.28
0.64
0.55
0.1
0.1
0.55
0.19
2.1
0.19
0.55
0.19
0.1
0.37
0.92
0.28
0.37
0.1
0.37
0.46
0.19
0.28
0.28
0.28
0.46
0.64
0.46
0.19
0.19
0.37
0.19
10.5
0.91
0.28
0.55
0.28
0.1
0.28
0.19
0.19
0.28
0.73
1.5
0.28
0.55
0.19
0.19
0.19
0.19
0.19
0.55
0.28
1.0
0.1
0.28
0.28
0.28
0.28
0.19
0.1
0.28
0.55
0.19
0.1
0.19
0.1
0.19
0.64
0.19
0.28
0.19
0.28
0.19
1.3
0.91
0.19
0.55
0.37
0.55
0.19
0.37
0.19
0.37
0.19
0.1
0.28
0.28
0.55
0.37
0.28
0.28
0.64
0.28
0.19
0.83
0.1
0.37
0.19
2.9
0.1
0.19
0.28
0.19
0.19
0.37
0.28
0.19
0.46
0.46
0.1
0.46
0.19
0.37
0.19
0.1
0.28
0.83
0.1
0.28
0.19
0.37
0.1
0.55
0.37
1.7
0.55
0.28
1.8
0.46
0.1
0.19
0.46
0.28
0.28
0.28
0.19
1.9
0.82
0.28
0.73
0.1
0.19
0.19
0.28
0.28
0.55
0.37
0.19
0.19
0.55
0.19
0.46
0.28
0.37
0.73
0.37
0.1
0.19
0.46
0.28
0.55
0.46
0.37
0.28
0.28
0.73
0.73
0.46
0.19
0.37
0.65
0.37
0.28
0.37
0.28
0.19
0.28
0.1
1.5
0.46
0.46
0.28
0.1
0.28
0.55
0.28
0.28
0.37
0.19
0.1
0.28
0.64
0.1
0.19
0.1
0.19
0.46
0.55
0.19
0.64
0.28
0.1
0.55
0.1
0.1
0.19
0.1
0.64
0.55
0.1
0.46
0.28
0.28
0.19
0.28
0.19
0.37
0.37
0.37
0.19
0.19
0.28
0.37
0.46
0.55
0.28
0.19
8.6
0.19
0.64
1.6
0.19
0.64
0.19
0.28
0.37
0.1
0.46
0.28
0.46
0.1
0.1
0.1
0.28
0.28
1.1
0.46
0.19
0.73
0.19
0.1
0.55
0.91
0.28
0.55
0.37
0.37
0.19
3.8
0.19
0.28
0.37
0.28
0.28
0.1
0.19
0.1
0.28
0.46
0.28
0.28
0.1
0.46
3.2
0.55
0.1
0.55
0.19
0.1
0.1
0.1
0.37
0.1
0.28
1.7
0.1
0.28
2.0
0.46
0.19
0.19
0.46
0.28
0.19
0.46
0.28
0.19
0.19
0.19
0.28
0.19
0.37
0.28
0.55
0.1
0.37
0.28
0.91
0.1
0.37
0.28
0.37
0.28
0.19
0.1
0.19
0.1
0.37
1.1
0.28
0.1
0.64
0.55
0.28
0.46
0.37
0.28
0.19
0.1
0.55
3.6
0.19
0.28
0.82
0.28
0.1
0.37
0.19
0.37
0.55
0.1
0.91
0.37
0.46
0.1
0.19
0.19
0.28
0.19
0.64
0.19
0.19
3.8
0.28
