0.997296754064
0.9979879936
0.99939606832
0.998013746276
0.999410829001
0.999357753362
0.99753025547
0.995717518258
0.997488642912
0.997691680786
0.996367773351
0.99809916979
0.998517964848
0.995808280742
0.99724838928
0.99936638993
0.999916774885
0.996877644949
0.999517294336
0.999667413599
0.997859073186
0.998184122218
0.99841385494
0.998002283195
0.997321407541
0.996642416229
0.998825112629
0.999973305152
0.999501434456
0.996759716532
0.997370714495
0.999919915456
0.995640260228
0.997435096188
0.998638719778
0.999080912084
0.99890441203
0.998777061902
0.999970164582
0.999022811533
0.999885369182
0.997750880537
0.998148790802
0.99577671801
0.995345831757
0.999495153315
0.999941899448
0.997177255361
0.997590868478
0.999387745809
0.998544816724
0.99995446173
0.999413969571
0.997864569184
0.999557179579
0.997156370568
0.996013517015
0.998101368189
0.998950735443
0.997968365035
0.99742316202
0.999254585625
0.998469128979
0.999096771965
0.995681715756
0.998223850433
0.996201323122
0.998189775245
0.99823484243
0.998101368189
0.999361365018
0.999674950968
0.998243636027
0.997145378572
0.993909177846
0.997677862277
0.997627299094
0.999365761816
0.998882428038
0.999316297833
0.999919915456
0.998765127735
0.998147063488
0.999926196597
0.998795120182
0.998239867342
0.997346532104
0.995846752729
0.999244064715
0.997554437861
0.999507715596
0.999284892129
0.99853884964
0.998636521379
0.997714763978
0.999501120398
0.995810793198
0.997870850325
0.996907323339
0.999979586293
