0.799537865072
0.99847321172
0.998987166059
0.998125550581
0.999627842412
0.999358695533
0.799595494538
0.996701301923
0.997606100244
0.998867510329
0.798327489255
0.800720917926
0.99849441057
0.798916189169
0.799285363215
0.999162252857
0.999916774885
0.798991562858
0.998908808829
0.99947552475
0.800234914663
0.800276684249
0.998496923026
0.998050176893
0.997943554529
0.799500335256
0.99869148136
0.99995446173
0.999253329397
0.601520507139
0.998019556332
0.999960742871
0.600320338177
0.800488672748
0.998336910966
0.998912263456
0.998840972509
0.998938801276
0.999967024011
0.999129904982
0.99995446173
0.800711182158
0.800385819069
0.798127591952
0.798368630727
0.999256469968
0.999976445722
0.799603660021
0.998609355445
0.99916507937
0.800624188359
0.999951321159
0.999621561272
0.799861343819
0.999582618199
0.799392456664
0.996768824186
0.800258940026
0.99895528927
0.997280580126
0.79964715692
0.999401878375
0.998851650448
0.999171517539
0.600738976205
0.998404119172
0.996633622632
0.998238140029
0.998260438078
0.80029034573
0.999416953113
0.999151731946
0.998936445848
0.799678876681
0.59998837989
0.998294670295
0.800696264449
0.999451813444
0.998989521487
0.999451028301
0.999913634315
0.998486873201
0.998935974762
0.9999576023
0.998979471662
0.80045773813
0.99736490444
0.996706012779
0.999369373472
0.998705927984
0.999243907686
0.99943846602
0.998873634441
0.998967851552
0.800216542326
0.999449300988
0.600375926272
0.799855062678
0.79948934326
0.999967024011
