0.997523503243
0.997580347567
0.999505360168
0.997998671539
0.999389473122
0.999324149259
0.997880115008
0.995928564587
0.997651952571
0.997518321302
0.996753435391
0.998113930471
0.998635736236
0.995762742472
0.997431798589
0.999376439755
0.999894790893
0.99714239503
0.999640404694
0.999687513249
0.997971505605
0.998321365143
0.998489228629
0.998174072393
0.997542189637
0.996681673359
0.998940999675
0.999992148574
0.999533468273
0.996924596476
0.997419393336
0.999932477737
0.996051674945
0.997434311045
0.998798260752
0.999204022443
0.998920114882
0.998837988967
0.999982726863
0.998953718985
0.999828838915
0.997612067328
0.998247404711
0.996201009065
0.995158339706
0.99950520314
0.999907353174
0.997413112195
0.997465245663
0.999375183527
0.998582189511
0.999941899448
0.999376910841
0.998133402007
0.999574452716
0.997468543262
0.995794305204
0.998309273947
0.998994389371
0.998050019864
0.997551297291
0.999165707484
0.998532254443
0.999142310235
0.995879257632
0.998317753487
0.996461362348
0.99823060266
0.998329059541
0.998318695658
0.999353513592
0.999722059523
0.99778134407
0.997368987182
0.994385602369
0.997651167429
0.997455509895
0.999405961117
0.998907552601
0.999306876122
0.999891650323
0.998915875112
0.998001969138
0.999916774885
0.998864840844
0.998319637829
0.997609083786
0.995547142317
0.999228361863
0.997411227853
0.999536608844
0.999278610989
0.998651282059
0.998726027634
0.997762186591
0.999583089285
0.996235398311
0.998127120866
0.997054930146
0.999976445722
