0.799890708152
0.998854162905
0.999621561272
0.998298910065
0.999635379781
0.999467987381
0.799998429715
0.996585728934
0.997852635017
0.998785855499
0.798856361304
0.800447688305
0.99873277986
0.798871907127
0.997394425802
0.99917355891
0.999897931463
0.799473954465
0.999634751667
0.999772308649
0.800082597
0.99824222277
0.998679390164
0.998428301564
0.998049077693
0.99786818084
0.998863584616
0.999976445722
0.999305462865
0.799020613134
0.998065722716
0.999941899448
0.60042272077
0.998456409669
0.998550155694
0.999290388127
0.999152831146
0.998892006777
0.999973305152
0.999120483271
0.999951321159
0.998590669051
0.998553296264
0.798697605472
0.798639033835
0.999311744006
0.999963883441
0.799751580885
0.800250617515
0.999435796535
0.998431756191
0.999963883441
0.999632239211
0.800354727422
0.999687513249
0.799879559127
0.996995887423
0.800439522822
0.999020613134
0.998008250278
0.997492725654
0.999498921999
0.998854162905
0.999293371669
0.798957958755
0.99872539952
0.997370400438
0.998922784367
0.998490955943
0.800461506814
0.999678248567
0.999656421603
0.998995488571
0.799761159624
0.599582932256
0.998070747628
0.998559734433
0.999366075873
0.999130533096
0.999444433103
0.999885369182
0.998563189061
0.800560277752
0.999926196597
0.998992348
0.998556436834
0.997470741661
0.997399764771
0.999359637704
0.99851136965
0.999314884576
0.999425589681
0.998882428038
0.999020613134
0.800174458683
0.999784085788
0.600571583805
0.800307618867
0.799251288026
0.999989008004
