0.701049578614
0.602218969987
0.801096530141
0.801072033692
0.801645030754
0.99947866532
0.800989279663
0.800430258139
0.404294572937
0.999717819753
0.600950022534
0.999692381133
0.999325405487
0.602001642518
0.60251952257
0.601725272327
0.999951635216
0.201914805748
0.999565816148
0.999804656524
0.800537979702
0.801324692577
0.801388289127
0.404429146377
0.602003683889
0.999359637704
0.5036077302
0.999963883441
0.801682246513
0.799838731712
0.602612326425
0.999985867433
0.601628071674
0.801361437251
0.800489771947
0.601802216301
0.999539435357
0.602529415367
0.999979586293
0.801326419891
0.801631997387
0.801145523038
0.799925411454
0.602378825018
0.601335841602
0.801682246513
0.999629883783
0.60218473777
0.602756164547
0.602542134677
0.999462491383
0.999905625861
0.801613939107
0.800595923226
0.999754721455
0.80055729421
0.60191669009
0.800669098515
0.801680205142
0.801118985219
0.800406389804
0.801278997279
0.601018958053
0.801177870913
0.60162320379
0.403717022048
0.402510100859
0.801029164907
0.801506060516
0.601345734399
0.800501706115
0.602671683204
0.800954262304
0.602289946877
0.800498094459
0.801425504886
0.801064967409
0.601628385731
0.800197384847
0.99979554887
0.999882856726
0.204615225171
0.801063397124
0.800613196363
0.801064339295
0.999397010491
0.800403406263
0.403012749145
0.999711695641
0.799666314399
0.801446703736
0.999792408299
0.601040942045
0.800997916232
0.801050206728
0.999943940819
0.402991550295
0.800512541083
0.80064208961
0.999982726863
