0.997617406297
0.997849808504
0.999492797887
0.998140625319
0.999422449111
0.999330430399
0.997587727907
0.996090618017
0.997660432111
0.99770612741
0.996673978961
0.998103252532
0.998523303817
0.996148090455
0.997405731855
0.999397481577
0.999941899448
0.996952076467
0.999539906442
0.999725200094
0.997855304502
0.998344919421
0.998555180606
0.998125393553
0.997431327503
0.997032789125
0.998938487219
0.999916774885
0.999494839258
0.996908893624
0.997656192341
0.9999576023
0.996021525469
0.997708953923
0.998695564101
0.999247048256
0.998979157605
0.998886981865
0.99995446173
0.999106978818
0.999891650323
0.997998043425
0.998323720571
0.996144478799
0.995393254369
0.999504260969
0.999979586293
0.99745079904
0.997772079387
0.999344091881
0.998539477755
0.999970164582
0.999419308541
0.998112046129
0.999640404694
0.997411384882
0.996014145129
0.998278496358
0.999004439196
0.997975902404
0.997489742112
0.999119227043
0.998599462648
0.999099912535
0.996069262139
0.998422648537
0.996499677306
0.998138898005
0.998395011518
0.998306761491
0.99940030809
0.999656107546
0.998041383296
0.997336639307
0.994259351441
0.997895503802
0.997925653278
0.999464689782
0.998995488571
0.999431556765
0.999904212604
0.998892006777
0.99833549771
0.999948180589
0.998957487669
0.99831429886
0.99749947788
0.995597391442
0.999359323647
0.997703929011
0.999479136406
0.999418994484
0.99856428826
0.998752408425
0.997845725762
0.999560477178
0.996230373398
0.998102624418
0.997026036899
0.999967024011
