0.997376210494
0.997960042523
0.999706356671
0.998140939376
0.998933148249
0.999601775678
0.997901156829
0.995801685544
0.997478907144
0.998061325917
0.997523189186
0.998165435825
0.998380721923
0.995425759272
0.996857074213
0.999421349911
0.999913634315
0.997271786529
0.999722059523
0.999847682338
0.99813732772
0.998573238886
0.998520634332
0.997609397843
0.997400863971
0.996687954499
0.999009150052
0.999973305152
0.999537551015
0.997015044902
0.997628869379
0.999932477737
0.997495709196
0.997528371127
0.998999885369
0.999027522388
0.999029406731
0.998933148249
0.999979586293
0.999141211035
0.999916774885
0.998054573691
0.997705970381
0.996889422088
0.996034872893
0.999543832155
0.999945040019
0.997988464685
0.997045665463
0.999414440657
0.998530684158
0.999935618308
0.998923726538
0.997938372588
0.99960271785
0.996788609779
0.996089832875
0.998001183995
0.999153616288
0.998114401556
0.99741468248
0.998978529491
0.998346332677
0.99926887522
0.996900571113
0.998326547084
0.995180951813
0.997731251973
0.998303934978
0.997976059432
0.999400936204
0.99969065382
0.998079384197
0.997565586886
0.99399460136
0.997661845368
0.99784274222
0.9993717289
0.99868300182
0.999477095035
0.999923056026
0.998775805674
0.998057557233
0.999941899448
0.999051076666
0.997815890344
0.997534024154
0.995726468884
0.999373456213
0.997879172837
0.999537551015
0.999470813895
0.998686456447
0.998584073854
0.998011547877
0.999606015448
0.996643044343
0.99796035658
0.997005937248
0.999985867433
