0.60541079087
0.755342811804
0.697916656268
0.691499755269
0.936391825609
0.757498709795
0.737673512155
0.71729087287
0.643682888142
0.419338014339
0.835372572194
0.951437459426
0.228370379096
0.82538914937
0.768469492772
0.905344658519
0.436722936563
0.746940259944
0.735273515083
0.694277313992
0.827808195886
0.926093196869
0.773771726765
0.779122308081
0.796492306853
0.737720811343
0.843563783363
0.751516834884
0.739616122917
0.765002394074
0.901201013397
0.939085300584
0.441284271947
0.836976052935
0.629701910302
0.848677319715
0.83421037308
0.595624949881
0.697076035067
0.662247461766
0.670830542465
0.825366789149
0.736879441474
0.848028490648
0.592674082807
0.822664230334
0.834468314202
0.765011028713
0.738797346188
0.914568382847
0.738384147934
0.926488343903
0.503686341998
0.598721790601
0.87263444998
0.840415667195
0.719400602994
0.777374367667
0.679422074796
0.771022800438
0.866188450746
0.962301232774
0.70890444233
0.672000877106
0.498022800771
0.588072236159
0.730298881623
0.681255047271
0.573866907438
0.884012508414
0.764906431458
0.404103716156
0.780923736672
0.861923554663
0.899395558635
0.717121124852
0.702409496838
0.777507613955
0.693894411841
0.796051357968
0.856125303086
0.701951212127
0.855515937148
0.796255112155
0.619915902942
0.456811282728
0.705626540385
0.606487874738
0.574169186351
0.810337642667
0.735958546413
0.827962554615
0.385963138244
0.634232467108
0.681591082797
0.656611321792
0.888718769309
0.809351247464
0.720276245226
0.91438119918
