0.474195556106
0.920825950634
0.884157001361
0.819688956679
0.812628567112
0.769217179305
0.798021802547
0.572582292768
0.866081973502
0.630669006504
0.759825154384
0.918824943758
0.365344468857
0.849952284885
0.724835634074
0.917798453218
0.945345696672
0.579160257236
0.434753340474
0.76976928045
0.709590970996
0.810856386488
0.624907373117
0.94904651292
0.772030590912
0.58816844833
0.787983826772
0.918837870761
0.641794464315
0.850442546044
0.788195034367
0.773229774232
0.279566334824
0.82991394975
0.510252227953
0.662896057913
0.60707110384
0.602555354025
0.641000859471
0.484525861825
0.394370498217
0.709124833588
0.631217048205
0.670791062699
0.86179646409
0.947447590736
0.831240423287
0.844841543561
0.765727420918
0.987698201566
0.892739998875
0.9560296233
0.942182657053
0.43874152882
0.74602142788
0.510650186651
0.535747654922
0.604393500629
0.675191401164
0.731411136255
0.779335162745
0.849218207476
0.715533083311
0.762456489904
0.376303006951
0.761186266299
0.689001150287
0.379078286395
0.30854356766
0.790486957037
0.916062424946
0.483166130787
0.895079104273
0.748778755927
0.83512973753
0.570248561143
0.894944294101
0.925500617734
0.526826874989
0.771331085333
0.824843403585
0.581569986993
0.841766996513
0.898389298771
0.905085802358
0.705269458966
0.803937595018
0.781550554896
0.577625886881
0.812049547189
0.265827143512
0.957545143856
0.417978898872
0.598330935932
0.812311331475
0.936679214344
0.714868432392
0.696246161412
0.764997452865
0.66370094269
