0.83950467119
0.989692154324
0.646072287401
0.637219702815
0.841081000234
0.629358088627
0.986826036481
0.484495016699
0.550508395564
0.798483497857
0.589893961975
0.99889306923
0.50902575984
0.994774246615
0.798677918649
0.907749546889
0.628140504709
0.70731804786
0.537300143046
0.832634160495
0.768975159857
0.917176609478
0.902910422359
0.998319972103
0.797675535223
0.79879389566
0.651287176779
0.952614498807
0.907918346595
0.909118877517
0.992086594615
0.819866607306
0.596452976821
0.677710968853
0.797306092462
0.741049373165
0.732011634635
0.737079485595
0.826613920502
0.802348422157
0.530970320467
0.996371205625
0.864022736884
0.905957268686
0.997111239106
0.954040528566
0.819889766106
0.907426504914
0.988222585354
0.989855363974
0.581133779673
0.997580088356
0.464016448072
0.976772554958
0.996037815393
0.880512900883
0.985577208147
0.808594643463
0.63430074564
0.832706332102
0.908273431565
0.992328098313
0.799077324773
0.752092860135
0.7888017051
0.707726937112
0.745766697711
0.54493725662
0.637668105108
0.99695714657
0.991839767054
0.630516610949
0.905276795913
0.674626722394
0.907784085445
0.794236037423
0.608472710382
0.923143760583
0.85504678843
0.703736136746
0.839779199471
0.550536412389
0.755518382797
0.909010670018
0.79890147095
0.797061610728
0.908488249404
0.773885923609
0.736849677757
0.839505536318
0.95436613265
0.993658880851
0.399881876808
0.920010168577
0.991148297179
0.886483246305
0.995583889594
0.79859418428
0.997251988712
0.971337656975
