0.638646364784
0.813841642385
0.661340142553
0.686253272096
0.87835349247
0.763037456365
0.907285905042
0.892402698932
0.808735393069
0.883944895364
0.777607852297
0.903291960269
0.61570850457
0.785584861199
0.704382204059
0.809084405509
0.851239079012
0.72575701161
0.854375266401
0.848361747784
0.71163200666
0.875559579508
0.701306575602
0.906802631452
0.779069335652
0.615889349514
0.744957137918
0.888788811371
0.776660471022
0.851773328582
0.748044395687
0.848515108289
0.457486148808
0.798513161752
0.870395582925
0.770106114556
0.807462940096
0.670717859594
0.713046823035
0.633439411287
0.828869391353
0.69632803243
0.874851905127
0.750618017214
0.83682116182
0.902006297463
0.874094469272
0.79111360889
0.875443003563
0.892222452923
0.731765073268
0.868355961411
0.826616349514
0.721217287778
0.708642092384
0.662111736554
0.56374987231
0.869184969938
0.736324878042
0.811808609151
0.747433349405
0.787025531579
0.690394887495
0.869931142497
0.533756696836
0.714392163009
0.597055205456
0.613376869216
0.631934887835
0.861277370891
0.893668613537
0.799349740146
0.925026061969
0.661513517452
0.817431955218
0.674016857344
0.71849902357
0.902797190465
0.764857967676
0.781918766514
0.78301504956
0.760672014486
0.729728779169
0.836653310427
0.746551834287
0.725017909805
0.841889328884
0.823051691042
0.627991835857
0.886959249495
0.650118955046
0.859942146255
0.510616230393
0.796414911206
0.829708648315
0.885908784938
0.770744462268
0.651352926477
0.858089941328
0.831505551624
