0.662541455417
0.809458473376
0.725186526503
0.671628073657
0.81599041971
0.749519604623
0.767352746131
0.697700207997
0.615983432141
0.703896950658
0.803718384993
0.940576248188
0.42055268677
0.790843006957
0.736386069183
0.835403284224
0.699366160933
0.744313050417
0.803165202438
0.683066058815
0.819902593287
0.862528528415
0.743101289473
0.846057696691
0.77153387457
0.589607920842
0.751065121815
0.713585631162
0.780298515607
0.769776683946
0.764011224032
0.841200071739
0.418023469581
0.731235032877
0.737720312231
0.749853078041
0.888202820516
0.567837666791
0.668924549892
0.793234569035
0.794043579805
0.757780624935
0.760472253195
0.827298036793
0.763240045958
0.758636602151
0.770653673781
0.821646291248
0.812478933311
0.89866554067
0.691937526474
0.859926623869
0.740955440272
0.688742393948
0.821986219848
0.79541530617
0.783949919759
0.713321201582
0.647192810657
0.790252291174
0.820488916884
0.948041018362
0.672605817584
0.724776223099
0.627726125223
0.605645423458
0.644355974055
0.792652371431
0.566898637324
0.838977791842
0.842677576591
0.599144854637
0.75342916618
0.706444784728
0.879003818873
0.611200890283
0.668161407523
0.846357480043
0.758723131549
0.794784861065
0.670218647692
0.681347100175
0.725869145457
0.806754683418
0.741880977075
0.597305177423
0.760431658746
0.725033066175
0.580868734521
0.858548641966
0.645230984079
0.932508933274
0.444254371473
0.72349909511
0.744280857688
0.821890090862
0.868724039933
0.717951846998
0.830567986219
0.809698513012
