0.373386828166
0.649312706029
0.452668735653
0.56103440313
0.738544978483
0.465664249966
0.803408669311
0.535655468921
0.898633896964
0.594431556261
0.581095913703
0.770553718269
0.225588228541
0.773355949765
0.705879739943
0.750579984874
0.491903936231
0.404742862448
0.408852035562
0.663377335054
0.582058551171
0.834737368887
0.584714626014
0.799803100285
0.808559539246
0.471397450602
0.650318383596
0.623719303359
0.575972262013
0.548300473458
0.534283576185
0.729780403995
0.354210559415
0.65267374341
0.766592132596
0.476213532792
0.746708755125
0.685952041318
0.479545837954
0.454236945807
0.463780251599
0.703245725854
0.496369558555
0.738804699772
0.669623506449
0.70596473873
0.566465674232
0.591299611325
0.580089337735
0.878488585473
0.70395847454
0.661419201906
0.673151064257
0.61792895439
0.743336171617
0.384046963785
0.601579024249
0.475067804376
0.547280621108
0.815919662254
0.624918852694
0.770637186445
0.706404656117
0.772916315209
0.459983040172
0.382621599508
0.400073485935
0.466683203914
0.545810619574
0.797244418846
0.895291509738
0.349939341245
0.584674197935
0.542844230115
0.677142014356
0.503576620525
0.713930866988
0.710982412289
0.481565611444
0.706089150734
0.65318523347
0.732155329003
0.595486695835
0.485526964197
0.750668910009
0.579468858235
0.610989582865
0.727991869131
0.64219107541
0.682673024689
0.463569726124
0.528169569669
0.485974035524
0.374937053648
0.491458778167
0.592965497713
0.670963672294
0.371665257507
0.885508946251
0.794106534475
