0.576010726917
0.906680781556
0.756617311137
0.837455117346
0.926959954907
0.888702098966
0.846244164964
0.865041324816
0.88653056213
0.678345140661
0.847995083413
0.925339803822
0.44182594165
0.705094154166
0.682479635395
0.835881550056
0.730623753676
0.772621073776
0.841219187732
0.858419804501
0.742588534996
0.810009659482
0.850256160956
0.754075915613
0.895797875579
0.741504979308
0.908480380071
0.848430675162
0.807362186004
0.868318744287
0.686769320712
0.924495039991
0.319889333542
0.824609785858
0.802839598355
0.832722719615
0.89245249368
0.657174553137
0.793654338931
0.623192307552
0.879575235656
0.570108011181
0.885533635662
0.908399623736
0.633676955363
0.847583864971
0.869733860129
0.907331008137
0.726222816277
0.903000628548
0.935182260758
0.763343628352
0.712513105851
0.78107844478
0.804156006464
0.728435430037
0.463180135872
0.770689792859
0.754319266026
0.747865414095
0.795789690141
0.906548733137
0.632162998692
0.926542514201
0.386296694847
0.695702661632
0.778311367411
0.888324237848
0.629535672705
0.81832588159
0.882439706429
0.484760926978
0.926803250351
0.862696413081
0.888999070653
0.665075580542
0.885325206458
0.71072603505
0.764129047757
0.886491132276
0.705948035112
0.906062514786
0.910074344408
0.771336309372
0.906070117927
0.747365004324
0.752821214393
0.749036148026
0.600718887765
0.959794825006
0.489962473426
0.938606519003
0.507901410058
0.390921450739
0.726727901064
0.943449336963
0.706324831458
0.754070525202
0.539907155171
0.828852937291
