0.861556407817
0.872783301839
0.722888298384
0.693012014959
0.757671868413
0.739681173858
0.890444216406
0.685109656588
0.649989851388
0.886774461566
0.847703851515
0.998482832375
0.531797515553
0.922619942456
0.762650278488
0.833645594487
0.808486269593
0.738753474236
0.788086377667
0.770422551614
0.904707924602
0.942091718832
0.779119762609
0.975466062541
0.831010299344
0.709493677415
0.752186793029
0.954852534009
0.932581753727
0.927267158392
0.759680994178
0.871139625939
0.507140729975
0.751003864126
0.766758403467
0.742063618822
0.934431346634
0.662189481579
0.846945666992
0.844256101728
0.887429113607
0.934577885941
0.751046072371
0.776139547745
0.962160033966
0.947396664667
0.891359355041
0.949246191026
0.936789019002
0.950589351544
0.752354078761
0.959482813408
0.83254909516
0.881818095608
0.902793097746
0.7799168446
0.850111767832
0.769983033517
0.739820958515
0.85076109601
0.833349471291
0.853730480142
0.779761138268
0.792272763421
0.727612593862
0.738463440207
0.743942193504
0.760874803724
0.613969448351
0.942621958869
0.95359277512
0.760068205329
0.858839441301
0.729108249757
0.88524747807
0.716679344113
0.694982659183
0.965614338758
0.757711863927
0.818182702971
0.862034956479
0.72294157028
0.761035817281
0.870933875303
0.86452113357
0.766401455145
0.943770432401
0.830982598624
0.661813583635
0.770697512459
0.786754413898
0.911341556704
0.479280709618
0.846868221434
0.942455421805
0.959992589849
0.927368295136
0.744945791437
0.941804197
0.877644387302
