0.434827026054
0.891853326266
0.799265806131
0.609722021191
0.924992554911
0.904134012259
0.91923900714
0.791544126333
0.872996955084
0.749887533411
0.862135760482
0.917676070936
0.224646204402
0.658748403257
0.640192963385
0.779229450807
0.774837929989
0.745020175774
0.767851176091
0.625384025153
0.655128160336
0.745703510122
0.875691944032
0.708925588046
0.86941271478
0.745141210453
0.747391856554
0.864162122251
0.621830014404
0.86711278968
0.597969844979
0.833118265938
0.302426267004
0.628056487509
0.648296247642
0.911461293692
0.819830588051
0.619644086503
0.474325458343
0.609045008929
0.892250652755
0.413058668629
0.908827562433
0.882794408747
0.599495796977
0.660645395175
0.776705374472
0.916907471608
0.587928258961
0.906233427399
0.669434792171
0.75661360107
0.617386469471
0.492473040461
0.65915632756
0.723874776772
0.440500133596
0.771889308919
0.593933525591
0.707710932252
0.800883328558
0.922486929086
0.644933097353
0.853262978495
0.334375629089
0.447866562053
0.732225520799
0.708817081079
0.579906097053
0.786603548953
0.841481687411
0.293710256121
0.892582329369
0.773468882192
0.483115637281
0.513655107564
0.762365418587
0.632976185366
0.626078922264
0.738367361131
0.601395267819
0.676020526151
0.758296673551
0.776622272311
0.7714385608
0.713000339063
0.729435683918
0.753794882238
0.474474310202
0.779667820947
0.484446386545
0.841817373559
0.42381506633
0.395454719388
0.778959680728
0.896292462376
0.611756701495
0.758883829002
0.559750204386
0.770067366821
