0.46
0.1
0.64
1.6
0.1
0.73
0.19
6.3
0.19
0.64
0.1
0.19
0.19
0.91
1.3
0.28
0.55
0.28
0.37
0.19
0.1
0.46
0.1
0.1
32.1
0.1
3001.9
0.37
0.1
0.37
4.1
0.1
0.1
1.7
0.1
2000.9
0.46
0.1
0.82
0.1
0.1
0.1
3.8
0.19
0.28
0.1
0.1
0.73
0.1
0.28
2.9
0.19
0.19
0.46
0.1
62.9
0.1
9.8
0.28
0.19
0.37
0.28
0.19
0.19
0.91
0.28
1.6
12.0
469.6
0.1
0.19
0.1
2.6
0.1
0.1
0.1
1.5
0.37
0.92
0.46
0.28
0.28
0.19
0.1
0.46
121.7
0.46
0.19
0.1
0.19
0.1
0.1
0.19
0.1
0.28
0.91
0.1
0.82
0.1
0.55
8.1
0.64
0.19
0.19
0.28
0.19
0.1
0.1
1.4
4.0
0.37
0.91
0.1
0.55
1.5
0.19
0.1
0.28
0.19
0.55
0.19
3.4
0.19
0.28
2.6
0.19
0.19
0.73
0.19
0.1
0.1
0.1
0.46
0.1
0.1
0.46
0.73
0.55
0.1
0.19
0.19
6.3
1.3
0.28
0.37
0.1
0.64
0.1
0.19
1.1
0.19
0.91
0.28
6.4
0.1
0.55
0.19
0.1
0.19
0.1
0.1
0.64
0.28
501.0
0.82
0.1
0.19
18.3
0.19
0.1
0.19
25.0
0.1
0.19
9.6
0.19
0.1
3.0
3001.8
0.64
287.7
1.3
0.1
0.55
0.1
0.19
0.19
0.64
2.4
1.3
1.2
0.19
2105.9
0.1
0.1
0.1
0.56
0.55
0.1
0.1
0.1
0.1
0.19
1.5
0.28
0.73
0.28
0.91
0.1
0.19
0.46
0.28
2.1
0.1
0.1
0.19
0.28
2.7
0.1
1.9
0.37
0.46
0.1
1.5
0.91
0.28
0.1
0.46
0.1
0.1
0.19
0.1
0.46
0.28
0.1
1.3
0.28
0.1
0.19
0.19
0.19
0.28
0.28
0.28
1.11
0.46
0.55
0.1
0.1
0.19
0.28
0.28
3.1
0.1
0.28
0.19
0.1
0.73
0.46
0.1
2.0
0.19
0.37
0.55
0.37
0.82
0.1
0.46
0.1
0.55
0.37
0.28
0.28
0.64
0.64
0.19
0.28
0.1
17.5
1.5
1.4
0.19
0.19
0.19
0.1
0.1
0.19
0.19
0.19
26.6
0.19
0.55
4.8
0.1
0.19
3.9
1.4
0.28
1.3
3.0
0.37
3001.9
0.1
0.19
0.1
0.37
0.73
0.19
0.1
0.1
0.28
0.1
0.37
0.1
0.19
0.55
0.19
0.37
0.1
0.19
0.1
0.1
0.91
0.19
0.37
0.46
0.37
0.28
7.7
0.19
0.1
0.1
0.1
0.19
0.19
2000.8
0.28
3.2
0.37
0.1
0.1
0.37
0.1
0.1
0.1
0.19
117.1
0.19
0.55
0.82
0.19
2.0
0.28
1.8
1.4
1.0
0.19
0.1
0.28
0.1
0.37
0.1
0.55
25.2
0.64
0.28
0.19
0.1
0.19
56.5
0.1
0.82
0.28
0.1
1.5
6.0
0.1
0.1
0.37
0.1
336.0
0.37
116.2
0.1
0.1
0.19
0.46
0.19
0.1
3.1
371.8
0.55
0.1
1.2
1.0
1.2
0.73
0.19
0.1
0.28
7.9
0.1
0.28
0.1
0.1
0.1
0.28
38.7
0.19
24.8
1.7
0.1
0.37
0.1
0.19
2.5
0.1
5.0
0.19
0.19
0.46
0.1
0.1
2.4
0.73
0.19
0.1
0.1
0.19
0.55
0.1
1.4
0.19
0.28
0.28
0.37
0.73
0.83
0.1
0.37
7.5
0.19
0.1
0.19
0.73
44.7
0.19
1.01
4.4
0.28
0.19
0.1
0.55
13.8
0.19
0.37
0.37
0.91
1.1
0.19
0.19
0.1
0.19
0.28
0.1
0.1
0.46
0.1
0.19
0.1
1.01
0.19
0.28
0.1
0.19
0.19
0.19
0.19
0.19
0.55
0.1
0.1
0.1
1.1
0.1
0.19
0.19
0.19
4507.0
0.1
0.46
0.1
1.1
0.64
0.28
0.19
0.64
0.28
3001.9
0.19
0.55
0.19
3.5
0.37
0.1
0.1
0.1
0.1
20112.1
0.28
0.28
1.1
4.1
0.64
0.1
0.46
0.91
0.1
0.37
1002.7
0.82
0.19
6.3
0.1
9.7
0.55
0.1
0.28
0.55
6.3
0.19
3.8
0.55
0.73
0.28
0.1
0.1
0.28
0.1
0.46
0.1
0.19
0.1
0.37
0.19
3.0
3.0
79.8
0.1
5.4
0.1
0.1
2.9
0.28
32.1
1.12
0.1
0.1
0.55
1.4
2.8
0.28
0.46
0.28
0.1
1067.9
0.1
0.1
2.3
0.28
0.1
0.1
36.0
0.1
2.1
0.19
0.28
48.4
0.37
0.1
0.19
0.1
0.64
0.82
0.19
0.19
0.19
0.28
0.19
0.1
0.19
0.19
1.3
0.82
0.46
0.64
1.2
0.46
0.73
0.19
0.46
135.3
0.19
0.1
3.8
0.28
2.3
0.1
116.8
3.6
33.9
0.1
0.19
0.28
0.46
0.19
0.19
0.1
0.37
0.19
0.19
2000.6
20.1
1.0
0.46
0.1
3.0
2858.2
0.28
0.37
0.1
0.1
0.1
0.1
0.1
1.8
0.1
0.1
0.19
0.1
0.28
1.3
0.1
419.6
0.46
0.46
0.93
1.2
0.1
190.4
124.1
1.1
0.28
0.19
17.7
3.3
4.0
0.1
0.37
0.55
0.28
2.1
0.19
0.19
0.1
1.9
0.37
0.19
0.1
108.4
0.19
0.1
0.1
0.82
0.19
0.19
3.7
28.0
0.1
1.5
0.1
0.1
0.19
4.9
4781.3
0.1
0.1
0.1
0.19
0.19
6.2
0.82
0.19
0.19
0.19
0.19
3.2
0.64
0.82
0.1
0.19
1.9
0.19
0.19
1.8
0.28
0.1
0.28
0.19
0.1
0.1
0.64
0.46
50.8
0.28
0.19
0.19
0.1
0.1
0.1
0.19
0.19
0.1
0.19
0.1
11.3
0.82
0.28
0.19
0.28
0.1
0.1
0.1
21.4
0.1
0.74
0.19
0.1
1002.8
