3.8
1.01
1.7
3.7
12.3
5.5
2.2
2.1
2.2
2.4
1.6
1.3
2.3
2.1
2.1
2.2
1.3
3.5
2.0
0.1
4.0
2.0
2.2
0.28
3.2
2.7
1.4
2.2
2.3
1.2
2.1
2.2
4.3
2.8
1.6
5.8
1.9
1.9
3.3
2.7
1.3
140.1
1.2
2.2
1.7
2.1
3.7
2.1
2.3
5.6
2.3
1.3
2.4
2.2
2.5
5.1
0.1
2.7
2.6
6.4
5.4
7.2
1.6
5.5
1.4
1.7
2.5
3.1
1.4
2.0
1.9
1.8
2.0
3.2
2.0
7.5
2.4
1.6
2.9
3.0
5.1
4.0
2.0
4.6
2.5
3.5
1.9
2.0
12.5
0.73
2.2
1.01
2.1
1.6
1.01
7.6
2.2
5.6
2.2
3.4
1.6
1.7
2.5
2.4
2.0
0.1
3.3
5.6
3.8
2.1
2.6
6.3
2.5
2.1
2.1
2.1
1.6
1.3
2.3
1.1
2.2
0.1
3.1
1.4
2.2
0.1
2.2
1.7
5.3
0.28
2.5
3.5
1.3
3.5
2.1
2.2
2.5
1.3
2.4
7.9
1.9
2.2
1.7
31.8
3.1
3.3
2.1
2.3
2.4
17.8
1.7
1.8
4.1
2.5
2.7
3.6
2.7
1.01
1.3
3.3
1.2
1.1
1.4
0.1
2.9
6.1
2.0
0.19
2.4
3.0
2.0
3.3
2.3
16.8
3.0
7.6
2.8
1.2
3.0
17.0
2.2
2.8
2.8
4.1
0.19
1.2
2.5
2.9
1.5
2.1
1.5
2.8
0.91
3.1
2.0
2.8
2.3
1.7
2.0
5.1
2.1
2.0
2.0
1.3
2.1
2.6
4.7
2.5
1.3
9.9
3.3
1.5
2.1
6.2
1.3
2.7
3.6
1.5
5.3
3.2
2.4
1.9
2.5
7.1
0.19
2.3
108.1
2.9
2.4
2.1
6.3
2.0
3.2
9.3
2.1
2.1
3.9
18.3
2.4
3.8
2.5
7.1
0.19
1.4
2.0
3.5
1.1
3.4
2.5
2.0
6.5
1.7
6.7
25.6
5.1
1.8
2.1
1.01
4.5
1.1
2.0
2.3
1.4
1.0
1.9
2.1
0.37
1.7
5.5
2.1
1.7
3.3
2.4
1.5
2.4
2.0
283.9
2.4
3.8
2.0
3.7
0.1
2.3
5.0
7.0
8.6
2.9
0.91
2.1
1.3
2.6
0.28
4.9
5.8
0.28
1.4
1.5
2.4
5.4
1.9
2.6
6.1
0.1
51.6
0.28
1.7
2.9
0.1
1.8
2.1
1.5
4.6
2.1
2.0
2.1
2.2
1.9
5.4
1.8
0.19
2.1
1.9
2.2
0.91
2.3
2.0
2.5
1.5
1.7
6.8
1.4
2.1
4.4
2.9
4.8
7.1
2.7
2.3
2.0
25.4
2.3
25.2
7.6
2.9
4.7
3.9
4.4
2.4
4.6
0.1
2.1
1.8
1.6
1.8
2.1
1.9
3.0
1.1
2.2
3.9
2.1
2.2
1.6
0.37
2.7
1.7
10.0
2.4
4.6
1.9
2.9
0.1
6.8
2.2
1.8
4.0
1.3
2.2
2.9
6.4
1.3
2.6
2.2
2.1
2.4
10.2
2.4
4.2
1.1
2.2
0.1
1.8
2.9
1.5
3.3
1.5
1.7
3.1
0.1
1.6
3.3
1.2
7.8
1.4
3.6
1.9
1.1
0.19
2.4
0.91
2.2
0.1
0.91
2.6
0.19
1.2
2.7
3.5
1.1
3.3
2.6
1.2
5.2
6.8
0.28
5.8
2.2
2.4
5.7
2.6
2.2
3.4
2.8
3.3
5.6
0.91
0.19
0.1
3.2
2.3
2.1
1.9
1.2
2.2
2.1
2.6
2.4
2.4
5.5
1.3
3.1
2.1
7.0
3.0
0.28
2.1
1.4
1.9
3.0
7.0
1.4
6.1
1.8
1.5
1.6
0.1
2.3
2.3
2.0
1.7
2.2
1.4
0.19
0.19
0.46
0.19
