0.331691273407
0.671275570188
0.798146269186
0.778771940723
0.823773861866
0.705137160435
0.856585150367
0.913318010202
0.718431012546
0.937902433525
0.583316192593
0.572069566098
0.555565448869
0.813964986874
0.592219024151
0.68844852141
0.796450601306
0.467672563542
0.866667126821
0.903374310056
0.723567942904
0.788095353134
0.796749011244
0.449834459561
0.498292138037
0.639557377766
0.656980192667
0.729482303623
0.364818687779
0.657626018954
0.699744844548
0.706724692099
0.539992913627
0.651740647943
0.724916424511
0.647557386969
0.698059069983
0.844487929007
0.520669892347
0.725810273861
0.753679737344
0.952019731408
0.799712863838
0.925661874162
0.696314855845
0.714232566487
0.728554863024
0.642637189195
0.516883514289
0.90584326691
0.694604232958
0.730205895955
0.450570936207
0.445390291209
0.64987196212
0.584358441642
0.709489528043
0.729350239395
0.388484183353
0.825685342021
0.756774503781
0.766902725723
0.720409215046
0.722503146304
0.73814953628
0.656505083552
0.723132407043
0.497175344023
0.636113584439
0.408072023321
0.531473620516
0.697655974986
0.653916716708
0.780283777037
0.777794573403
0.899776825259
0.678750543557
0.938475325386
0.635815404579
0.447137036193
0.691439523096
0.603349461735
0.761531116771
0.505262552429
0.804507899696
0.476443330872
0.719078909527
0.908776289179
0.553828137043
0.531440259343
0.723116071572
0.683058506294
0.636678653681
0.756723196599
0.696095362337
0.837974447643
0.907136530024
0.741928781949
0.78835326951
0.602478850167
