0.34065001369
0.549346466132
0.524146816769
0.891603107881
0.987901168101
0.711700338443
0.602984789606
0.810145937875
0.845739778252
0.82286022589
0.571389228253
0.493184657542
0.576920280602
0.53333126264
0.370446832644
0.68321104738
0.759086087931
0.558314639573
0.573162202021
0.756586070675
0.668766119774
0.836131070295
0.627081909732
0.480315987824
0.300265738996
0.669466704399
0.718032749168
0.738669280342
0.406519233291
0.565933641176
0.341136166502
0.682279235316
0.551067902641
0.419043477661
0.67640283731
0.434389617083
0.588117670608
0.625771160762
0.51712624558
0.744629196318
0.722891286292
0.858603386274
0.658394936464
0.983127299333
0.74546667679
0.603269164843
0.573335680119
0.707067046754
0.417781044872
0.749301831183
0.632332498154
0.788838732091
0.365522493483
0.420279451588
0.522289174645
0.418076923962
0.510174007275
0.57640444785
0.35679567087
0.756355073314
0.608321887
0.880941337254
0.68312200756
0.580000782262
0.786319848517
0.338285971972
0.632078032933
0.521052050332
0.460268223828
0.393039248844
0.516255173858
0.722965831257
0.633117290981
0.61561486942
0.718840779777
0.774219176002
0.676138248699
0.772664085202
0.523343157623
0.372873225243
0.584331062473
0.670892031741
0.668929474481
0.381267586515
0.76037267881
0.488078327432
0.711690215053
0.848362656654
0.438723118372
0.493801033966
0.589843018427
0.554929976049
0.519999447815
0.740532674393
0.439989692548
0.637309985114
0.783293875119
0.728617674059
0.717900224785
0.565656398328
