0.5604499847
0.76911767751
0.865542970341
0.763757572411
0.941646707482
0.676248225531
0.727055680948
0.76517921852
0.857513741352
0.79201149465
0.738003207274
0.786580295741
0.703433209782
0.720505847408
0.865796055099
0.687905079411
0.774015787887
0.635477651465
0.628020163953
0.81182941167
0.744345051158
0.77185467413
0.906474598343
0.519003674331
0.4131916979
0.786812443487
0.759740427069
0.893246778346
0.527114120519
0.74828328007
0.668992745671
0.765430922816
0.516537938556
0.639757774879
0.765131822647
0.622483589754
0.588786274523
0.609338367419
0.678568092454
0.797780676749
0.767077584283
0.891258452456
0.405634587023
0.954586010855
0.785297156018
0.888784433907
0.580566541735
0.63114852164
0.571114056097
0.884233279725
0.834942722318
0.891928896988
0.277727851057
0.409019710701
0.66115724156
0.694840752168
0.752975471485
0.588689872238
0.4143798158
0.818650506054
0.831670106319
0.589264144562
0.513552228641
0.743993493421
0.853803288721
0.741227046938
0.70450053723
0.542798013055
0.629341496467
0.227640766893
0.696463025467
0.700297949783
0.659195604608
0.775671422359
0.803574016938
0.953758423696
0.810283523952
0.893353994253
0.635575204136
0.296806760584
0.642394227827
0.602163874682
0.76108154621
0.523542174274
0.541582976139
0.314420539439
0.801962787337
0.791485998661
0.512349615886
0.524156480005
0.766919061194
0.418237977899
0.758076279746
0.852856981803
0.536731111249
0.570736959808
0.811361204868
0.621479763573
0.71501137731
0.586359651847
