0.342259172597
0.791442974252
0.736827283457
0.66519486376
0.71304490874
0.524289464542
0.834730361198
0.685013010857
0.547698654279
0.753608413458
0.708625358633
0.712271619765
0.851092981039
0.583448026744
0.947326619685
0.690882046397
0.641095672941
0.663840170073
0.521537282836
0.669408264828
0.624017283388
0.735270582118
0.840926566307
0.683432611582
0.605425677059
0.575719048309
0.832736283381
0.821683611842
0.517469290465
0.804874412441
0.75796124122
0.851455582475
0.651223204651
0.849454142192
0.403976421704
0.577820111955
0.729405687965
0.606992271712
0.601951513562
0.712036020863
0.850977252282
0.923541944197
0.375381525273
0.844248648873
0.713440181117
0.924182018558
0.522130651555
0.757201526791
0.544012589816
0.753680427575
0.871197343991
0.775953726903
0.458208113897
0.789847850045
0.739075136263
0.665808709337
0.760615410101
0.55951242071
0.736937260288
0.901320182129
0.883212887996
0.460690645297
0.239604773639
0.801364587
0.734332327897
0.89972206692
0.728397260242
0.691165271249
0.671407634417
0.439633763347
0.834569767415
0.489784118701
0.402689830824
0.802566969678
0.730207506494
0.833327811484
0.705195139852
0.730175525784
0.900206379116
0.444026624517
0.698335392523
0.621430527084
0.648246007588
0.606674075148
0.48837903814
0.338365118478
0.752734580811
0.759976025971
0.678078718563
0.361001709473
0.657030579541
0.590044796002
0.731498698914
0.726075092548
0.548690516454
0.536054914791
0.875448707772
0.728817380941
0.650664807644
0.632933229339
