0.774282217115
0.807919712312
0.98533212773
0.638266875577
0.654418054606
0.776692964474
0.787896796637
0.787953855746
0.848912310733
0.859247141868
0.73303768432
0.627471430182
0.936325255328
0.915526979986
0.908309462839
0.847417500121
0.798405796101
0.771908282084
0.755446499033
0.945064502102
0.92574631244
0.927892011034
0.865563677276
0.842419996457
0.560376129966
0.64451116679
0.968596092831
0.860099347271
0.682602033421
0.946212126441
0.949264328624
0.946243877074
0.831073746598
0.944470903306
0.715385022444
0.817429717212
0.707223269073
0.638683775196
0.869040601698
0.922009861102
0.527075467574
0.934775686377
0.930703322543
0.917717773682
0.958830472325
0.924996491325
0.764186896192
0.920158891213
0.787385565426
0.95661298969
0.985011170241
0.965734394449
0.844732500915
0.877813899875
0.589757199686
0.821946129759
0.743017276486
0.832057786153
0.737977668721
0.96484123533
0.78386837752
0.577998191594
0.817389453728
0.95289080313
0.851159243231
0.745658330975
0.788908905592
0.70754353633
0.770165218332
0.666786766888
0.96835658262
0.701189268286
0.768412261266
0.957140326295
0.962260691105
0.924554513307
0.904306812351
0.973444736642
0.585242627756
0.707098337233
0.679546840237
0.665215800772
0.755199396278
0.647058119764
0.846458538965
0.767439495487
0.939844513928
0.946241346227
0.811122384887
0.769231565651
0.899551579824
0.944273727271
0.798960281798
0.915920181669
0.825309396117
0.831345007443
0.941420541739
0.956910939474
0.8474347559
0.847052367838
