0.606414778309
0.525971557875
0.841159404284
0.683369110315
0.608436465372
0.33640164091
0.793477315553
0.593705321912
0.556998828908
0.517715012758
0.787343921479
0.52079298357
0.61309253469
0.704823795489
0.89575944984
0.711917991335
0.833044356555
0.714854694837
0.725376808693
0.680350729459
0.651237239351
0.661537558928
0.705412562667
0.607351421991
0.418124549912
0.605511265723
0.799149175059
0.667501616291
0.480265831027
0.888629822127
0.708922618185
0.795434350964
0.544385084565
0.619594282125
0.413725246585
0.715091904279
0.552396367543
0.84350020822
0.479785660218
0.685182347568
0.507114442627
0.756487367619
0.533420762613
0.888289538166
0.885480527429
0.771294436507
0.616525284318
0.604238939621
0.509160747934
0.895682374027
0.990087360257
0.639881326256
0.534301497572
0.389182467208
0.567548321933
0.596483272248
0.597029705248
0.589964038957
0.488527207762
0.765996222135
0.610123850478
0.375556843987
0.62364708941
0.603900036122
0.843639404837
0.760937978129
0.777221911618
0.507133769099
0.807697687956
0.518176087172
0.891136741695
0.489293364348
0.60907838035
0.944507945711
0.795626465303
0.756339888229
0.79254780426
0.781672061974
0.717587780148
0.482842924095
0.508591307229
0.728389207546
0.605156486907
0.839195006408
0.515242834825
0.354086973728
0.577198903913
0.78967414187
0.526468294232
0.53845553876
0.675422939142
0.467987999181
0.697766872125
0.573373412756
0.60485416566
0.47844822231
0.758562202482
0.555478939897
0.698803599325
0.453352337698
