0.316938272628
0.887937520276
0.963212289796
0.682354700589
0.604781691388
0.714543170508
0.915745093032
0.877358577388
0.6811875197
0.918033669476
0.854213516107
0.634729670967
0.751092290808
0.819777193382
0.973708174868
0.748718355777
0.919641677998
0.654863943935
0.881480637866
0.923372607486
0.772087051954
0.783714916125
0.950204883616
0.511208893859
0.872466449014
0.496946187278
0.767456061035
0.824432112314
0.591119255839
0.65742493161
0.947328460301
0.773986798179
0.630797424057
0.818306310783
0.927032673242
0.708363991101
0.821803481986
0.962499741163
0.685712445098
0.756843066743
0.75604078806
0.934575289264
0.688537331152
0.956694897121
0.713386113009
0.834547680018
0.803040008099
0.687305958766
0.771843170278
0.956885630998
0.842119515826
0.710903581609
0.743949548704
0.681169113536
0.940223680911
0.813604916286
0.876642347522
0.750287711355
0.513166159347
0.952494840522
0.974243794247
0.645688931223
0.816266217556
0.869658128507
0.710948676712
0.84488895331
0.949760834904
0.63063798066
0.973256533613
0.446674581317
0.719323251357
0.701167180889
0.750188548145
0.973002988701
0.843859818653
0.943362622142
0.710568589421
0.957447709238
0.768358653313
0.619839084109
0.838475785541
0.669877391939
0.728865697122
0.777139083879
0.702765296098
0.601798512322
0.855521504152
0.94404825176
0.821623561731
0.702704325679
0.798854216277
0.767453070033
0.973409304776
0.802491504405
0.859615265152
0.92976207732
0.941367854094
0.829569272749
0.760937057821
0.664953512931
