0.393098378647
0.57183051604
0.510541210251
0.815578287168
0.993066858091
0.635139668275
0.688921099676
0.711003665127
0.627502720661
0.68599797072
0.533372446432
0.508080306095
0.427877286103
0.557815142291
0.482201929426
0.499244426959
0.683395569176
0.496340854552
0.744380943178
0.701486067684
0.542907759809
0.743635033373
0.681949304822
0.383249240171
0.366495259262
0.697412783541
0.707034835967
0.724493772965
0.542215457957
0.677194532449
0.505633896792
0.747089640321
0.4288127794
0.624072501881
0.616007841026
0.384318868389
0.566123224668
0.671404413338
0.616427041416
0.707932826704
0.811278607206
0.795925335395
0.686970506423
0.872514995272
0.629545114659
0.543615936977
0.685428299938
0.664987104181
0.508368822719
0.744888723233
0.57947942766
0.642862204552
0.378037764847
0.423248595955
0.376779243369
0.564179073572
0.614757832398
0.405924023956
0.110692370875
0.641547084118
0.67234496833
0.747861088679
0.650129878496
0.579036529334
0.779262004845
0.502092550795
0.754990716391
0.52262600745
0.570535182233
0.316076864142
0.542820560606
0.685663668763
0.691086584897
0.660309637698
0.643234469224
0.68895123977
0.6242427589
0.748482986952
0.507704130113
0.369678605365
0.627866932636
0.74434643162
0.748483677183
0.448479995951
0.65574882028
0.579592855647
0.699090965564
0.763690850066
0.495218768766
0.558341328511
0.567609292352
0.514763584324
0.629290419361
0.792628561305
0.470006465165
0.548610909794
0.676539733157
0.684636834876
0.676349459434
0.501559922418
