0.901617211604
0.804211330375
0.757057728633
0.842225121193
0.848790830049
0.641793726719
0.916257014474
0.832997420836
0.901005896875
0.834300117109
0.903207504193
0.904342934449
0.68408695072
0.882841313556
0.774067785301
0.851957610604
0.726211758318
0.765612913765
0.754425877226
0.900399413764
0.904897650223
0.756486447311
0.813030183809
0.922433432957
0.752999399499
0.898482181683
0.989720157281
0.970188686191
0.789008528956
0.911849658451
0.670316148878
0.9122502226
0.694690741929
0.741349678007
0.745066802872
0.855315585189
0.84879152028
0.719626032758
0.755519663535
0.833314236938
0.758395856772
0.880604734526
0.655303391106
0.982121632535
0.856574796899
0.907383632779
0.827280006074
0.90755918157
0.832306959601
0.915488096964
0.913264632325
0.927434617854
0.673351325359
0.683268336566
0.68611277917
0.813895273527
0.905257490734
0.771663019945
0.629100605793
0.826567457441
0.828245639465
0.704620867529
0.916927228929
0.741778541634
0.925804521934
0.838184047838
0.745229697426
0.908729123383
0.767260955694
0.757058188787
0.911666977271
0.773117336996
0.857527315898
0.777893276458
0.98758044069
0.832576149753
0.919699197261
0.782619059123
0.855888246974
0.689402881025
0.913428447187
0.731699326104
0.841595630377
0.721891601497
0.772562161068
0.644205854541
0.740102200227
0.899109831883
0.685017152244
0.757354528031
0.90757712758
0.645289517459
0.8988259168
0.718069101342
0.732783449177
0.748494030651
0.806295598396
0.720157970904
0.839525627133
0.847871442146
