0.53431466392
0.735970177267
0.393421102062
0.387112161395
0.408060527432
0.200233667015
0.593987716215
0.691467409509
0.448042143152
0.48730652297
0.560423234249
0.726770661248
0.730282764932
0.722210343725
0.70103514149
0.321219904562
0.655082484707
0.705164037113
0.804715877007
0.634347887428
0.892780856502
0.150610336791
0.568200651034
0.569823240427
0.435423886148
0.732283885265
0.181073538938
0.733914390746
0.60888763589
0.643910129219
0.566413667765
0.657105199952
0.884558147474
0.633852026997
0.724082729408
0.656018252771
0.635423802666
0.643625803167
0.662396942917
0.62465475518
0.541101511408
0.546940782994
0.558250926052
0.739165460634
0.823655329391
0.891712690388
0.610745461275
0.725008680934
0.548161579344
0.689938710718
0.718779033739
0.578614459148
0.844400774461
0.446189820235
0.745306994694
0.527385911219
0.467818866739
0.659897698309
0.481161075062
0.730690296157
0.535151124853
0.508296610524
0.620799377104
0.216590056087
0.423017099684
0.576697582298
0.25749767735
0.756557401241
0.680702248861
0.553483542909
0.520294642994
0.753664151999
0.400298186572
0.539624711612
0.599511996729
0.411222926131
0.619934600932
0.542320105298
0.595147128505
0.415038792516
0.765643636661
0.613268935399
0.797896977218
0.627890741089
0.611977139791
0.598217618079
0.618886502495
0.677712057003
0.426498062007
0.728333177745
0.543939848925
0.80186734728
0.486626930228
0.618118889923
0.551527316422
0.581532296388
0.475393944477
0.310034339225
0.37354863653
0.658637441831
