0.823113909711
0.867559740071
0.730615427248
0.722447256729
0.429079303441
0.610393995794
0.802415114071
0.729101907507
0.784008909921
0.73293429357
0.786131300601
0.754909560901
0.890685592665
0.866789107404
0.810511602741
0.859016427013
0.783048436
0.79257715964
0.790328543691
0.799297363682
0.926280976054
0.477410523772
0.850695420008
0.806765203469
0.635751632828
0.839617610704
0.62408081177
0.702280000391
0.694081334271
0.748585163728
0.704724618097
0.875650728729
0.923003484699
0.898824156425
0.884445564199
0.737736390626
0.794072882914
0.68425212584
0.847103207671
0.804597145504
0.728488255977
0.668504899897
0.887913274931
0.88333203281
0.89532617844
0.910924142905
0.790139200877
0.785321706243
0.782770314649
0.89195588421
0.834414192034
0.848989102758
0.898159769742
0.805505379134
0.901972937683
0.70816726449
0.594083647223
0.875354558009
0.739357818632
0.928404002673
0.745110015703
0.804698856435
0.697974718902
0.697611892459
0.80921385779
0.839070057529
0.494617040323
0.79160950624
0.865980161261
0.847637649211
0.794499347438
0.83261515048
0.829374838222
0.820028729704
0.733454950705
0.621346228045
0.909374426213
0.932149969801
0.82177862718
0.4953432162
0.850677677559
0.753786053375
0.890139488154
0.903256316309
0.851648306858
0.909278313508
0.86560266894
0.771903779456
0.582568275157
0.865408626562
0.687930062244
0.875033521835
0.86953481392
0.701754736996
0.798413170505
0.834363930766
0.660082250711
0.729034193524
0.777368738415
0.837893258817
