0.475309944075
0.76872157826
0.665401636145
0.369838220593
0.486390186643
0.380595501982
0.52697316726
0.677317450805
0.487368670647
0.45917855459
0.547569274735
0.743936131507
0.701831575106
0.625653994361
0.423071336183
0.674485507052
0.743499437943
0.410801696439
0.453946594788
0.487554215015
0.675913273262
0.433490877568
0.760976891455
0.873604999373
0.462258016058
0.660098947175
0.429092388067
0.482723355844
0.603071442255
0.356287267183
0.78383056713
0.644014140825
0.826798171128
0.743160904856
0.737034898507
0.540872349983
0.929294196756
0.763395948839
0.509432119862
0.555717539631
0.665086114715
0.751854842119
0.654678891883
0.82120864427
0.770074723552
0.820753103345
0.623399473266
0.928375299487
0.475697122801
0.743742793818
0.645881704177
0.743530942698
0.863111716091
0.374745908053
0.736587192643
0.623750457495
0.519825499361
0.679709030229
0.571127261284
0.685653283288
0.711177005944
0.668562217876
0.605219837678
0.61685833389
0.67998352501
0.621750014843
0.529951020922
0.340536952393
0.621951590272
0.482746404331
0.48614762385
0.70083156494
0.662528933376
0.567031785599
0.63413384858
0.657948928757
0.689744182178
0.543517919456
0.536068816539
0.438952971119
0.74163386589
0.563968676844
0.71067116201
0.754691242356
0.589554989142
0.491597322732
0.623749855932
0.923345772035
0.519088284175
0.655803054991
0.703461196656
0.661918967345
0.638996769873
0.655723240982
0.657588952991
0.681777076374
0.323751962633
0.609103098849
0.580324842477
0.672234649357
