0.525158318083
0.806501595765
0.714144601103
0.537844176124
0.440789172127
0.440949841219
0.541824952011
0.70451493015
0.594802078887
0.918772924798
0.614691727044
0.895807230581
0.705964146406
0.870375890934
0.510116078238
0.554542162574
0.712632169087
0.677603365477
0.683092504844
0.660270847095
0.807497620877
0.531508521114
0.833596723329
0.903195764618
0.371180095772
0.780531480864
0.398407012456
0.617727055829
0.480400015852
0.87927996302
0.648990185573
0.645953776428
0.842370437771
0.798073002147
0.798893063714
0.72794210727
0.933658411853
0.616709418618
0.526609820281
0.797210153434
0.68335622304
0.711273455033
0.863177527168
0.983979020795
0.785681431563
0.830516169224
0.822403701056
0.894310178955
0.739355490949
0.715543438233
0.918812831802
0.840331853519
0.871873499927
0.432187740641
0.822484941631
0.72391141632
0.743462973356
0.950668828433
0.58683953269
0.803641292575
0.683772102497
0.705675437532
0.734911233494
0.623190983536
0.722762738874
0.888358584362
0.620609015315
0.697260758453
0.620901171517
0.598644502471
0.801690200251
0.795762326914
0.628042600341
0.703259940424
0.723708758076
0.77590255315
0.722198415574
0.704809696403
0.751240122507
0.412043049083
0.786577059363
0.612477154695
0.809693733812
0.855929098563
0.783486340058
0.552445828199
0.878428853395
0.864276441785
0.600611672508
0.812344933431
0.875834205683
0.87354968497
0.800909134748
0.700530402469
0.82706599469
0.601106479588
0.514882182138
0.677160450025
0.459521902643
0.842047221234
