0.741057634083
0.645149922708
0.442790606746
0.786560284327
0.354820664507
0.537243309665
0.40864546841
0.598439651588
0.621835878865
0.742725593661
0.636119846336
0.798651438869
0.754006051388
0.941504944633
0.726808363337
0.384531163042
0.525319701685
0.799154891281
0.948826884332
0.782222606787
0.593442193625
0.278935652466
0.79868318916
0.808900794177
0.416268926608
0.830547192728
0.474470760145
0.764798422361
0.398006972542
0.780644442265
0.647157183902
0.633543871654
0.747080689542
0.744423437455
0.789391449731
0.793188873889
0.793160411328
0.678603756223
0.525124006849
0.917270552402
0.739570892524
0.547763692783
0.752135981111
0.818105262662
0.917531120368
0.797605265436
0.788643703496
0.969367832091
0.958330963499
0.600454369718
0.772423231008
0.760879369373
0.743019426876
0.664183584891
0.703065053402
0.619973010166
0.627780681926
0.947171233485
0.61212227135
0.779743466686
0.758019215961
0.571560942119
0.589413535715
0.243098683518
0.757840330535
0.951022255748
0.456102206521
0.96346391818
0.655590000743
0.776270405719
0.784286311851
0.777421000803
0.408884333428
0.937894383373
0.83883294564
0.465792132066
0.586087342248
0.791914550639
0.771828655189
0.256294439297
0.613523865852
0.963096119629
0.932883381631
0.750268987403
0.950546757638
0.422042735779
0.766302879359
0.936085822379
0.576123557861
0.958659849468
0.609106742607
0.940633732957
0.642644318711
0.783626393928
0.745353722695
0.95765691251
0.610561269811
0.781635873394
0.42028855615
0.720049020819
