0.507305216226
0.74132018107
0.711706043231
0.45636807807
0.421779059324
0.449681959367
0.465551516375
0.633452932398
0.687330082172
0.604580127387
0.565830629693
0.654114313226
0.436268250893
0.56613081493
0.531751572525
0.418958621398
0.409597400125
0.426061771123
0.404960384447
0.341096765193
0.652229672828
0.435589279358
0.532171498419
0.601989116066
0.516890948469
0.483185830713
0.483762028145
0.541804832772
0.476604673841
0.572330442864
0.550551302513
0.379893990221
0.670966363844
0.721450595678
0.533503147013
0.392642491922
0.736250724516
0.448453016125
0.411398285656
0.643860909025
0.28846403972
0.391335347844
0.471736777984
0.816162579953
0.574041322177
0.653805278862
0.529243984595
0.684437571994
0.564873983683
0.596302315117
0.613156688508
0.628721726564
0.755846745709
0.447385377914
0.637196692155
0.72086175313
0.293452447218
0.530990960191
0.53182472268
0.633024731932
0.435786724867
0.544487360359
0.735367297412
0.688232634094
0.687402004646
0.49417425746
0.282267991705
0.65039811491
0.557430186804
0.340740575595
0.518860976548
0.925528346103
0.801952013085
0.451566474541
0.634719634202
0.526708818036
0.672493891427
0.508302243126
0.643285818961
0.387406119834
0.534538286048
0.381427594826
0.68524705095
0.714330177391
0.320577596498
0.733456104726
0.627848415552
0.546770930847
0.431508837856
0.690120707087
0.56206376252
0.633912156367
0.56313451413
0.423817849826
0.392934751249
0.496599990974
0.515829902906
0.293665553029
0.486680376101
0.671687074084
