0.519902192604
0.862693344441
0.644242771892
0.633422888584
0.512902649351
0.440432167349
0.649149916717
0.844491745636
0.624215385271
0.67765637184
0.70731303901
0.868787421257
0.839934730575
0.832672343235
0.697247970925
0.669772024023
0.666278018815
0.635412287016
0.63250948396
0.634040515345
0.85775441004
0.405037976353
0.684566328742
0.872611540115
0.230520056063
0.748142771268
0.4738777754
0.733395449909
0.529190924215
0.790560197309
0.44170216425
0.833024017422
0.912120763757
0.739749404734
0.81330668905
0.806034362404
0.768582872384
0.570565778839
0.682517606299
0.640008578054
0.697332958383
0.503353931696
0.878066230748
0.852267215319
0.745457960194
0.870548159158
0.701020654852
0.774847768761
0.715511236156
0.864325887873
0.78026672405
0.810077074807
0.795952074862
0.616094433826
0.876253660147
0.6672109804
0.518232872755
0.895919858053
0.732103440685
0.934071737733
0.662610831988
0.766972601544
0.678101560957
0.500145413926
0.62135340507
0.82940484275
0.604072498404
0.720510083854
0.795994009996
0.630983088299
0.675029247049
0.850670913036
0.656800121177
0.696548079703
0.592165503406
0.439406582129
0.898704948582
0.8853399103
0.768164900958
0.497683544844
0.762955299686
0.605392997198
0.760226122669
0.7910307184
0.855555146874
0.888339597045
0.903254462511
0.716982179913
0.639470060613
0.748062881143
0.730431702303
0.836173375691
0.818154897812
0.546941197951
0.697279969208
0.56222597849
0.727872335692
0.529359303145
0.729241607805
0.861532967193
