0.545501717207
0.883161127312
0.649012956603
0.71776388381
0.590487548047
0.474566192715
0.882237555033
0.418997462776
0.733233705368
0.742735655736
0.610587353126
0.788922301187
0.710485040631
0.757969897552
0.606849709675
0.639142527549
0.477858082314
0.598749191756
0.570878373478
0.417622081722
0.714841482051
0.589931668738
0.746061380229
0.907645910032
0.705989134629
0.709675281764
0.7307196893
0.71862980418
0.372553419232
0.742167784438
0.614583556055
0.858766431837
0.738225105953
0.776605646165
0.910442690541
0.546758364302
0.716351480802
0.675430819109
0.427699328404
0.674333925256
0.52258880837
0.736516372626
0.896231536841
0.943281689042
0.901038711587
0.932047637664
0.880409631051
0.947594417645
0.840588048484
0.919120228439
0.903259888861
0.799843217746
0.748439791544
0.66766269096
0.896093680521
0.902920498853
0.382684357323
0.754620675241
0.751933246751
0.722965564083
0.391862388921
0.684866874917
0.697505111205
0.867440561693
0.905991906733
0.769549163058
0.748170487399
0.734309907883
0.721844133793
0.439045413057
0.847704845113
0.727755777185
0.567440176201
0.86691999295
0.616396806791
0.553652903984
0.730560530256
0.89891268697
0.883647320981
0.516111226049
0.757694533573
0.562425840076
0.854861050307
0.767492902652
0.70463008419
0.731693365704
0.913364949889
0.903002741216
0.576998820886
0.919853578885
0.923968122914
0.735368024199
0.872968908286
0.827111278938
0.813359960592
0.908317048961
0.723701362525
0.553386683774
0.696707285399
0.717670481825
