0.853993470111
0.901561092387
0.635259902317
0.82119522817
0.600418629463
0.751234406423
0.783581870842
0.7607328579
0.7519338876
0.730071463813
0.836033034544
0.818864227447
0.857196080279
0.926700514001
0.866154180159
0.744453383055
0.725744182277
0.863634924348
0.876422628364
0.797257409338
0.909850437494
0.460391852263
0.84656692952
0.788732118639
0.646265145841
0.83898770713
0.68560535707
0.892989940429
0.653603767272
0.760257617602
0.897590184601
0.867368919129
0.925594810307
0.882924987747
0.84480088558
0.783835195488
0.7460227672
0.753100938523
0.828499015375
0.788399856548
0.713989842068
0.6322214454
0.861925763788
0.852323855618
0.912269612735
0.903155661184
0.756032719766
0.774622612031
0.849506062118
0.888220993221
0.783796823085
0.762046582349
0.841129367494
0.751806103176
0.842605825995
0.752258407934
0.569440127781
0.900404533228
0.711636271654
0.920583877315
0.706715990641
0.697873842794
0.807733424057
0.668618600362
0.808784847055
0.832418736222
0.564390021938
0.910364772071
0.8958935513
0.828448653438
0.832801684359
0.829933261286
0.75530973095
0.784957900111
0.777965391471
0.50720533454
0.879143032372
0.924956219661
0.764274394013
0.529863430781
0.847877346596
0.780241735827
0.885415061576
0.864953129833
0.821368866486
0.879918396523
0.855843561104
0.911179142109
0.728398649983
0.897164635926
0.61689380651
0.885676540481
0.759813582505
0.845580185677
0.755825666423
0.825642169336
0.843270944376
0.715752406758
0.800502106873
0.841098371
