0.951581371225
0.999894863839
0.999411174639
0.988061748239
0.75654716729
0.950745435739
0.999884661808
0.986007385828
0.999790289955
0.999745506601
0.999598860083
0.956642339591
0.877352437264
0.951595187549
0.999591953149
0.99941880345
0.956746621286
0.998599095454
0.919007760566
0.923321591627
0.971979547028
0.75658775443
0.984139012207
0.999990215381
0.998783137141
0.919303631731
0.897262523858
0.999256395961
0.797957005917
0.986137952178
0.999640255038
0.967479272936
0.999454737678
0.983622669143
0.99983223
0.940795320354
0.983470721498
0.976217639981
0.999506985334
0.982055980985
0.799811700715
0.970531389033
0.996277550332
0.9997148735
0.99903092249
0.999517454999
0.951239493934
0.99991713152
0.923462701302
0.996220504898
0.959985371933
0.998344042233
0.999738032478
0.92404676326
0.967269400837
0.997478060478
0.945537626881
0.967204770789
0.906665739194
0.999853120223
0.971260587461
0.981344063398
0.982522210103
0.999708050048
0.999931053425
0.999292347377
0.956774008398
0.999469681014
0.951835560159
0.985660074821
0.976901716215
0.999247861122
0.999590281047
0.900836104905
0.913963778396
0.951620934479
0.967102210302
0.998490762411
0.999418275547
0.599918189781
0.997095949619
0.849063050907
0.999420495195
0.967320359428
0.966989533723
0.999726168167
0.997369081674
0.980318934876
0.955836160642
0.995673639225
0.998018424352
0.951775386593
0.996863242651
0.951776692846
0.999888089494
0.998110942406
0.999771145495
0.995751790954
0.999421776894
0.972115176335
