0.77737998643
0.811194785223
0.817170560225
0.495988576279
0.621282678356
0.589678722218
0.399666070717
0.62965320511
0.78525816392
0.594821338749
0.635149182661
0.852044047433
0.789030774186
0.964482603831
0.652783327579
0.633753262501
0.568183915284
0.652760802084
0.882863706812
0.647269742624
0.64653468079
0.525818832659
0.913159116861
0.817998127835
0.630790808871
0.945809312728
0.511872563452
0.667709178336
0.426049047435
0.90014222441
0.614348735019
0.73825642901
0.757609965982
0.724836692621
0.972732189256
0.624505091022
0.71049838307
0.677175987558
0.363740463188
0.880991576487
0.701386525944
0.71503614809
0.713231063889
0.992109015339
0.831708191182
0.915708549076
0.908045981866
0.924578852563
0.744310102839
0.884080535296
0.828415884171
0.900605580754
0.702587126938
0.482325992275
0.793464360636
0.625436461532
0.7171957326
0.578754277303
0.725290487784
0.782381620964
0.475353234569
0.458337327799
0.553138267397
0.265356896988
0.555106805071
0.567740616796
0.433113557121
0.643345351677
0.709508211542
0.477904719467
0.885004058468
0.852235926636
0.817345688946
0.529850645709
0.802382177841
0.96179869142
0.692141111836
0.96129735062
0.773077599813
0.432121951661
0.7138668456
0.84636670454
0.890150051123
0.847556632074
0.699594447797
0.331620313763
0.841423294013
0.860488092647
0.559180182495
0.887348524398
0.94123693692
0.973517311017
0.420351234185
0.807557313191
0.725945622661
0.742883655158
0.40460898035
0.619006994493
0.346524358447
0.605169009222
