0.928439904981
0.999946534484
0.999146304879
0.970506049694
0.735840389267
0.810856252136
0.999935114594
0.937253818616
0.999615202975
0.999596259855
0.996163434911
0.936257921183
0.981637015138
0.930927508716
0.993380647511
0.992541524966
0.9359512587
0.993174512474
0.906128022201
0.919902975865
0.920221077881
0.736431954813
0.929675411407
0.999995025436
0.933933348599
0.906348408162
0.814182209888
0.953813769505
0.797762241663
0.948156118618
0.996551158727
0.974885159019
0.953833427136
0.947228075124
0.999936907009
0.94794039048
0.978423434411
0.844045463883
0.994509851479
0.974917029622
0.799228809965
0.928733075249
0.953063378845
0.999769802412
0.997294490221
0.936459012906
0.885398335647
0.999951933826
0.870840823621
0.996905622205
0.906997274499
0.995482346853
0.999541249916
0.856068420735
0.974462247404
0.999753196796
0.804566198116
0.97642632614
0.865987446321
0.999920851394
0.873182841555
0.941390878319
0.945800915389
0.999498686209
0.999950121769
0.996408764897
0.934640321087
0.995617050488
0.931475498946
0.941959471494
0.958388995989
0.951469431254
0.996555293557
0.830213494249
0.756926235955
0.931491421971
0.976531852704
0.995955414155
0.9363605185
0.599954303251
0.998806355047
0.741195141741
0.996917903928
0.974471204566
0.92875605253
0.99955916424
0.997763592113
0.97237906395
0.816000032509
0.993234229343
0.954155551037
0.931484230214
0.9964085832
0.931161030865
0.999564941707
0.994281495412
0.934110517726
0.960497123469
0.999034011336
0.965932834152
