0.881764306034
0.999894024105
0.999466238596
0.98833143542
0.676692168224
0.880900070042
0.999877266256
0.985694012839
0.999783527887
0.999751807061
0.99961787932
0.876786780702
0.93646310845
0.881768227248
0.999547000375
0.999409541823
0.876851977939
0.998072351475
0.850075367348
0.925805667006
0.976528017428
0.676700315116
0.982878006843
0.999992439939
0.998440000249
0.837146597852
0.763984290493
0.99924812139
0.798936273181
0.984509771925
0.999664076963
0.955156879731
0.999393235761
0.985353360775
0.9998356184
0.908871754606
0.980302788413
0.97825152467
0.999491919231
0.978045981375
0.799812894021
0.971918703148
0.996476346291
0.999730239158
0.998784325536
0.999279982172
0.88636191069
0.999923603855
0.869160741918
0.99661026421
0.960434438068
0.997260932783
0.999748015981
0.867503765175
0.954943653608
0.997751833382
0.87548495985
0.96808153404
0.762549855519
0.999854696566
0.970534320736
0.979645433888
0.981350997341
0.999700232174
0.999930699852
0.999170060509
0.876859623938
0.9993441678
0.88200123377
0.987092214031
0.975895793537
0.999236345472
0.999601880179
0.847973837426
0.846782598729
0.881793880874
0.968003249721
0.996238571454
0.999297127968
0.599913976379
0.997379102008
0.65598253707
0.999339605737
0.955003441681
0.954595286794
0.999716081538
0.997629237139
0.980384321176
0.875920062339
0.995371438135
0.995980782959
0.881936395016
0.996945374522
0.886980976294
0.999894596204
0.997617316355
0.999774283448
0.994676592682
0.999291755635
0.976899322237
