0.85089420369
0.99973231885
0.907369313461
0.981354046901
0.640777126119
0.678391976308
0.999265885937
0.86588478271
0.993392641957
0.993341189838
0.899652760198
0.84099087769
0.878228007209
0.851056883724
0.869559777589
0.787146367048
0.808511484196
0.858476907783
0.650082748167
0.623575088149
0.838433237199
0.636162434596
0.849708781746
0.999966108633
0.847822346479
0.733588915276
0.686756249253
0.995269265596
0.796834694152
0.976248990048
0.983579636462
0.882488269629
0.979009180747
0.887146443165
0.995427712585
0.735924627839
0.906344572886
0.974571560137
0.954862147854
0.826976040034
0.796642638163
0.692967547525
0.968081968639
0.995412440231
0.993932622794
0.853703722619
0.841372620244
0.999962806171
0.831562229711
0.97385103896
0.910319416618
0.976304270077
0.971494976353
0.753162990441
0.879735128275
0.999070736191
0.640174909212
0.912741904142
0.689636249359
0.985121559835
0.884160349306
0.894855976546
0.89701532043
0.990666458026
0.999516846069
0.89497176898
0.752985561045
0.857387696759
0.851143324756
0.851774870967
0.871965048113
0.995140368893
0.995719358072
0.753529905061
0.750071311089
0.842023335469
0.909855284379
0.773855065754
0.905786051607
0.599756253722
0.960358164691
0.536101850985
0.98927341064
0.86286073877
0.85536593665
0.988999578807
0.888812806758
0.905076000095
0.811622077204
0.973256620283
0.84963556284
0.83921795137
0.98707956646
0.834851963502
0.983557867219
0.988020753508
0.883366476633
0.864684002474
0.901186681545
0.91649206503
