0.802234352749
0.999869966464
0.999448491236
0.975179940004
0.607176410371
0.800404574969
0.999897498442
0.974153284246
0.999812717235
0.999755804391
0.999657906638
0.807252337542
0.844401184506
0.802268774474
0.999189096934
0.999530753242
0.807422378752
0.998613645932
0.789560776431
0.94600968994
0.968683571706
0.607307762437
0.978608701323
0.99999203726
0.995859316183
0.790338370051
0.62993064387
0.999105749658
0.798627260916
0.979097509953
0.999706726608
0.987850898906
0.999349176739
0.979645659781
0.999863727388
0.947170943752
0.98950229461
0.975817779308
0.999600618123
0.988365122992
0.799780576542
0.954968889822
0.998924244361
0.999763244139
0.996112817615
0.999489080832
0.82170618908
0.999932666598
0.799751163756
0.997440687407
0.849552105073
0.997822714783
0.999755308408
0.812094746737
0.987629368746
0.998923610878
0.790474235072
0.987630446651
0.625110760169
0.999901225683
0.961996844074
0.98262348889
0.983396977144
0.999724265261
0.999971886101
0.999390984194
0.807422663574
0.999035631875
0.802477688982
0.980361982289
0.974914802609
0.9990580567
0.999614397616
0.672534375442
0.78927361198
0.802314797786
0.987461038924
0.998811786309
0.999425401009
0.599901994211
0.998592625574
0.44731267709
0.999302780212
0.987732479234
0.98727556085
0.999775795951
0.998814963548
0.986518867275
0.805541455774
0.993312376161
0.997528034468
0.802433499825
0.99741892553
0.822376905687
0.999903155597
0.992278774183
0.999750103039
0.990921317274
0.998682486927
0.968801070617
