0.924139745378
0.999901748675
0.999447960878
0.985630522079
0.735592515525
0.922537771208
0.999906116764
0.985764118346
0.999793403355
0.999753378493
0.999461178094
0.935686975771
0.884776205751
0.92414501213
0.999605713
0.99925300265
0.93579396082
0.998795941856
0.839857993135
0.817593628983
0.917318338664
0.735469153209
0.937433619892
0.999989130111
0.99846886549
0.84012699527
0.866759110241
0.999069425027
0.798019357389
0.939541175273
0.999491975704
0.915592994812
0.999251296174
0.986132712434
0.999837671083
0.897672782991
0.98435308543
0.925784270978
0.999373285942
0.982159567813
0.799805677711
0.903232108892
0.996528129884
0.999558123166
0.99868203514
0.999588820107
0.930056834764
0.999910428381
0.867730621016
0.995765666206
0.890999198913
0.997590884379
0.999761265117
0.915376436761
0.915382418024
0.997382812061
0.919467065562
0.915146806362
0.863335851389
0.999863275602
0.972937212014
0.985329975904
0.986347291463
0.999717272389
0.999950156144
0.999201818166
0.935802306597
0.999549573594
0.924547969015
0.988124556408
0.980860487145
0.9990566375
0.999424438507
0.822516267144
0.843103144912
0.924358122852
0.915228118142
0.999280112306
0.999478112728
0.59991947148
0.996840749076
0.791266938993
0.999291426616
0.915433543579
0.914882508701
0.999723108785
0.997269880124
0.984457349938
0.933943707773
0.996752476343
0.9991413696
0.924490788536
0.998227898682
0.930813051999
0.999900489074
0.9974104177
0.999788941961
0.9970767094
0.999497328394
0.917389622745
