0.862321981424
0.874900746676
0.873114186851
0.489947186305
0.778920050993
0.815856856675
0.769318885449
0.692449462757
0.892393006738
0.796834820616
0.778708796212
0.66032598798
0.811449644873
0.896262975779
0.561979602987
0.892194500091
0.727317428519
0.63997086141
0.648393735203
0.621821161901
0.676011655436
0.534846111819
0.632555090148
0.754470952468
0.766057184484
0.834822436715
0.767687124385
0.658067747223
0.908963758878
0.719728646877
0.959389910763
0.824172281916
0.519790566381
0.426048078674
0.825328719723
0.773808049536
0.716084501912
0.693942815516
0.877109816063
0.425121107266
0.660498998361
0.940630122018
0.577800036423
0.751089054817
0.844576579858
0.701904935349
0.756769258787
0.872952103442
0.770340557276
0.897295574577
0.731788380987
0.605241303952
0.775039154981
0.624325259516
0.845814969951
0.719258787106
0.566237479512
0.587353851757
0.847734474595
0.848827171736
0.793625933345
0.830668366418
0.793940994354
0.866434164997
0.730054634857
0.839266071754
0.897647058824
0.773006738299
0.7726625387
0.779599344382
0.694629393553
0.783398288108
0.597182662539
0.903221635403
0.892587871062
0.88464578401
0.941019850665
0.582147149882
0.617171735567
0.852320160262
0.551258422874
0.452005099253
0.770959752322
0.733531232927
0.550588235294
0.857315607357
0.779127663449
0.731977781825
0.748248042251
0.701411400474
0.791808413768
0.834170460754
0.572028774358
0.75029684939
0.913134219632
0.760914223274
0.916670916044
0.921395010016
0.576630850483
0.834753232562
