0.590830449827
0.805492624294
0.838546712803
0.411535239483
0.69955927882
0.659433618649
0.649602986706
0.527224549262
0.819286104535
0.844447277363
0.696962301949
0.72870697505
0.855221271171
0.838300855946
0.730642870151
0.838355490803
0.842312875615
0.648674194136
0.741569841559
0.634478237115
0.62166636314
0.660810417046
0.575736659989
0.58548898197
0.852937534147
0.788552176288
0.81690584593
0.607909306137
0.921562556911
0.839060280459
0.920965215808
0.71974139501
0.622780914223
0.72328537607
0.703296303041
0.663988344564
0.741819340739
0.751804771444
0.85866873065
0.726126388636
0.626008013112
0.861309415407
0.721058095065
0.790375159352
0.682606082681
0.683389182298
0.730149335276
0.820418867237
0.698422873793
0.772391185576
0.758885448916
0.538765252231
0.517255509015
0.879628482972
0.709165907849
0.672391185576
0.637224549262
0.73727007831
0.719175013659
0.732425787653
0.636869422692
0.713469313422
0.839592059734
0.748646876707
0.818060462575
0.786958659625
0.778810781278
0.647911127299
0.900577308323
0.776931342196
0.65508650519
0.814948096886
0.575692952103
0.854134037516
0.87000910581
0.917576033509
0.703190675651
0.928355490803
0.551748315425
0.737696230195
0.734483700601
0.6651720998
0.890790384265
0.736778364597
0.745867783646
0.84305590967
0.782036059006
0.650178473866
0.938759788745
0.661444181388
0.767393917319
0.621389546531
0.682245492624
0.859202331087
0.849340739392
0.649437260973
0.895359679476
0.800815880532
0.760222181752
0.779821526134
