0.691715534511
0.666242942998
0.7926625387
0.488384629394
0.751864869787
0.460936077217
0.708197049718
0.684862502276
0.72353487525
0.845663813513
0.6852485886
0.758373702422
0.706250227645
0.747678018576
0.610318703333
0.698481150974
0.813624112184
0.638925514478
0.711150974322
0.551724640321
0.682460389729
0.651726461482
0.602591513386
0.686133673284
0.684186851211
0.819934438172
0.710260426152
0.421717355673
0.702057912948
0.596865780368
0.735006374067
0.655084684028
0.509133126935
0.560021853943
0.768947368421
0.679355308687
0.708340921508
0.768646876707
0.765893279913
0.638076853032
0.634917137133
0.702371152795
0.56833363686
0.722187215443
0.707055181206
0.656958659625
0.516980513568
0.80416681843
0.731711892187
0.683330905117
0.702393006738
0.615640138408
0.648433800765
0.691737388454
0.687328355491
0.530706610818
0.643416499727
0.751884902568
0.598373702422
0.711906756511
0.641761063559
0.735456201056
0.776262975779
0.787457657986
0.672507739938
0.798854489164
0.809395374249
0.605652886542
0.709508286287
0.752269167729
0.658603168822
0.749874339829
0.6601147332
0.814121289383
0.708772536879
0.853307230013
0.633531232927
0.821562556911
0.670142050628
0.714547441268
0.600289564742
0.650537242761
0.622693498452
0.713684210526
0.597304680386
0.68583318157
0.748229830632
0.745113822619
0.621411400474
0.656188308141
0.797534146786
0.689661263886
0.713837188126
0.71970315061
0.813483882717
0.709732289201
0.521431433254
0.772464032052
0.651870333273
0.829100346021
