0.648246221089
0.535279548352
0.816142779093
0.460316882171
0.879267892916
0.484376252049
0.414997268257
0.695188490257
0.826674558368
0.807481333091
0.599184119468
0.736774722273
0.69435804043
0.734150427973
0.691617191768
0.334800582772
0.762072482244
0.502981242032
0.699619377163
0.440641048989
0.44059369878
0.508541249317
0.384288836278
0.479009287926
0.613700600983
0.670491713713
0.680149335276
0.427996721909
0.745144782371
0.755026406848
0.709012930249
0.537554179567
0.373081405937
0.687548716081
0.74664724094
0.49587142597
0.616346749226
0.734638499363
0.76645601894
0.557100710253
0.633156073575
0.670358768895
0.646210162083
0.675035512657
0.628136951375
0.525437989437
0.454345292296
0.845725733018
0.71993261701
0.721575305045
0.600948825351
0.592398470224
0.565447095247
0.725955199417
0.691602622473
0.565916955017
0.619823347296
0.691739209616
0.693101438718
0.680979785103
0.535082862867
0.634163176106
0.613547623384
0.795325077399
0.766377708978
0.829704971772
0.804742305591
0.575916955017
0.826476051721
0.737293753415
0.621276634493
0.694545620106
0.607872882899
0.710610089237
0.849034784192
0.812150792205
0.676261154617
0.817727189947
0.68808413768
0.816616281187
0.722159898015
0.512981242032
0.776960480787
0.728590420688
0.630704789656
0.675445274085
0.786947732653
0.696731014387
0.79667637953
0.615920597341
0.695294117647
0.670812238208
0.610542706247
0.768929156802
0.739450009106
0.634824257877
0.687627026043
0.76217446731
0.733880896012
0.740861409579
