0.718972864688
0.460138408304
0.849845201238
0.499945365143
0.826741941359
0.478401019851
0.486563467492
0.510925150246
0.766275723912
0.921442360226
0.718703332726
0.738872700783
0.737769076671
0.722673465671
0.721788380987
0.39672372974
0.781052631579
0.515829539246
0.64971225642
0.453593152431
0.548211619013
0.534988162448
0.459459114915
0.543562192679
0.737086140958
0.69613003096
0.660854124932
0.362187215443
0.846018940084
0.69221271171
0.756567109816
0.572201784739
0.412884720452
0.620313239847
0.658772536879
0.589943543981
0.666253869969
0.80324713167
0.838413767984
0.688111455108
0.739309779639
0.716383172464
0.797652522309
0.717098889091
0.703044982699
0.558991076307
0.527466763795
0.829905299581
0.761644509197
0.599551994172
0.577046075396
0.573844472774
0.485250409761
0.824813330905
0.684496448734
0.557707157166
0.697701693681
0.654483700601
0.714716809324
0.808555818612
0.545108359133
0.730526315789
0.621697322892
0.802489528319
0.84637953014
0.828047714442
0.787311965034
0.639094882535
0.736104534693
0.838577672555
0.761467856492
0.763784374431
0.645814969951
0.670052813695
0.79158076853
0.858177016937
0.578271717356
0.912434893462
0.708772536879
0.834964487343
0.768411946822
0.597153523948
0.876681843016
0.759533782553
0.707029684939
0.643374613003
0.788870879621
0.698513931889
0.819725004553
0.666204698598
0.775458022218
0.617834638499
0.668479329812
0.928650519031
0.789167729011
0.694642141686
0.732584228738
0.806295756693
0.827084319796
0.794093971954
