0.768111455108
0.741544345292
0.865168457476
0.700222181752
0.753771626298
0.656594427245
0.704246949554
0.688725186669
0.76568930978
0.817543252595
0.819617556001
0.747464942633
0.724039337097
0.660225824076
0.839704971772
0.617058823529
0.853225277727
0.678359133127
0.794321617192
0.638521216536
0.660646512475
0.711965033691
0.741251138226
0.581813877254
0.738998360954
0.619510107449
0.705396102714
0.634694955382
0.895401566199
0.795702057913
0.820648333637
0.710945183027
0.497484975414
0.692019668549
0.705337825533
0.698506647241
0.734574758696
0.748532143508
0.900602804589
0.784246949554
0.82040247678
0.744028410126
0.795966126389
0.799972682571
0.723358222546
0.625224913495
0.637197231834
0.863977417592
0.79498998361
0.802769987252
0.671615370606
0.731433254416
0.700242214533
0.891533418321
0.790819522856
0.629204152249
0.793451101803
0.659400837734
0.817856492442
0.874236022582
0.656965944272
0.813556729193
0.769435439811
0.733503915498
0.898572209069
0.810047350209
0.810109269714
0.778404662174
0.775337825533
0.850052813695
0.895916955017
0.863037698051
0.740289564742
0.742413039519
0.764028410126
0.831540702968
0.640570023675
0.901547987616
0.679648515753
0.869165907849
0.806496084502
0.781584410854
0.834447277363
0.900730285922
0.666825714806
0.616512474959
0.761043525769
0.728787106174
0.826430522673
0.708732471317
0.649397195411
0.699896193772
0.798770715717
0.92491349481
0.892942997632
0.713924603897
0.846847568749
0.78542159898
0.861203788017
0.811715534511
