0.383753414679
0.516496084502
0.743616827536
0.201930431615
0.834427244582
0.481201966855
0.239928974686
0.483817155345
0.718421052632
0.840471680932
0.45771079949
0.450868694227
0.949834274267
0.880559096704
0.446955017301
0.530165725733
0.656293935531
0.500433436533
0.633553086869
0.435672919323
0.409005645602
0.282367510472
0.23546894919
0.375825896922
0.718424694955
0.729533782553
0.764270624659
0.322944818794
0.918346384994
0.737288289929
0.806384993626
0.534206883992
0.561735567292
0.534964487343
0.682984884356
0.720806774722
0.446457840102
0.78305590967
0.772121653615
0.466468767073
0.458133309051
0.533591331269
0.42074667638
0.56755782189
0.469124021125
0.450713895465
0.689644873429
0.750469859771
0.44398470224
0.667545073757
0.636401384083
0.36427244582
0.382099799672
0.63047896558
0.690945183027
0.354959023857
0.417062465853
0.803706064469
0.540595519942
0.662944818794
0.499433618649
0.509052995811
0.36365871426
0.774523766163
0.879315243125
0.701901293025
0.605135676562
0.502156255691
0.911697322892
0.669142232744
0.351500637407
0.759054816973
0.373409215079
0.636184665817
0.820171189219
0.931010744855
0.634744126753
0.696069932617
0.52029684939
0.717754507376
0.635481697323
0.336625386997
0.55195410672
0.601476962302
0.637137133491
0.690267710799
0.721680932435
0.586741941359
0.705108359133
0.651356765616
0.544574758696
0.64491349481
0.634449098525
0.697781824804
0.758087780004
0.271429612093
0.738275359679
0.6300764888
0.559315243125
0.572507739938
