0.686625386997
0.872861045347
0.794984520124
0.755902385722
0.743066836642
0.733451101803
0.808779821526
0.791469677654
0.764042979421
0.737426698233
0.81808413768
0.682453105081
0.809814241486
0.746658167911
0.834758696048
0.793817155345
0.831608085959
0.82715534511
0.772531415043
0.790537242761
0.760551812056
0.804064833364
0.870509925332
0.655465306866
0.809524676744
0.626798397378
0.683252595156
0.705545437989
0.91165725733
0.807506829357
0.862321981424
0.842374795119
0.641028956474
0.699650336915
0.768147878346
0.820098342743
0.689528319068
0.669879803315
0.934394463668
0.829470041887
0.805578218904
0.850278637771
0.726499726826
0.765075578219
0.824893462029
0.722041522491
0.799244217811
0.853740666545
0.7748661446
0.858963758878
0.76999089419
0.79777818248
0.771730103806
0.833019486432
0.775829539246
0.640169368057
0.792467674376
0.773604079403
0.845246767438
0.880783099618
0.79704971772
0.763241668184
0.809428155163
0.617929338918
0.911209251502
0.778311782918
0.773766162812
0.786232016026
0.737698051357
0.792489528319
0.863930067383
0.890398834456
0.776792933892
0.750855946094
0.743602258241
0.753727918412
0.660905117465
0.846232016026
0.707264614824
0.817849207795
0.748401019851
0.798353669641
0.827539610271
0.927592423966
0.718477508651
0.790657439446
0.756643598616
0.690320524495
0.715365142961
0.935716627208
0.510522673466
0.781670005463
0.828248042251
0.847834638499
0.888501183755
0.563387361136
0.841169185941
0.82328537607
0.826435986159
0.845829539246
