0.731582589692
0.889839737753
0.790027317429
0.678073210708
0.763773447459
0.770906938627
0.799005645602
0.74457840102
0.755818612275
0.720305955199
0.80487525041
0.672760881442
0.801300309598
0.739548351848
0.842374795119
0.838275359679
0.828909124021
0.826084501912
0.645878710617
0.758273538518
0.74461664542
0.650526315789
0.862839191404
0.611247495902
0.796011655436
0.62630304134
0.694379894373
0.665570934256
0.920932434893
0.785394281552
0.850260426152
0.819297031506
0.630349663085
0.538306319432
0.748603168822
0.795760335094
0.694796940448
0.652414860681
0.910158441085
0.850293207066
0.767621562557
0.876740120197
0.738366417775
0.764221453287
0.834197778182
0.694971771991
0.793463849936
0.852527772719
0.73693498452
0.864276088144
0.758269896194
0.756008013112
0.726663631397
0.825716627208
0.71645601894
0.597038790748
0.706862138044
0.766716445092
0.921881260244
0.884764159534
0.755676561646
0.733072300127
0.812839191404
0.675419777818
0.767415771262
0.763381897651
0.762056091787
0.772482243671
0.736208340922
0.737636131852
0.837013294482
0.785723911856
0.726383172464
0.77634128574
0.762695319614
0.772504097614
0.667616099071
0.815050081952
0.680180295028
0.773283554908
0.712669823347
0.773771626298
0.812150792205
0.918794390821
0.705927881989
0.80114004735
0.789409943544
0.674895283191
0.79845747587
0.85767255509
0.549331633582
0.771056273903
0.8399617556
0.85896558004
0.876020761246
0.527412128938
0.940575487161
0.819151338554
0.834296120925
0.806102713531
