0.578210585316
0.783554298101
0.79586524752
0.672251687826
0.967964544142
0.700471773432
0.975053039573
0.964154853251
0.842064789306
0.793020512599
0.991220185219
0.964922191281
0.862897276435
0.710829617714
0.853616220966
0.975146526001
0.950733038859
0.798922348876
0.929232320019
0.960391132467
0.523617484698
0.790800804626
0.983278834274
0.848101056926
0.967070951858
0.921919802085
0.968180240882
0.862038236068
0.966827244871
0.937779667594
0.656129382362
0.941791852943
0.990664886539
0.807300564516
0.801657956828
0.968173699211
0.930258143266
0.915660404008
0.983006343934
0.731950027579
0.982779645293
0.773345217369
0.719529772781
0.927499431321
0.699727658334
0.783372201763
0.514577727691
0.807650900744
0.877844103055
0.891220096014
0.929258486703
0.974550639225
0.929015077065
0.966742619434
0.631316109906
0.733805959165
0.974532382016
0.740316349272
0.477530667801
0.870557989685
0.949895615742
0.972555488982
0.698580546557
0.975324816276
0.278659314225
0.756274934546
0.599660784614
0.560979942344
0.602967867014
0.782890021127
0.983205924375
0.790324987251
0.99120169013
0.788278395685
0.777078340973
0.722570014466
0.925584327345
0.967748728463
0.937001506071
0.928958402405
0.791014182046
0.968029901384
0.998808702207
0.966478276448
0.878768381724
0.913137905862
0.950252790989
0.903771689729
0.852893544709
0.982779110065
0.775129458186
0.820184296718
0.740706708632
0.81494688609
0.902762874827
0.615714491734
0.695754217519
0.645309933974
0.721841539909
0.870525846292
