0.579737232962
0.736247786611
0.962198477277
0.674200392203
0.929423693636
0.669922942087
0.959520733381
0.820526931614
0.362610780971
0.673009986456
0.992153979046
0.780205795029
0.777325080916
0.712843679333
0.809256197118
0.99642170586
0.994986849754
0.698962342275
0.853086434804
0.99564972919
0.599740117245
0.800986186667
0.994905465418
0.98756080409
0.960577153808
0.992676718044
0.958202883985
0.793107933114
0.889621311575
0.853698735227
0.607001877757
0.777636583404
0.872141698545
0.855247267737
0.775552525903
0.861777461267
0.988460581227
0.669441237208
0.888388503905
0.794468184433
0.996203095103
0.852465659943
0.752490994052
0.893352770026
0.612781890275
0.746274146572
0.696867937039
0.85186813775
0.854832050026
0.721513029076
0.989950744189
0.995124076175
0.931102524342
0.962937031955
0.710149492054
0.612812874009
0.962112602976
0.617353507451
0.412746476046
0.797702684018
0.813933938041
0.754365658605
0.809872095461
0.962854904246
0.399137569858
0.798696185462
0.646861737319
0.617502538614
0.796015854632
0.79285691135
0.959299268076
0.748266977495
0.996502882052
0.6855447205
0.728418357713
0.775971044185
0.815291245609
0.794854499852
0.96201406162
0.822529277695
0.744442954397
0.760232050918
0.78487381265
0.957133320746
0.620406089106
0.963587630889
0.962857342506
0.60502361692
0.677170102779
0.964190059336
0.737800363063
0.816423133133
0.706819840889
0.852392066142
0.927729103449
0.745838084718
0.596800795705
0.679019760307
0.754464675719
0.639003673743
