0.558611738434
0.748617759745
0.912981262572
0.636908525136
0.925539635837
0.666517585945
0.959259750435
0.919436197148
0.679591086081
0.749555270431
0.969962132644
0.948754510408
0.921053268531
0.871097588353
0.877938868083
0.99310448387
0.95124932539
0.896462918388
0.925909240259
0.962046651036
0.5448102395
0.898151561601
0.9592893961
0.874533987699
0.969738318285
0.891251258157
0.935197848385
0.767867935553
0.948689212636
0.955506942349
0.641733364456
0.922957846363
0.960949345164
0.784618390124
0.868186931228
0.907586524752
0.939118331398
0.920201334798
0.959259750435
0.725891666952
0.986912286597
0.796956725358
0.705618314301
0.952965146273
0.91306234956
0.755778273029
0.441893873279
0.772953995697
0.974721733662
0.921512315439
0.951512181632
0.969703825837
0.925311301778
0.969958861809
0.588635362788
0.708552164624
0.950921914747
0.72548108788
0.505234526346
0.88724641732
0.960704210903
0.923968385887
0.8722699153
0.976214186209
0.215795162434
0.72166316043
0.572915340368
0.40742015816
0.891455744851
0.766873661002
0.979487400593
0.926448184761
0.982660408468
0.780331662729
0.784466772027
0.809920414623
0.898034138603
0.914965291974
0.949500231189
0.925366311285
0.904323122875
0.921880254709
0.961544161484
0.956317693288
0.892280025156
0.920713993675
0.944821627954
0.913155657579
0.761058769482
0.955497070372
0.905206575569
0.917622340402
0.896755687909
0.781695809316
0.838574777992
0.775496535144
0.705308060677
0.620743401461
0.88771188696
0.923541066084
