0.490643299024
0.478428987929
0.699787068603
0.687120192801
0.72291752588
0.719473365734
0.790338992374
0.597425406364
0.310537591565
0.648961554301
0.756840699899
0.875269182336
0.685354179459
0.784520770549
0.84295519996
0.754742696744
0.631586964828
0.550507083589
0.720503292393
0.998374305505
0.561444876756
0.42760050014
0.998236752001
0.684107485605
0.638205322244
0.743632143988
0.874262181261
0.635776637611
0.723492776657
0.741511839681
0.576485992647
0.6093035945
0.997039536969
0.756457328233
0.702195711935
0.997167099557
0.998562170408
0.998461517876
0.638882742031
0.543942932839
0.913652527241
0.805548437358
0.252277824775
0.7230424718
0.746226778926
0.739055144801
0.237744788593
0.740489584619
0.998267170772
0.519323501994
0.673164756449
0.687293874171
0.648348005013
0.631476737669
0.412520818125
0.493967300565
0.784077096568
0.461194092871
0.439696436722
0.815838872692
0.722424581222
0.805398543883
0.510494981497
0.791413699746
0.262355507121
0.660671086259
0.388759267987
0.315515565461
0.491716698062
0.573097496175
0.667550307682
0.487572995387
0.998275496535
0.339542201956
0.360447985537
0.77386614254
0.635849696184
0.473689517418
0.997801730867
0.717422641021
0.510261979064
0.684304716991
0.912923428252
0.835900929363
0.336536036431
0.515548422491
0.715920524642
0.716809954045
0.643965293461
0.913671795436
0.672160996475
0.74310732355
0.631011892461
0.682845775641
0.635659393022
0.634905554622
0.539828816359
0.650294746889
0.56996876352
0.338720449115
