0.692877458144
0.987885062837
0.72564462966
0.945174134827
0.986490081191
0.684679822364
0.997418180791
0.8679140246
0.695310008311
0.734959434205
0.984773368262
0.996359381574
0.977259188446
0.541273187623
0.813996886759
0.979129868527
0.920437399924
0.847310555432
0.731028187169
0.980158754466
0.608958759223
0.847625269286
0.997279378422
0.732797263203
0.996664758679
0.800726244441
0.996861662982
0.733652348832
0.986522908486
0.998323191265
0.540270706248
0.857002754936
0.924926443368
0.867686612321
0.754048803841
0.998616912301
0.987281117912
0.814731397494
0.988088627751
0.727267350668
0.980271776703
0.815718357267
0.665814861785
0.878221914301
0.606790552043
0.887375139568
0.796803679987
0.867348170042
0.936195453241
0.614320075051
0.865607788157
0.979599441579
0.736038036844
0.979346457313
0.866613659307
0.54440150399
0.863130635687
0.665612248387
0.457843984116
0.865351592525
0.808624360886
0.997346519757
0.603792860955
0.996881347465
0.159279405184
0.486406020716
0.657824269897
0.538529521521
0.465354298398
0.78840221168
0.994736690301
0.674383796875
0.997418180791
0.795855970241
0.476846438729
0.741417223328
0.986794863599
0.801225314483
0.996693660972
0.73630689953
0.790773151197
0.738632760987
0.866410272803
0.800793921003
0.42486007514
0.863843023679
0.867245168455
0.996894282133
0.735045130097
0.803510082351
0.603030726527
0.58834083891
0.674600534336
0.996240501568
0.864546193862
0.44213992932
0.548337449135
0.806816005091
0.655145723159
0.53114269615
