0.733398056232
0.826164484375
0.888872052345
0.810948021962
0.983116571094
0.819226774465
0.999443957949
0.882261039442
0.698776261465
0.723365987175
0.896868531737
0.925239046046
0.933002939292
0.78572622214
0.875688652133
0.937051163302
0.817491774592
0.940449412811
0.889459732297
0.999073877769
0.64239080241
0.940561721411
0.940794723845
0.827741978647
0.999073877769
0.839125497502
0.848023716532
0.718472222429
0.999287552538
0.948924831738
0.819817754988
0.88248839225
0.932592181811
0.832180145731
0.831757018544
0.948723229326
0.999328378513
0.883206459603
0.99115619578
0.690218328276
0.948859533965
0.817970595188
0.752782574177
0.86648799975
0.843446776815
0.818153524102
0.562609888925
0.869418252155
0.941160760083
0.819601879838
0.925639693671
0.937207568714
0.874431134787
0.937051163302
0.696377549579
0.702945090104
0.939300070918
0.561982215575
0.532682486608
0.891877563703
0.941400006839
0.86664348338
0.720671115994
0.999073877769
0.329265325723
0.752262422113
0.669529460565
0.619798248914
0.713637957155
0.791267404191
0.916045916585
0.939520346828
0.999131147127
0.817772590695
0.756734130129
0.811297376939
0.882970870236
0.923463844629
0.898587891069
0.87150825663
0.876955446759
0.925285254032
0.940953299901
0.867596931956
0.812702141357
0.934083861251
0.896820837007
0.925123109792
0.80422886334
0.940710693105
0.640231961713
0.765619206347
0.882687675343
0.751449381589
0.824332935382
0.771239334474
0.563116095336
0.752141966159
0.772334618375
0.756630117557
