0.698302585001
0.92199800479
0.899750554184
0.851657733816
0.938876586913
0.856860295178
0.977689392531
0.829971618068
0.729441356148
0.947156380137
0.876918516052
0.806312534288
0.892940436597
0.808389187807
0.856755568969
0.873076770972
0.67380366958
0.850499055175
0.848962862635
0.891278614236
0.796057513184
0.822045431906
0.988713416819
0.902744379738
0.981060494104
0.877420916399
0.944934233903
0.938300533295
0.938481529443
0.943008128026
0.94067780634
0.861779364298
0.947042792937
0.981805233634
0.901094332385
0.981533516401
0.972791762252
0.859121156211
0.9055479616
0.628886592696
0.984657461742
0.895910444521
0.756147312488
0.808925664314
0.805877869972
0.89366516456
0.660188132516
0.944946127851
0.931000295862
0.728541192457
0.965218885805
0.833211083375
0.803209938583
0.868966401085
0.858491401419
0.669794160369
0.825534699849
0.640352358198
0.546420382658
0.945644421516
0.736488282231
0.830535034366
0.762871585508
0.938195777351
0.447022900309
0.853839529832
0.744966288092
0.762665909419
0.572589119119
0.763835322348
0.937787636539
0.750503931693
0.974896515222
0.751146918501
0.778650364029
0.90527211122
0.829724818654
0.767085878762
0.933709856068
0.838307431784
0.730798247427
0.729794844271
0.867655836732
0.951870784153
0.629493897662
0.940338709893
0.972532474194
0.8062088488
0.950885430063
0.946162402934
0.392513622287
0.66884142543
0.843878913666
0.9440699602
0.939126419282
0.707146062137
0.560039725785
0.803088620317
0.935425320133
0.358247099735
