0.684159491891
0.819984448663
0.907226911246
0.770621235751
0.922507987529
0.689062087893
0.999443957949
0.769700108978
0.548187882744
0.701988043609
0.936812422039
0.952085172559
0.868070905769
0.902296602345
0.768571819373
0.922374329293
0.846014025938
0.885829431871
0.797631974499
0.977048665573
0.622177811543
0.908151011506
0.973548098381
0.836606864889
0.885700114925
0.845324087771
0.998333776878
0.852905468391
0.999256925623
0.88541061624
0.756694731427
0.952074765355
0.922484853801
0.883470772854
0.767683609099
0.954453435938
0.88312540235
0.857661709368
0.985030872228
0.722466388447
0.998724255179
0.883332238099
0.7038382661
0.829100059321
0.760066576372
0.861324985764
0.567266785705
0.869939444939
0.883082138115
0.833711194137
0.881781534944
0.922678576473
0.859742109481
0.922374329293
0.768533550596
0.779652012828
0.90768238997
0.579577735125
0.362829599873
0.8714276454
0.922292796282
0.740988387047
0.685695208672
0.977048665573
0.353313163181
0.719101501462
0.670050653349
0.6008241911
0.803728722843
0.796063341218
0.941112886944
0.973421427839
0.998835463589
0.741028915673
0.742635609587
0.745737402451
0.817924357467
0.896672489745
0.883074823338
0.880434902195
0.879282913898
0.805604784935
0.951413551072
0.913109241449
0.78355007575
0.885577607265
0.976164231629
0.860238711529
0.724687018202
0.895263443506
0.680676111452
0.928408366797
0.861283000129
0.843503064922
0.834513678783
0.7773434868
0.584158361966
0.702613189496
0.928400189708
0.597136859195
