0.654467322122
0.817875770691
0.766502480631
0.917677112031
0.846322763083
0.780330949092
0.997938897818
0.816150850938
0.395882434275
0.822390594266
0.881418055905
0.78538227891
0.748890160881
0.509371300796
0.780288666109
0.843445676624
0.661409730141
0.947607755449
0.602302787198
0.941973116705
0.957350801578
0.947761425252
0.95837213486
0.618620331811
0.893305759198
0.921048748831
0.997397842141
0.77850722037
0.909008208311
0.998555480062
0.959450648294
0.995501352193
0.894981170394
0.998337761351
0.782508106469
0.999030108042
0.802217804942
0.780462496153
0.949670582253
0.676450132395
0.957816657771
0.782120393511
0.775987249688
0.773554550847
0.956101877608
0.894160815092
0.623100008772
0.997403967524
0.785045382844
0.589557084258
0.956659406403
0.835518747092
0.8194539786
0.883727860532
0.997230137479
0.581536727767
0.882249383373
0.527774895147
0.239247113116
0.909657915199
0.779148304146
0.816109638409
0.780335885081
0.941461617488
0.442405669845
0.688997117204
0.757321007239
0.609580753214
0.584277955609
0.760566687134
0.744720499665
0.637524988441
0.998185102533
0.776695831617
0.550109885209
0.855160412185
0.704123661373
0.676678971947
0.957745918518
0.91991139009
0.818741858221
0.733790615973
0.958014543324
0.871951603527
0.510135932954
0.820760885564
0.997375481519
0.781749897043
0.709283315319
0.997650172239
0.406018694312
0.546239059427
0.815756209756
0.958179215029
0.779277948175
0.596915215481
0.435049411919
0.826392967109
0.685310558406
0.340610337922
