0.937056668897
0.976673828056
0.971883915049
0.951773324411
0.984693410348
0.984108759201
0.971709576304
0.98146550206
0.959259324481
0.97392491107
0.943822421019
0.991645828197
0.972817243687
0.778475328426
0.974074595851
0.891978656711
0.961381326383
0.940730109534
0.974317613496
0.981791286585
0.925513330751
0.874729686895
0.949027929419
0.907170781531
0.925844398267
0.963200436727
0.991961046737
0.97211636671
0.977686401578
0.960208502096
0.99714366217
0.993722044166
0.923821012221
0.987940689607
0.977654703624
0.955730285634
0.992286831261
0.941106962984
0.914396153982
0.865100552953
0.96201352446
0.913214524707
0.972915859543
0.972310076427
0.866896770331
0.964154897334
0.955476702004
0.984402845772
0.930238086852
0.940488852886
0.922539006093
0.857338076286
0.980051421125
0.949344908956
0.961567992111
0.928802873948
0.950788926848
0.944746944669
0.897358503857
0.981453175078
0.932305497834
0.994632479837
0.957505371042
0.955029408657
0.842429472053
0.910470890712
0.958051280245
0.982765118163
0.968175254464
0.930607896312
0.981490156024
0.992270982284
0.993457894551
0.871514105589
0.872350579368
0.972408692283
0.982883104991
0.989206846758
0.98296587187
0.99311626105
0.907593420914
0.916637903709
0.971825802134
0.95743140915
0.977360617053
0.926429049414
0.914940302187
0.94151375339
0.997303912936
0.982953544888
0.966495262917
0.911302081499
0.973158877188
0.934797309196
0.9837671257
0.993267706829
0.990362061071
0.988685591519
0.995185433029
0.924493713239
