0.940427217976
0.986496671715
0.974867044694
0.957658577818
0.975768675378
0.972637621949
0.950714964956
0.967379283626
0.927022505547
0.980222237876
0.955948649315
0.986929877082
0.949300884021
0.868622547811
0.959165991618
0.882055436199
0.940689606593
0.923303278977
0.952755960976
0.966724192583
0.936822456239
0.864579297714
0.962076920368
0.925576726658
0.939576656218
0.954155953932
0.99337688867
0.950021131969
0.969420279646
0.962201951185
0.998735603846
0.991763815025
0.929292431233
0.988451378861
0.979815447469
0.951577853696
0.994297890325
0.928172436868
0.90043144437
0.874514845208
0.95333532913
0.92502025147
0.952431937449
0.970478639101
0.884284858944
0.939286091642
0.950936850632
0.974375726411
0.914927975205
0.919562920438
0.933587503962
0.863730496953
0.968295002289
0.953138097418
0.942735885606
0.903134575424
0.954775825027
0.898122776741
0.901299616103
0.97112316416
0.917574754341
0.996793223682
0.922729193815
0.954464128482
0.825699996478
0.882361849752
0.949179375198
0.988710245483
0.948924030571
0.939793258902
0.969726693199
0.992927834325
0.989995773606
0.850114464833
0.862133272285
0.97360969253
0.969031099215
0.984388757792
0.968810974536
0.986864720178
0.861518684183
0.916081428521
0.947745923291
0.964709611524
0.96443137393
0.936656922481
0.909502342127
0.92526679111
0.997814602191
0.972658753918
0.974543021167
0.881886380446
0.952431937449
0.941869474871
0.971471841651
0.993063431127
0.986139189237
0.988458422851
0.995812348114
0.925916599162
