0.945044553235
0.988011129504
0.973697742401
0.962314655021
0.976099742894
0.97260944599
0.951299616103
0.96728066777
0.927607156694
0.984297185926
0.961900820625
0.985728876836
0.949272708062
0.865303067658
0.959011023844
0.882152291058
0.939192758779
0.923859754165
0.952276969676
0.96617123939
0.934547247561
0.87014404959
0.962723206424
0.92552037474
0.941119289966
0.954543373367
0.993017645194
0.950316979537
0.969029338217
0.962990878033
0.998415102314
0.99162997922
0.926645652097
0.989296657627
0.983443102173
0.951829676329
0.993487831508
0.932286126862
0.900751945902
0.872458000211
0.95358891276
0.925485154792
0.952600993203
0.968981791287
0.882816187088
0.94032860212
0.954226393829
0.974312330504
0.919601662382
0.92119184306
0.931854682492
0.862751382383
0.967125699996
0.959956679463
0.944250343394
0.906536822456
0.954997710703
0.897277497975
0.907780086641
0.969989081816
0.917770225055
0.99634240834
0.925106540344
0.954133060966
0.829095199521
0.886250132075
0.949080759342
0.991358785616
0.948571831085
0.938004085514
0.971455992674
0.992237523333
0.988889867221
0.862342830979
0.853030676575
0.972310076427
0.969256506886
0.985885605607
0.967638150248
0.986244849083
0.865928221745
0.915070615997
0.947809319198
0.965701053076
0.966076145529
0.93593843553
0.915961680696
0.929281865248
0.998268939527
0.973010953404
0.973796358257
0.885774662769
0.952600993203
0.947208819075
0.971146057127
0.994792730603
0.984600077484
0.990256401226
0.996108195682
0.925751065403
