0.938116789349
0.986334659951
0.97299334343
0.962666854506
0.975768675378
0.972637621949
0.950714964956
0.967344063678
0.927378227028
0.980215193886
0.953895326313
0.984936427993
0.949300884021
0.868622547811
0.956468143557
0.89466417779
0.93902722502
0.922880639594
0.952755960976
0.966167717395
0.946190962561
0.878392561547
0.963112386856
0.92528087909
0.948423907301
0.951458105871
0.993306448773
0.950021131969
0.969776001127
0.966505828901
0.998439756278
0.991763815025
0.92789067728
0.988451378861
0.980459972528
0.955363998169
0.994636001831
0.928010425105
0.908940583947
0.87421899764
0.957537068996
0.931127390554
0.952431937449
0.972880639594
0.892533370901
0.940754763498
0.952144894868
0.974020004931
0.91715739795
0.924108054802
0.932935934914
0.872535484098
0.969119149086
0.957984362343
0.943915753883
0.902873947804
0.962443207833
0.898946923537
0.898601768041
0.970827316592
0.912179058219
0.996631211918
0.923077871306
0.958267882929
0.825699996478
0.882361849752
0.953078223506
0.988801817349
0.948924030571
0.949422392843
0.97007537069
0.993378649667
0.989960553658
0.851403514951
0.853500862889
0.976011693023
0.969221286937
0.984476807664
0.967634628253
0.986829500229
0.861518684183
0.916419540027
0.94739020181
0.968252738351
0.965611242208
0.936656922481
0.913531504244
0.92526679111
0.998378121368
0.972658753918
0.977790300426
0.881886380446
0.952431937449
0.950681506005
0.971471841651
0.993412108618
0.984145740147
0.98822597119
0.995812348114
0.931692670729
