0.801354207023
0.791318282675
0.943429718593
0.746000774839
0.990511745853
0.993146198007
0.952210051773
0.972621772972
0.987179938717
0.942790476526
0.842864438418
0.980660726235
0.95204804001
0.939830239848
0.992984186243
0.783950269433
0.923526925651
0.976490684324
0.99282217448
0.980650160251
0.921424294721
0.773715352376
0.794877258479
0.915019547071
0.931951537351
0.929260733279
0.987533899201
0.990244074244
0.989548480259
0.793635755292
0.990504701863
0.982108266122
0.925928926144
0.804370795619
0.940237030254
0.843834748001
0.987764589864
0.863233895679
0.972743281795
0.73037016166
0.977770929454
0.912971507062
0.993146198007
0.794759271651
0.911654280985
0.989548480259
0.794761032649
0.982707005248
0.816224069313
0.779014193639
0.932800338112
0.921248194978
0.993146198007
0.783934420456
0.794223928433
0.959817560666
0.614079174444
0.984115803191
0.710770260275
0.992741168598
0.884682844363
0.996048321769
0.989143450851
0.794019652731
0.760490261684
0.804254569788
0.791857147889
0.938384460959
0.99008206248
0.975888423203
0.994947698376
0.982435811644
0.978521114359
0.778595076251
0.764019300532
0.797823407178
0.973380762864
0.974815975769
0.978426020498
0.973981262987
0.962054027401
0.940841052372
0.838086852393
0.7453421618
0.843665692248
0.839256154686
0.789553763252
0.96232169901
0.99350015849
0.984943471983
0.84077413447
0.809431902229
0.993146198007
0.607579332934
0.887930123622
0.895859895045
0.977448666925
0.982428767654
0.985373155355
0.969973232839
