0.938116789349
0.986595287571
0.97299334343
0.962864086218
0.975768675378
0.972637621949
0.950714964956
0.967699785158
0.926702004015
0.981056950657
0.954025640123
0.984742718276
0.949300884021
0.860345859895
0.956468143557
0.89466417779
0.938833515303
0.922880639594
0.952755960976
0.966167717395
0.946190962561
0.878491177403
0.963112386856
0.93419152608
0.94819849963
0.951458105871
0.993306448773
0.95037685345
0.969099778114
0.967653999225
0.998439756278
0.991763815025
0.936607614553
0.988028739478
0.980946007819
0.955494311978
0.994410594161
0.919895748952
0.908940583947
0.882935934914
0.956635438312
0.931127390554
0.952431937449
0.972686929877
0.901444017892
0.940885077308
0.952275208678
0.974375726411
0.908880710034
0.924108054802
0.942202303385
0.881446131089
0.969119149086
0.959069136759
0.943915753883
0.894597259888
0.96176698482
0.898946923537
0.890325080125
0.970827316592
0.912179058219
0.997148945163
0.923208185116
0.958267882929
0.826333955552
0.874085161836
0.952402000493
0.988801817349
0.949022646427
0.949778114324
0.9702056845
0.994090092628
0.989960553658
0.835110766738
0.86276723136
0.975817983306
0.969221286937
0.984607121474
0.967440918536
0.986829500229
0.853241996267
0.925104779347
0.947745923291
0.968252738351
0.965611242208
0.945567569471
0.905254816328
0.916990103194
0.998152713697
0.972658753918
0.977790300426
0.87360969253
0.952431937449
0.950780121861
0.971471841651
0.993542422428
0.984307751911
0.98921212975
0.995812348114
0.931692670729
