0.95087697672
0.956977071813
0.980576198359
0.825791568344
0.979736202585
0.978498221393
0.962253020111
0.975927165146
0.945373859754
0.963473391329
0.837886098686
0.990120804424
0.961862078681
0.708660585356
0.970947064417
0.654265135773
0.95408199204
0.843227203888
0.96382206882
0.976252949671
0.802468918395
0.637660691015
0.865706336069
0.789979924629
0.803180361357
0.968626069806
0.990365583066
0.961258056563
0.971609199451
0.849131828268
0.997337371887
0.98884936428
0.805411545099
0.98897967809
0.971109076181
0.85210967492
0.990691367591
0.855818335505
0.780560349382
0.660483217695
0.854649033212
0.792461170007
0.962614024584
0.868044940654
0.6241098158
0.942080794562
0.941610608249
0.975141760293
0.839227978727
0.820408199204
0.800519494242
0.611228119607
0.973208185116
0.841258408763
0.934661712394
0.840948473215
0.744238016412
0.921966681929
0.806189905963
0.974416229352
0.943230725883
0.994662416793
0.93197266932
0.852500616349
0.607611030888
0.789796780897
0.850952699609
0.987382453422
0.946338886345
0.806559715423
0.966452998979
0.993604057338
0.993100412073
0.658576057479
0.667035889128
0.868796886557
0.977804388406
0.979126897475
0.977887155285
0.992172366428
0.809074419751
0.795366815764
0.956663614271
0.85892473497
0.96517803684
0.8059592153
0.739083576938
0.857721973726
0.997497622653
0.97949318494
0.87305497834
0.79603423379
0.962857042229
0.728628535202
0.977161624344
0.982238579932
0.991901172824
0.983832282605
0.993679780228
0.802597471208
