0.524849401587
0.716195631983
0.813370750736
0.684964042141
0.730614600748
0.686390414776
0.641822572513
0.92502322002
0.618917018284
0.576858265
0.530450070323
0.468054560412
0.688270572937
0.82799803625
0.59899822201
0.898237932224
0.885196242337
0.706870472096
0.750878380171
0.507141151182
0.601329511982
0.52191837168
0.662248228644
0.610337552743
0.622089536396
0.719660058913
0.705249051296
0.257539208662
0.680472626914
0.603858503835
0.981065732558
0.619451742165
0.868517633946
0.919673327495
0.519941352865
0.542830984794
0.599730647772
0.504482127219
0.896555475944
0.648718254916
0.552990738529
0.681668126211
0.843747843855
0.451208767879
0.712023989597
0.794445771303
0.485526630045
0.726396518324
0.841071570735
0.729308972216
0.656355651089
0.807382639386
0.641792054773
0.799146830136
0.633354563066
0.721123583579
0.89701722262
0.641524029403
0.677874638431
0.762148714274
0.710105352546
0.534743783669
0.400554626755
0.751539155587
0.594445771303
0.82439561606
0.619167794496
0.61549372396
0.574680890587
0.706362285381
0.631390812833
0.836971578696
0.653116790064
0.516105405621
0.736305495847
0.537037921609
0.39973993578
0.719970543747
0.77934347053
0.908337977337
0.721245654539
0.604350768251
0.902895204734
0.619013878937
0.799669612292
0.580577448717
0.674123610116
0.356467107184
0.79689515166
0.822097497545
0.713345540429
0.871828145318
0.453122097498
0.733343948199
0.536554945201
0.636544330335
0.873744128652
0.81604437014
0.826224026749
0.907833771197
