0.859368946209
0.985919380092
0.988953904944
0.964509195128
0.942675742377
0.877696839424
0.933735371388
0.99880715442
0.846609877133
0.753648860229
0.955303452485
0.662074410212
0.858737361675
0.983032136507
0.895995541756
0.980756574583
0.978622986493
0.942536422259
0.947517448186
0.9220099249
0.941834514237
0.858130987448
0.988952578086
0.858421569408
0.935141841149
0.974706100894
0.925763606932
0.758746649683
0.973367300905
0.972941379402
0.994023830374
0.845531141363
0.992097232174
0.993792957036
0.915871878566
0.861546320622
0.95615662235
0.939582835761
0.982443011438
0.774485842422
0.938875620306
0.835555820927
0.995386513813
0.715407478173
0.96394926094
0.956069049704
0.962160655999
0.781266088156
0.991931374891
0.856871798954
0.851678475705
0.860906774938
0.934572618953
0.994218878539
0.961888650054
0.985835788021
0.939416978478
0.951356049147
0.914035506727
0.833063981106
0.968625109466
0.961734734496
0.858818300029
0.979907385293
0.974659660855
0.983868057214
0.916183690258
0.74450149935
0.990137462516
0.970038213518
0.962195154314
0.965083724757
0.823835681872
0.842868136826
0.894299816894
0.961944378102
0.943352440092
0.990266167768
0.953959345063
0.98249475891
0.986690284744
0.929437677467
0.789666427832
0.956873125813
0.995107873577
0.935590319242
0.950809383542
0.940171960831
0.99226043574
0.986743359074
0.784142716875
0.994038425815
0.925247459066
0.953679377969
0.980374439402
0.70229413794
0.98918610514
0.944802696176
0.961462728551
0.993734575273
