0.936374492477
0.989547010588
0.987369636175
0.977801661227
0.944742987554
0.814288936656
0.904598890746
0.99864660457
0.928506222965
0.832416474272
0.937040575326
0.77292014967
0.939941087493
0.984995886739
0.898302948279
0.982050261391
0.977130270944
0.962309264124
0.966341586392
0.910336225884
0.932249290131
0.938581057771
0.984903006661
0.9414192076
0.933308123026
0.966357508691
0.931845925218
0.824588010509
0.979736220577
0.970436270998
0.99570230608
0.923725552636
0.991660695804
0.995776610143
0.920091287849
0.942304222063
0.934198444922
0.917227927713
0.981179842369
0.856014648515
0.937631027254
0.753843908394
0.992126423055
0.895517872781
0.960242018948
0.964606055781
0.943863280524
0.910833797734
0.991321020089
0.935509380888
0.931619032455
0.937433325372
0.926550433883
0.991869012552
0.938289148953
0.987523551734
0.955410928005
0.932071491123
0.776811824961
0.887995913277
0.977410238038
0.962185866306
0.93879600881
0.978912241594
0.958708170793
0.98602022132
0.921103680705
0.862286707534
0.995682403206
0.970799830162
0.961462728551
0.952396306027
0.881906960698
0.922137303293
0.830906509567
0.959554706366
0.942174189953
0.989572220895
0.960360109333
0.981390812833
0.980698192819
0.944520075366
0.914775893639
0.936836239153
0.992772603031
0.931660165061
0.96326858265
0.957644030465
0.979021043972
0.979888809277
0.903266725048
0.992269723748
0.924881246185
0.955879308972
0.977808295518
0.834540774354
0.986309476422
0.932324921052
0.94019584428
0.987179895444
