0.947395377226
0.989374519014
0.988003874426
0.979906058435
0.948192819043
0.870184167927
0.911111111111
0.998596183956
0.940758432184
0.776595547064
0.943871241674
0.719097471008
0.952559509593
0.985415173951
0.909368946209
0.982342170209
0.973561022212
0.96459146034
0.96546320622
0.914765278773
0.927515059841
0.936874718043
0.983743332537
0.954159700661
0.940568691452
0.964749356474
0.938620863519
0.772723774646
0.980858742669
0.970595493989
0.995628002017
0.939616007218
0.991270599475
0.995874797654
0.922609664836
0.954824456652
0.942942440888
0.92809755062
0.983451423719
0.797792107847
0.941452379057
0.805620571611
0.992516519385
0.909407425099
0.962402144203
0.973320860866
0.952081840618
0.912234960062
0.992151633363
0.948716928058
0.944948650585
0.935947244115
0.931167900645
0.992529787968
0.946146803598
0.987964068678
0.956772284585
0.939509858557
0.779192208688
0.82612451238
0.979795929199
0.968329220073
0.937087015365
0.980257675875
0.955210572407
0.985656662155
0.921764456121
0.87064856832
0.996337871189
0.971699440066
0.969240771701
0.947683305469
0.820133747313
0.938441737654
0.881879096675
0.962468487116
0.941765517607
0.990792930499
0.964913886899
0.983894594379
0.978811400366
0.944697874373
0.913043016745
0.944301143752
0.992968978054
0.926164318128
0.966288512061
0.959947456413
0.976144415254
0.977367778574
0.916569806013
0.992415678157
0.920064750683
0.959233606666
0.976614123079
0.834768993976
0.986362550752
0.941904837725
0.93742005679
0.985826500013
