0.86136454104
0.977008199984
0.984512910331
0.956184486373
0.937363001884
0.793051243266
0.928699944272
0.997490911021
0.852373749436
0.813622853807
0.942249820874
0.781417349999
0.865254889473
0.989610699785
0.865314598095
0.983170129767
0.974306716557
0.941872993127
0.956847915506
0.876795902662
0.946063211528
0.935340869888
0.977077196614
0.86718414139
0.903107502057
0.970216012526
0.898719581774
0.796291431149
0.982787994586
0.971253615689
0.997110102699
0.790938884908
0.988234747764
0.997650134013
0.88485789348
0.870178860494
0.94424143513
0.905875328397
0.9540376297
0.846802271581
0.89194729719
0.737571318632
0.994772178436
0.760918716663
0.940230342595
0.952130934374
0.95100177799
0.883714141655
0.992740758432
0.866388026431
0.857649337898
0.9359286681
0.939755327336
0.996108324709
0.949859353024
0.985618183266
0.945109200435
0.947022530053
0.938887562031
0.898865536183
0.943382957832
0.935029058196
0.927228458456
0.948744792081
0.963784730515
0.987734522198
0.904210121275
0.866248706313
0.987944165804
0.956843934931
0.913812594539
0.96559323833
0.889528434573
0.785799962848
0.82161982857
0.932721651673
0.929439004326
0.990095003052
0.910993020726
0.956238887562
0.98075126715
0.933976859592
0.917111164185
0.945115834727
0.995970331449
0.948800520128
0.928438553194
0.929859618396
0.976391210891
0.982611522437
0.858690921636
0.990873868853
0.942334739803
0.947326380596
0.977850754982
0.824541570469
0.987774327946
0.910078815381
0.962516254014
0.986917177507
