0.947347610328
0.990324549532
0.988412546772
0.980365151395
0.947630231139
0.87680519067
0.904670541093
0.998521879893
0.940490406815
0.777022795425
0.93897248096
0.71401825757
0.951951808508
0.984603136693
0.905292837619
0.981779582305
0.975155905846
0.964487965396
0.968591938009
0.911625932118
0.925070986917
0.935407212802
0.984011357907
0.953989862803
0.939178143991
0.964006315845
0.937217047475
0.769380091819
0.98116392007
0.971144813311
0.995333439482
0.94093755805
0.991533317411
0.995362630364
0.921081124114
0.95460419818
0.937828729135
0.922763580394
0.983440808853
0.799209192474
0.941367460128
0.745221983388
0.991953931481
0.913579067484
0.961839556299
0.972060345514
0.947236154234
0.904512644959
0.991758883316
0.947642172863
0.9443409495
0.93442931826
0.92932091394
0.991869012552
0.941441764191
0.987528859167
0.95531539421
0.93395562986
0.775177135578
0.825612345089
0.979235995011
0.965619775496
0.935669930738
0.980554892126
0.954515298676
0.984696016771
0.924967491973
0.859388849083
0.997622269989
0.970940477138
0.967810418491
0.947030491203
0.820420348698
0.939715521588
0.889941087493
0.962516254014
0.939822997107
0.989959663509
0.96507310989
0.983881325797
0.978461109784
0.943524931667
0.905222514131
0.938789374519
0.992114481331
0.924033383754
0.967615370326
0.95910092084
0.975804739538
0.976314253111
0.91954727596
0.991563835151
0.918233686278
0.95942202054
0.975754318924
0.825815354404
0.986527081177
0.936719475626
0.934256826686
0.985362099621
