0.947153889022
0.990059177879
0.988973807818
0.985194915479
0.945730170103
0.814795796513
0.914399065892
0.998673141735
0.941177719396
0.83238728339
0.936684977311
0.756345036223
0.951999575405
0.986720802484
0.891865031977
0.98128599103
0.97753098214
0.955157498076
0.967649868641
0.901502003556
0.926753443197
0.919628214314
0.983347928774
0.952827534963
0.934304593583
0.973963060266
0.934550062362
0.821114295571
0.98238728339
0.971465913011
0.995768648993
0.94177878619
0.993353766951
0.995820396465
0.924095746092
0.955209245548
0.936324071863
0.909996550169
0.982806570602
0.856070376562
0.940635034366
0.765923626038
0.992576228007
0.916604304328
0.956996523631
0.971020088634
0.941971180638
0.888411219913
0.992350662102
0.948090650957
0.943619138604
0.920361966935
0.933187378924
0.992946421463
0.937838017143
0.985103362259
0.95614070005
0.934152004883
0.773606135393
0.887053843908
0.977996709392
0.957663933339
0.921944908845
0.983816309742
0.966260648038
0.987426691081
0.922393386938
0.847348937187
0.996141496165
0.975255420216
0.967428283311
0.959346389619
0.884154658599
0.940989305522
0.830922431866
0.952970835655
0.935473555715
0.991082185601
0.961076612796
0.986422259374
0.980512432662
0.938379375315
0.896542207361
0.938340896425
0.992456810763
0.930665021362
0.966081522172
0.954478146644
0.975563251333
0.97905288857
0.938310378685
0.991514741395
0.925090889791
0.957362736512
0.97433458058
0.818771063875
0.989748693045
0.92938194942
0.95637820768
0.986187405461
