0.571356468958
0.544085241143
0.554552352049
0.948043808141
0.783530711882
0.81640826021
0.794392030085
0.772174572805
0.901151283235
0.658557102329
0.795785775549
0.804549053243
0.833100217721
0.948043808141
0.672913505311
0.806251237052
0.672913505311
0.806251237052
0.901151283235
0.936184601174
0.914105693739
0.773876756614
0.912571749027
0.687579996041
0.948043808141
0.548594708715
0.684772712278
0.844583360823
0.820883090321
0.794392030085
0.74260737613
0.883294847265
0.81640826021
0.784033779772
0.924325394207
0.819215543973
0.773141122914
0.851383849047
0.564590618196
0.903810120736
0.915669327703
0.916635877812
0.66577488949
0.784033779772
0.789074355083
0.884261397374
0.81640826021
0.554054232368
0.762017549647
0.948043808141
0.936184601174
0.690387279805
0.918595368477
0.948043808141
0.712947812892
0.642241208682
0.794421719338
0.711648083394
0.881975324932
0.806251237052
0.699788876427
0.65239823184
0.903810120736
0.562103318599
0.778534670449
0.630382001715
0.715755096655
0.870932572409
0.687579996041
0.762017549647
0.902281124233
0.569453057993
0.819215543973
0.81640826021
0.584119548723
0.696226166128
0.936184601174
0.936184601174
0.884261397374
0.81640826021
0.948043808141
0.629339579072
0.774981856568
0.81640826021
0.804549053243
0.640539024873
0.936184601174
0.915669327703
0.859576433331
0.65239823184
0.784033779772
0.497704031141
0.800349673418
0.81640826021
0.804549053243
0.632146862836
0.915669327703
0.891950913769
0.784033779772
0.934655604671
