0.726215609949
0.506099491984
0.460153724352
0.43182687867
0.486710760705
0.587936267071
0.618460117437
0.379577093092
0.758547205911
0.428402718216
0.519190802929
0.724915880451
0.508712146203
0.417628818368
0.506099491984
0.35125024741
0.445589496602
0.576284884872
0.495249719602
0.504578742495
0.782074289107
0.396486771789
0.499303951969
0.636009764465
0.504578742495
0.440647885465
0.356683380616
0.589572474764
0.294126476216
0.618460117437
0.502622550637
0.421831496998
0.593049416111
0.385811836115
0.529062479382
0.549844956126
0.450765322953
0.509871676453
0.361100481626
0.603450550901
0.369555320974
0.376987530514
0.360559477469
0.332070990302
0.428115722109
0.335541334037
0.33170812166
0.342204921818
0.442112555255
0.281952233292
0.549353434057
0.514257438807
0.765052451013
0.413224912582
0.460153724352
0.372101999076
0.548568318269
0.375968199512
0.651428382925
0.481480504058
0.549868047767
0.419149567856
0.549059840338
0.440156363396
0.554634822194
0.39293560731
0.593834531899
0.512190736953
0.193917002045
0.418951639506
0.632852807284
0.508055683842
0.46210991621
0.457706010424
0.459662202283
0.350319984166
0.500174836709
0.370558157947
0.505261595303
0.372220756086
0.630405093356
0.25657781883
0.460025070924
0.551016032196
0.548568318269
0.508055683842
0.568367750874
0.238833542258
0.59732466847
0.258240416969
0.551016032196
0.434587979152
0.504578742495
0.469340898595
0.637965956324
0.518552484001
0.461110378043
0.727234940951
0.413544896747
0.28629511117
