0.693748762948
0.890621495019
0.660120736293
0.94748301115
0.927424622287
0.98382925381
0.963894570166
0.916243319918
0.835227947483
0.804225770271
0.893062611335
0.992693145081
0.785679883882
0.94748301115
0.992693145081
0.918684436234
0.963894570166
0.918684436234
0.787576697236
0.945041894834
0.992693145081
0.928673220294
0.776106749357
0.893062611335
0.94748301115
0.762192386356
0.966335686481
0.845411361087
0.833370719799
0.963894570166
0.78537309494
0.75855215412
0.995134261397
0.918684436234
0.913802203602
0.893062611335
0.973847067362
0.924990103583
0.921692947153
0.96145345385
0.909820544963
0.880985683183
0.943227551626
0.871033185987
0.715586857558
0.929761826219
0.94748301115
0.84524312199
0.887444745002
0.871033185987
0.897390644587
0.790990961272
0.988437685558
0.899831760903
0.966335686481
0.937537111566
0.92863693343
0.837606386488
0.870673616151
0.95747179521
0.835165270172
0.966335686481
0.916243319918
0.712100019793
0.827660486904
0.916243319918
0.864264036419
0.878895889688
0.750108860592
0.878580853731
0.952808933166
0.963894570166
0.893062611335
0.899831760903
0.816612786171
0.84524312199
0.897390644587
0.847298278023
0.93862571749
0.899831760903
0.938619119879
0.836336346243
0.766520419608
0.995134261397
0.945041894834
0.963894570166
0.897390644587
0.823381935739
0.932654878934
0.902840271822
0.966335686481
0.979290096985
0.887444745002
0.94748301115
0.992693145081
0.877218446922
0.871033185987
0.913802203602
0.909820544963
0.895168898859
