0.48425315036
0.43537309494
0.230652503794
0.564194761496
0.592335224649
0.684093158277
0.729867388006
0.489447120143
0.722332915485
0.460635350003
0.548599656924
0.690816124563
0.597410437422
0.564194761496
0.448621099162
0.43103516527
0.476100151745
0.688968793297
0.502045259616
0.632404169691
0.852691825559
0.530335818434
0.634178927228
0.597248795936
0.632404169691
0.40098964175
0.353275714191
0.610595764333
0.3732466847
0.729867388006
0.434931054958
0.303747443425
0.559431285875
0.419462954411
0.651322821139
0.580032328297
0.553203140463
0.553326845682
0.378765586858
0.7980767962
0.504631523389
0.432809922808
0.439912251765
0.340918387544
0.419428316949
0.507049548064
0.391983901828
0.341047040971
0.528498383585
0.405330870225
0.665039255789
0.455604671109
0.852691825559
0.555634360362
0.433380616217
0.445167249456
0.559431285875
0.382151811044
0.728092630468
0.653160255987
0.522120142508
0.406115986013
0.50279408854
0.394203998153
0.516891535264
0.436606848321
0.518631655341
0.606269380484
0.221646763871
0.521775417299
0.670304149898
0.474325394207
0.496331727914
0.410902553276
0.395879791515
0.341047040971
0.572778254272
0.547073959227
0.598545226628
0.463742825097
0.767424292406
0.359992082866
0.409226759913
0.620831958831
0.612271557696
0.476100151745
0.676542191727
0.354265355941
0.624186844362
0.262944514086
0.567991687009
0.464313518506
0.528498383585
0.340918387544
0.690816124563
0.554529260408
0.458514217853
0.721306986871
0.482724153856
0.379969650986
