0.508634624266
0.40909480768
0.48598997163
0.633665962921
0.547666094874
0.540730355611
0.685877812232
0.513990235535
0.591337335884
0.625245761035
0.619738404697
0.600738932506
0.568714125487
0.633862241868
0.420060038266
0.5581447516
0.467322029425
0.708661014713
0.468456818632
0.607920432803
0.730604671109
0.618153328495
0.622989377845
0.588876426734
0.663076466319
0.533251962789
0.477554925117
0.688335422577
0.510882760441
0.640954674408
0.533984297684
0.376807745596
0.587095071584
0.538450880781
0.570713201821
0.652111235733
0.504097116844
0.629258758329
0.492333575246
0.672682588903
0.572372501155
0.572372501155
0.475377713268
0.46569571815
0.618989575774
0.499508477931
0.478442303886
0.526255195619
0.593692683249
0.506927492248
0.640096984891
0.548960876163
0.694669129775
0.599112621231
0.53301444877
0.571485122386
0.563709837039
0.535519891799
0.682334894768
0.644893448572
0.596910668338
0.499092828396
0.547911855908
0.521237711948
0.704445140859
0.487015900244
0.621316883288
0.506698225242
0.347459919509
0.533684106354
0.6615953025
0.478587451343
0.607188097909
0.496391106419
0.49669129775
0.513508609883
0.565860658442
0.520079831101
0.647367552946
0.510618855974
0.665939829782
0.420201886917
0.462710298872
0.630636009764
0.546166787623
0.480068615161
0.535165270172
0.512363924259
0.615012865343
0.384512106617
0.629154845946
0.391132809923
0.606439268985
0.46569571815
0.606175364518
0.561694266675
0.612716896483
0.614155175826
0.509137692155
0.545398165864
