0.667305535396
0.842214818236
0.663142442436
0.85172527545
0.848784390051
0.850343075807
0.961918585472
0.839899056542
0.879484726529
0.861242330276
0.849223131226
0.951596622023
0.717866332388
0.839674737745
0.919301312925
0.820647225704
0.929521013393
0.904499571155
0.758755030679
0.85011875701
0.982898990565
0.839674737745
0.692399551362
0.862878537969
0.85011875701
0.762080226958
0.920488883024
0.771844692221
0.639991423105
0.960404433595
0.761400672956
0.475816454443
0.939965032658
0.830866926173
0.860562776275
0.840578610543
0.855967539751
0.958845747839
0.809437883486
0.97084845286
0.739833080425
0.739833080425
0.832503133866
0.740736953223
0.715530777858
0.654648017418
0.822059114601
0.718404037738
0.85011875701
0.731025268853
0.803051395395
0.762080226958
0.962040641288
0.75027709969
0.919076994128
0.929296694597
0.851754964703
0.719175958303
0.946539552682
0.85011875701
0.741475885729
0.921900771921
0.851022629808
0.672682588903
0.839681335357
0.839899056542
0.84080292934
0.771354819555
0.541053638583
0.75027709969
0.860562776275
0.929521013393
0.850798311011
0.751180972488
0.751180972488
0.729527611005
0.760721118955
0.660879461635
0.85011875701
0.740057399221
0.77277165666
0.561275318335
0.672682588903
0.939740713862
0.850343075807
0.930932902289
0.760721118955
0.639991423105
0.960404433595
0.719393679488
0.939740713862
0.809662202283
0.85011875701
0.830358910075
0.950184733127
0.73997163027
0.739833080425
0.87100679554
0.740057399221
0.739833080425
