0.719837368872
0.541400013195
0.43119350795
0.726002836973
0.557552615953
0.548096589035
0.812967605727
0.438932506433
0.735267533153
0.536676123243
0.740392228013
0.781427723164
0.532443755361
0.72619911592
0.478940423567
0.490680873524
0.527700072574
0.707699412813
0.492660157023
0.675549251171
0.917960348354
0.569782938576
0.577617602428
0.689938642212
0.675549251171
0.567529854193
0.436210991621
0.592416045392
0.349757537771
0.812967605727
0.502883156297
0.371102460909
0.596559345517
0.511747047569
0.656439268985
0.772049218183
0.583242066372
0.564453717754
0.34130104902
0.683407006664
0.506633898529
0.491947614963
0.425905522201
0.416411559016
0.444746651712
0.307138615821
0.390281718018
0.31993798245
0.56690637989
0.289770403114
0.707009962394
0.723368740516
0.918156627301
0.501801147984
0.508916672165
0.559239955136
0.535366497328
0.527879857492
0.750508016098
0.579636471597
0.551499307251
0.451867124101
0.600405753117
0.487227023817
0.661844362341
0.426797849179
0.569406874711
0.574686613446
0.196734182226
0.447908557102
0.609058520815
0.480896615425
0.709668799894
0.441921224517
0.443877416375
0.367430890018
0.513610872864
0.393953288909
0.519133073827
0.444751599921
0.619786237382
0.230807547668
0.485270831959
0.757808273405
0.613089661543
0.543356205054
0.630820742891
0.335419278221
0.641865144818
0.21848980669
0.68008510919
0.449943920301
0.582562512371
0.506960480306
0.769617998285
0.643722372501
0.488084713334
0.683905126344
0.381714719272
0.405090057399
