0.709741373623
0.939255789404
0.806208352576
0.801745068285
0.76091080029
0.878504981197
0.830682193046
0.670944118229
0.862674012008
0.566926172725
0.929738734578
0.950511314904
0.646024938972
0.788434386752
0.939255789404
0.663165534077
0.813986936729
0.78501682391
0.698858613182
0.797951441578
0.975077521937
0.610671636867
0.66389127136
0.950511314904
0.797951441578
0.80794682325
0.804469881903
0.807468496404
0.459503859603
0.826980932902
0.547413736227
0.616068483209
0.94877284423
0.664709375206
0.682199643729
0.931477205252
0.825308438345
0.61842218117
0.605235204856
0.822738668602
0.591159200369
0.527967275846
0.728973411625
0.661427063403
0.598815728706
0.548248334103
0.784957445405
0.458910074553
0.547413736227
0.51664577423
0.761710760705
0.936497987728
0.894527281124
0.653170152405
0.806208352576
0.684221811704
0.738035231246
0.719063798905
0.830263244705
0.745457544369
0.738097908557
0.804469881903
0.815725407403
0.672682588903
0.624562908227
0.670239823184
0.813986936729
0.702541729894
0.497133337732
0.47540740252
0.688142442436
0.813986936729
0.931477205252
0.796212970905
0.670944118229
0.478422511051
0.662687207231
0.517905918058
0.629771722636
0.651431681731
0.74877284423
0.562928020057
0.672682588903
0.940994260078
0.805730025731
0.813986936729
0.697746915617
0.37360295573
0.699973609553
0.580701985881
0.815725407403
0.860269182556
0.547413736227
0.934759517055
0.950511314904
0.863746123903
0.529105363858
0.691716698555
0.598937784522
0.576820940819
