0.580697037672
0.633756680082
0.821175034637
0.984172329617
0.793783400409
0.786695916078
0.90386290163
0.744392030085
0.817292340173
0.814181566273
0.952274526621
0.816929471531
0.833281652042
0.984172329617
0.616926172725
0.921455433133
0.632912185789
0.93187801016
0.80130632711
0.943930197269
0.959013986937
0.896744078644
0.93576895164
0.798865210794
0.984172329617
0.859464273933
0.677683578545
0.907877548328
0.874094477799
0.892538101207
0.829537507422
0.900775219371
0.798020716501
0.816474236326
0.892363264498
0.941851949594
0.658471333377
0.873888302435
0.767506762552
0.896569241934
0.936811374283
0.936811374283
0.72084845286
0.773309362011
0.909650656462
0.771689648347
0.841185590816
0.845807217787
0.856501946295
0.95019792835
0.932605396846
0.911710760705
0.901243649799
0.95019792835
0.757953420862
0.744566866794
0.842039981527
0.793509599525
0.907894042357
0.910130632711
0.789768753711
0.684812297948
0.912555254998
0.823883354226
0.884939301973
0.709459325724
0.867810252689
0.892331925843
0.755700336478
0.861163158936
0.900775219371
0.59284489015
0.941851949594
0.786695916078
0.715633040839
0.876519100086
0.909955796002
0.909955796002
0.900775219371
0.798020716501
0.949295704955
0.773764597216
0.854248861912
0.820670317345
0.780428184997
0.640040905192
0.921280596424
0.92548657386
0.84760176816
0.609807349739
0.795958962855
0.664752259682
0.856501946295
0.798020716501
0.780428184997
0.917595830309
0.92548657386
0.867651910009
0.773309362011
0.92548657386
