0.870653562654
0.9177002457
0.88514987715
0.843737919738
0.809104013104
0.835816543817
0.835531531532
0.861972153972
0.87559049959
0.870253890254
0.897480753481
0.844088452088
0.923705159705
0.905565929566
0.901713349713
0.9436003276
0.769621621622
0.88782964783
0.719318591319
0.823341523342
0.79561998362
0.905565929566
0.863823095823
0.87504013104
0.900186732187
0.901336609337
0.736992628993
0.913975429975
0.840756756757
0.910676494676
0.845965601966
0.83144963145
0.760330876331
0.809104013104
0.799108927109
0.87411957412
0.837051597052
0.826371826372
0.883459459459
0.82932022932
0.876131040131
0.883036855037
0.703875511876
0.873028665029
0.790601146601
0.566784602785
0.869090909091
0.779931203931
0.769559377559
0.85201965602
0.761916461916
0.885444717445
0.850565110565
0.870905814906
0.842545454545
0.874253890254
0.842578214578
0.824943488943
0.872465192465
0.818827190827
0.885706797707
0.906915642916
0.904186732187
0.843033579034
0.844704340704
0.880665028665
0.914401310401
0.846142506143
0.870496314496
0.903446355446
0.833395577396
0.887770679771
0.870728910729
0.839744471744
0.910194922195
0.826230958231
0.870135954136
0.904989352989
0.900078624079
0.855063063063
0.848861588862
0.896153972154
0.850864045864
