0.504114660115
0.474974610975
0.561782145782
0.459488943489
0.219315315315
0.359331695332
0.610486486486
0.405009009009
0.684235872236
0.360255528256
0.338542178542
0.307583947584
0.630391482391
0.498181818182
0.546899262899
0.288943488943
0.208900900901
0.178928746929
0.510932022932
0.40782964783
0.149942669943
0.498181818182
0.461411957412
0.525660933661
0.406597870598
0.670067158067
0.166358722359
0.49502047502
0.511131859132
0.705893529894
0.719701883702
0.47141031941
0.292622440622
0.1455004095
0.26743980344
0.522447174447
0.520334152334
0.345850941851
0.703407043407
0.292815724816
0.747751023751
0.576730548731
0.366571662572
0.566394758395
0.344763308763
0.44192956593
0.445611793612
0.466954954955
0.631868959869
0.390935298935
0.410276822277
0.321081081081
0.507246519247
0.694391482391
0.700491400491
0.367973791974
0.865647829648
0.406951678952
0.393362817363
0.343318591319
0.987315315315
0.250031122031
0.527580671581
0.257067977068
0.347714987715
0.335891891892
0.678522522523
0.358981162981
0.618925470925
0.196592956593
0.39028009828
0.409425061425
0.39943980344
0.208701064701
0.399423423423
0.352828828829
0.608704340704
0.699253071253
0.375941031941
0.717988533989
0.421356265356
0.466833742834
0.388136773137
