0.836576576577
0.909575757576
0.874496314496
0.908989352989
0.870509418509
0.845769041769
0.894552006552
0.860871416871
0.927498771499
0.829972153972
0.939616707617
0.837372645373
0.934155610156
0.915937755938
0.95502047502
0.944445536446
0.74267977068
0.840943488943
0.886316134316
0.855079443079
0.831787059787
0.915937755938
0.834954954955
0.877064701065
0.895862407862
0.911570843571
0.836163800164
0.954748566749
0.900583128583
0.955452907453
0.936809172809
0.913723177723
0.877651105651
0.85027027027
0.818555282555
0.844556920557
0.891027027027
0.897467649468
0.938096642097
0.788022932023
0.899941031941
0.896855036855
0.86724979525
0.888917280917
0.816835380835
0.671583947584
0.871993447993
0.612710892711
0.74875020475
0.927446355446
0.719164619165
0.909031941032
0.848501228501
0.846558558559
0.817221949222
0.779066339066
0.839564291564
0.858358722359
0.881238329238
0.810784602785
0.897303849304
0.915649467649
0.925015561016
0.893451269451
0.793585585586
0.867862407862
0.962905814906
0.802853398853
0.767728091728
0.901926289926
0.862794430794
0.840058968059
0.925955773956
0.869628173628
0.910332514333
0.892786240786
0.871013923014
0.921153153153
0.874938574939
0.868638820639
0.928533988534
0.865208845209
0.82966011466
