0.633136773137
0.751469287469
0.670296478296
0.571312039312
0.563479115479
0.615983619984
0.627384111384
0.550588042588
0.788268632269
0.591089271089
0.761978705979
0.45807043407
0.642329238329
0.649041769042
0.754846846847
0.638322686323
0.177831285831
0.45447993448
0.480163800164
0.617166257166
0.551482391482
0.649041769042
0.479482391482
0.799993447993
0.436357084357
0.91866994267
0.319433251433
0.754604422604
0.642977886978
0.929094185094
0.761752661753
0.609428337428
0.428150696151
0.563479115479
0.461162981163
0.502116298116
0.547085995086
0.619515151515
0.886361998362
0.430853398853
0.851141687142
0.551970515971
0.451190827191
0.801932841933
0.46895004095
0.308714168714
0.773998361998
0.447574119574
0.649133497133
0.508832104832
0.452255528256
0.72362981163
0.622227682228
0.765906633907
0.666827190827
0.466548730549
0.852714168714
0.58840950041
0.661248157248
0.457828009828
0.987315315315
0.748108108108
0.906843570844
0.733451269451
0.477215397215
0.717814905815
0.769870597871
0.464258804259
0.709146601147
0.586411138411
0.508445536446
0.626964782965
0.850656838657
0.486558558559
0.750748566749
0.621821457821
0.709788697789
0.91961015561
0.6236003276
0.819898443898
0.742647010647
0.766561834562
0.420470925471
