0.873372645373
0.727056511057
0.767796887797
0.767859131859
0.588992628993
0.715371007371
0.786126126126
0.650322686323
0.750502866503
0.714954954955
0.890325962326
0.775423423423
0.888514332514
0.889153153153
0.90647993448
0.81389025389
0.392704340704
0.698686322686
0.613071253071
0.75716953317
0.580691236691
0.889153153153
0.751993447993
0.681585585586
0.827479115479
0.700678132678
0.441680589681
0.873215397215
0.566928746929
0.938247338247
0.753850941851
0.726715806716
0.451521703522
0.588992628993
0.41408026208
0.778905814906
0.775423423423
0.723823095823
0.890588042588
0.546954954955
0.76113022113
0.857064701065
0.408327600328
0.699728091728
0.406293202293
0.23961015561
0.699718263718
0.732743652744
0.399115479115
0.600081900082
0.589572481572
0.713579033579
0.54285012285
0.772733824734
0.663184275184
0.876632268632
0.398555282555
0.702493038493
0.810044226044
0.562948402948
0.632255528256
0.794162162162
0.898155610156
0.768183456183
0.567875511876
0.846804258804
0.941906633907
0.751387387387
0.71752006552
0.70436036036
0.717828009828
0.859502047502
0.915482391482
0.680013104013
0.818312858313
0.563475839476
0.739469287469
0.72323996724
0.853936117936
0.535508599509
0.751315315315
0.850617526618
0.455106470106
