0.795934479934
0.728452088452
0.723479115479
0.807190827191
0.644710892711
0.671852579853
0.849693693694
0.637277641278
0.866191646192
0.711135135135
0.852717444717
0.84324979525
0.899751023751
0.801087633088
0.890925470925
0.829791973792
0.488966420966
0.713067977068
0.711213759214
0.696687960688
0.503777231777
0.801087633088
0.732501228501
0.672596232596
0.813844389844
0.70952989353
0.510116298116
0.88056019656
0.673477477477
0.933660933661
0.890630630631
0.846945126945
0.672029484029
0.503593775594
0.371184275184
0.70912039312
0.822250614251
0.828615888616
0.935063063063
0.823462735463
0.713569205569
0.839872235872
0.537644553645
0.722561834562
0.504062244062
0.477408681409
0.686142506143
0.727737919738
0.404914004914
0.826964782965
0.692432432432
0.719724815725
0.538447174447
0.744933660934
0.71506961507
0.860737100737
0.411246519247
0.814407862408
0.782283374283
0.67714987715
0.6262997543
0.822892710893
0.861805077805
0.719226863227
0.671488943489
0.852452088452
0.91541031941
0.659469287469
0.760566748567
0.69351023751
0.673726453726
0.845631449631
0.867698607699
0.65999017199
0.823678951679
0.650067158067
0.676773136773
0.734424242424
0.859898443898
0.554692874693
0.855603603604
0.846535626536
0.443484848485
