0.559904995905
0.50285995086
0.39410974611
0.66763963964
0.799023751024
0.418781326781
0.576992628993
0.46285995086
0.774253890254
0.373916461916
0.600583128583
0.353795249795
0.329831285831
0.529461097461
0.408927108927
0.485097461097
0.352386568387
0.160819000819
0.515276003276
0.429752661753
0.629962325962
0.529461097461
0.298378378378
0.700419328419
0.241680589681
0.69810974611
0.527085995086
0.397742833743
0.677251433251
0.463927927928
0.51657002457
0.359184275184
0.575950859951
0.798781326781
0.471285831286
0.239033579034
0.558132678133
0.548226044226
0.356212940213
0.349503685504
0.664619164619
0.2474004914
0.470827190827
0.404160524161
0.216645372645
0.631921375921
0.605012285012
0.315505323505
0.592098280098
0.454227682228
0.373769041769
0.419918099918
0.471285831286
0.622699426699
0.452884520885
0.213667485667
0.725369369369
0.388684684685
0.491203931204
0.671685503686
0.75236036036
0.46497952498
0.803957411957
0.711364455364
0.252645372645
0.49142997543
0.271072891073
0.364091728092
0.433294021294
0.448321048321
0.409444717445
0.353366093366
0.683423423423
0.481326781327
0.755927927928
0.792710892711
0.554060606061
0.539200655201
0.367816543817
0.540982800983
0.601634725635
0.696723996724
0.343521703522
