0.854037674038
0.829903357903
0.852088452088
0.859659295659
0.754319410319
0.776147420147
0.858748566749
0.615734643735
0.842938574939
0.819708435708
0.862447174447
0.859374283374
0.892884520885
0.877536445536
0.899698607699
0.830224406224
0.694935298935
0.843701883702
0.843027027027
0.817480753481
0.72456019656
0.877536445536
0.856484848485
0.644042588043
0.837366093366
0.665002457002
0.76686977887
0.870745290745
0.640442260442
0.951823095823
0.874067158067
0.84134971335
0.771357903358
0.753474201474
0.575986895987
0.814758394758
0.859374283374
0.838365274365
0.936117936118
0.821051597052
0.73559049959
0.848815724816
0.641972153972
0.709038493038
0.694122850123
0.552710892711
0.693998361998
0.833375921376
0.471796887797
0.849936117936
0.798332514333
0.80742997543
0.617254709255
0.738040950041
0.679105651106
0.850227682228
0.347659295659
0.79792956593
0.746771498771
0.769094185094
0.597208845209
0.813398853399
0.87866994267
0.89484029484
0.750113022113
0.842506142506
0.920173628174
0.855177723178
0.865798525799
0.83179033579
0.808665028665
0.838902538903
0.888317772318
0.769205569206
0.810332514333
0.628635544636
0.687328419328
0.700838656839
0.871515151515
0.491904995905
0.857818181818
0.821985257985
0.566441441441
