0.76973955774
0.804167076167
0.915354627355
0.823662571663
0.809366093366
0.875859131859
0.914853398853
0.849896805897
0.893074529075
0.760900900901
0.891669123669
0.647862407862
0.732576576577
0.78628009828
0.902945126945
0.809683865684
0.708891072891
0.680668304668
0.810653562654
0.888121212121
0.809182637183
0.78628009828
0.815272727273
0.856386568387
0.858358722359
0.897389025389
0.805624897625
0.884877968878
0.838031122031
0.968799344799
0.925572481572
0.826686322686
0.816665028665
0.809366093366
0.780258804259
0.86820966421
0.794555282555
0.868756756757
0.978820638821
0.73828009828
0.863485667486
0.863053235053
0.71219000819
0.843675675676
0.783079443079
0.613493857494
0.819580671581
0.672504504505
0.824406224406
0.812013104013
0.742024570025
0.855698607699
0.809772317772
0.730325962326
0.895007371007
0.627000819001
0.898211302211
0.874339066339
0.89159049959
0.774152334152
0.930928746929
0.791973791974
0.924501228501
0.909631449631
0.780946764947
0.795325143325
0.926561834562
0.684707616708
0.87083046683
0.746604422604
0.895963963964
0.822201474201
0.904766584767
0.821064701065
0.851603603604
0.82495986896
0.836891072891
0.84971007371
0.783767403767
0.871842751843
0.846247338247
0.855701883702
0.762190827191
