0.711416546332
0.855816574508
0.874250695594
0.924942767584
0.974254217589
0.961557426126
0.95935617934
0.902026908041
0.953879477336
0.834158067129
0.774012960941
0.749536857676
0.965502060367
0.947134857183
0.917655760223
0.912562955658
0.836389250872
0.893258901842
0.967245447822
0.910358186877
0.817807206001
0.907984362343
0.872259007502
0.819804177086
0.830887894904
0.915912372768
0.966643186701
0.961557426126
0.956080724122
0.89199978868
0.968777515585
0.96703412813
0.860926989047
0.967312365724
0.892919029338
0.912006480471
0.97819885183
0.89354770542
0.870658260839
0.734307751911
0.964213010249
0.855594688832
0.961557426126
0.90012326982
0.781174937485
0.937708237946
0.830097207058
0.91276723136
0.83439756278
0.835323847427
0.925016729476
0.879512555912
0.968777515585
0.906263867855
0.811640193005
0.968777515585
0.953960483218
0.948402775332
0.786926355088
0.976666784066
0.826087415912
0.876849927799
0.88729440355
0.869777762124
0.921072095235
0.900803014828
0.899647800514
0.794465185081
0.963300813581
0.921903286021
0.941652872187
0.868943049343
0.86351389427
0.940642059663
0.845933856937
0.896372345296
0.906624872328
0.898131581728
0.891073504033
0.906688268235
0.95935617934
0.93443806572
0.902585144226
0.855932800338
0.891332370655
0.868992357271
0.903742119537
0.972510830134
0.976064522946
0.956080724122
0.819145564047
0.915912372768
0.968777515585
0.903775578488
0.847990701934
0.896793223682
0.854467650477
0.864285211144
0.975786285352
0.919540027472
