0.939740428979
0.838692635509
0.99379424506
0.95576022259
0.990413129997
0.989486845349
0.983115556651
0.948681012926
0.975817983306
0.965577783256
0.9559592153
0.948885288627
0.963420561406
0.811960694537
0.97671257
0.776849927799
0.797059134294
0.968467580037
0.980886133906
0.958190399042
0.649737611383
0.940421934984
0.864008734547
0.95142464692
0.968347832212
0.987148240764
0.987549748177
0.983115556651
0.990413129997
0.605756700595
0.98662346353
0.996784418695
0.951079491424
0.974768428838
0.968955376325
0.862187863206
0.997059134294
0.861754657838
0.968707075688
0.849850315219
0.796601274962
0.786676293453
0.983115556651
0.772327686402
0.937322579509
0.973234600077
0.963873137745
0.981537702955
0.650619871095
0.609174796605
0.976004649033
0.962899306167
0.989761560948
0.76932870778
0.641140421935
0.939305462614
0.612041700419
0.96852040996
0.958299580883
0.989109991899
0.976585778185
0.875874335223
0.965285457683
0.856380093685
0.951125277357
0.826615715141
0.765681682105
0.971959637939
0.975166414257
0.803937590251
0.978028035079
0.638414397915
0.784913535026
0.806725249181
0.83005494312
0.792427711056
0.948681012926
0.954955446765
0.976987285599
0.925136477301
0.957584615926
0.975353079985
0.839673511077
0.769062797168
0.825594336632
0.907530025006
0.969790089106
0.964519423802
0.987549748177
0.989486845349
0.844560278942
0.948997992463
0.982463987603
0.775613707604
0.913063078928
0.909176557602
0.97818476385
0.797613848484
0.979487901948
0.947814602191
