0.907288768358
0.93697918501
0.962758426373
0.780947768816
0.989486845349
0.989486845349
0.978101996971
0.925236854154
0.991524319374
0.966961927236
0.952514704329
0.676874581763
0.946000774839
0.888571126686
0.972778501743
0.788458422851
0.743371605677
0.797259888001
0.960720952347
0.927274328179
0.607600464903
0.792610854788
0.907331032297
0.908480963618
0.903499101891
0.975039622442
0.973002148417
0.989486845349
0.991524319374
0.632546754482
0.975039622442
0.985059697813
0.881949776353
0.793228964886
0.885360828373
0.938262952136
0.978101996971
0.766104321488
0.944162293523
0.852150177861
0.79554115451
0.730435318564
0.978101996971
0.742676011693
0.8895889832
0.991524319374
0.789439298419
0.956070158138
0.912339308985
0.717771986053
0.922737998803
0.936586482584
0.966079667524
0.632272038883
0.882858451027
0.943834748001
0.636774909309
0.989486845349
0.768037896665
0.962758426373
0.951738104462
0.876154333815
0.979243123305
0.869659775297
0.779442116015
0.712010002465
0.759160708625
0.950774838869
0.975039622442
0.779618215757
0.975039622442
0.976304018596
0.920682914803
0.697161272145
0.849517486704
0.804888528863
0.927274328179
0.914864579298
0.935093156764
0.908204487021
0.958281970908
0.939370619519
0.907172542528
0.725967668087
0.904483499454
0.951199239249
0.940175395344
0.774687422956
0.964679674568
0.991524319374
0.804983622724
0.793611101328
0.97720564928
0.625243898144
0.938005846511
0.950921001655
0.741126333956
0.78395203043
0.935059697813
0.927165146339
