0.871269326947
0.895935617934
0.953766773501
0.911478181242
0.968742295636
0.957929771423
0.948781389779
0.897372591836
0.971806431163
0.934210897052
0.897279258972
0.764378544007
0.968742295636
0.889328355581
0.97261648998
0.758119959145
0.729662240693
0.859312154404
0.947071461276
0.912668615504
0.709995421407
0.918532736942
0.90985630261
0.90129433311
0.888687352516
0.952655584123
0.960384601838
0.971806431163
0.971806431163
0.594338393266
0.929320607192
0.943197266932
0.875057232416
0.907603986898
0.944149966541
0.934591272497
0.955429155073
0.874750818864
0.934195048075
0.892212869369
0.856003240235
0.854622618251
0.974995597506
0.713841439791
0.84584228507
0.969437889621
0.766183566372
0.911037931885
0.947059134294
0.728838093896
0.905311168246
0.923209946113
0.964050998486
0.758625365407
0.905589405839
0.925002641496
0.58996583665
0.971806431163
0.859222343535
0.983429014194
0.945180150037
0.734103476209
0.956124749058
0.90334941711
0.915324199627
0.910460324728
0.723280386011
0.88458246751
0.9584932906
0.869316380798
0.951077730427
0.925073081393
0.882363610749
0.914466593879
0.878343253619
0.75910259571
0.886579438594
0.890048603529
0.917234881837
0.894167576515
0.964868101293
0.920881907512
0.895703166273
0.696654104885
0.957112668616
0.932018455253
0.932567886451
0.932684112281
0.935978938471
0.934904730039
0.860405733808
0.936558306625
0.975680625506
0.718215757405
0.955450287043
0.92447258127
0.889402317473
0.789106469905
0.950174338745
0.89499348431
