0.847703659353
0.982007889268
0.951259113162
0.874516606206
0.994718768711
0.991450357482
0.991661677174
0.973581516571
0.988993766069
0.978510548375
0.937718803931
0.679575951819
0.950457859332
0.851502130807
0.991839537914
0.866627337724
0.791707463107
0.790133131406
0.961869122671
0.973792836262
0.679202620364
0.86368471102
0.909083224738
0.84633536435
0.888530623745
0.961691261931
0.964147853344
0.988993766069
0.988993766069
0.714563448737
0.966604444758
0.993824182017
0.911413024337
0.871459514669
0.929237840313
0.961231641602
0.994718768711
0.744276758356
0.926613954144
0.88365089987
0.874402141373
0.743653365266
0.991661677174
0.856922480893
0.856466382559
0.988942697144
0.776599866164
0.978950797732
0.924537738175
0.855848272462
0.899351952946
0.921896242031
0.9785616173
0.717345824675
0.958731025253
0.907429648153
0.771776494206
0.983657943859
0.749489310746
0.962469622794
0.931720846688
0.773336737928
0.988942697144
0.961624344028
0.762233649139
0.73493818899
0.886892896136
0.902396717501
0.962469622794
0.794407072166
0.963496284295
0.991239037791
0.963149367802
0.708672912338
0.867831859965
0.88934948755
0.976638608108
0.946050082767
0.918627830803
0.898652836967
0.947400767795
0.946152220618
0.926200119748
0.846101151692
0.892110731518
0.954052055084
0.936783714296
0.761053780861
0.997175360124
0.981229528405
0.894134117564
0.785031521854
0.992050857606
0.801040749481
0.93910294791
0.960176804142
0.697185926109
0.810634663473
0.964035149509
0.886294157011
