0.673139506216
0.88326700243
0.911270383545
0.971841651111
0.965843693868
0.960895291093
0.899848554221
0.888456661853
0.875557355686
0.78034902969
0.805798964534
0.707096819639
0.928697214102
0.93011657803
0.944803296587
0.888331631036
0.825689430493
0.868185820449
0.94571901525
0.902912689747
0.851995210087
0.897249322016
0.860946360018
0.706133554045
0.810851266157
0.938826471313
0.965452752439
0.949850315219
0.912703835452
0.898955728525
0.96506181101
0.936604092558
0.771894481034
0.957154932554
0.897846300144
0.889120557884
0.946109956679
0.86721903286
0.788662698552
0.665322438629
0.949656605501
0.812953897087
0.936995033987
0.895305180854
0.717194378896
0.886681576445
0.842311485225
0.88970520903
0.814846969323
0.877728665516
0.871366181805
0.876036346987
0.928697214102
0.915568978269
0.812668615504
0.93011657803
0.960081710281
0.889832000845
0.734469763674
0.950667418026
0.707603986898
0.886274786039
0.809468883175
0.866993625189
0.784425738738
0.820899517487
0.906459338569
0.73798647554
0.917261296799
0.918191103441
0.926184270771
0.818564434896
0.867278906773
0.808158701088
0.828410171521
0.879311802205
0.883178952559
0.89288380939
0.823771704293
0.90904800479
0.902687282077
0.913070122918
0.894743422675
0.88189694643
0.918194625436
0.798763779805
0.864633888635
0.949850315219
0.981446131089
0.912703835452
0.776818229845
0.875853203254
0.954407776565
0.925449934843
0.870087697672
0.890362061071
0.760398689818
0.912842954249
0.934300707921
0.913242700666
