0.870173986546
0.924523650195
0.966579790794
0.910315922939
0.972549572078
0.964905082239
0.913677667031
0.918087204593
0.950810058817
0.962238932131
0.918171732469
0.706881977952
0.942394252104
0.919578769415
0.975073081393
0.912467861797
0.727394076005
0.741936392773
0.963781565879
0.905159722467
0.724097488818
0.898189694643
0.935084351777
0.967801923009
0.958532032543
0.949110696298
0.98234247878
0.961258056563
0.962062832388
0.736787236291
0.980843869968
0.974185538689
0.910646990455
0.905170288451
0.97950022893
0.901584897686
0.972426302258
0.867210227873
0.957464868101
0.916352622125
0.920077131687
0.764399675976
0.96895889832
0.86518508083
0.966977776212
0.962062832388
0.78072588314
0.952153699856
0.963218046702
0.860789631247
0.954893811855
0.959940830486
0.961884971648
0.727654703624
0.90370513859
0.932370654739
0.875347796992
0.933416687212
0.888296411087
0.973437114782
0.954988905716
0.77521924418
0.952782375938
0.87504138344
0.878153065897
0.875677103511
0.865141055894
0.894183425492
0.948843024689
0.775571443666
0.983782974677
0.983978445391
0.921725425281
0.879269538266
0.905496072976
0.934210897052
0.923745289332
0.924852956715
0.963138801817
0.921588067481
0.93110273659
0.963610749128
0.912443207833
0.869319902793
0.950618110098
0.908921212975
0.918722924665
0.867217271863
0.977387032015
0.949242771106
0.864610995668
0.86666431867
0.963269115627
0.863307857571
0.955915190364
0.982062480189
0.876117352869
0.79207551157
0.959571021026
0.953955200225
