0.716488218927
0.962293523051
0.963170499771
0.95836297679
0.976061000951
0.974049941887
0.951586658683
0.901280245131
0.936646356496
0.869508329518
0.817696263163
0.728658472159
0.906621350333
0.95674638115
0.94627372944
0.933318071356
0.716299792202
0.875423519882
0.961363716409
0.901884267249
0.81536294157
0.925805656324
0.961323213468
0.748487303209
0.894311978305
0.95576022259
0.981710280703
0.959993660409
0.958119959145
0.889981685627
0.985073785792
0.988039305463
0.637452893319
0.982837319058
0.962668615504
0.943764308104
0.97956186384
0.861673651956
0.933624484908
0.892846828444
0.960944599021
0.956108900081
0.959993660409
0.813172260768
0.709453034199
0.93402070933
0.856857323988
0.875881379213
0.900107420843
0.804340858662
0.890807593421
0.913373014475
0.967653999225
0.90106188145
0.652868664812
0.918962420315
0.966921424295
0.921706054309
0.891138660938
0.969908075934
0.937984714542
0.811678934949
0.919957383862
0.914380305005
0.773405416828
0.944591976896
0.88611629627
0.7999313211
0.946180396577
0.956950656852
0.956727010179
0.97930828021
0.916220547318
0.948573592083
0.735103722749
0.971318634875
0.901327792061
0.900385658437
0.963330750537
0.918110097559
0.940418412989
0.933990772373
0.915912372768
0.899348430951
0.901542633748
0.731993801289
0.913073644912
0.985239319551
0.991244320783
0.958119959145
0.893065192125
0.937893142676
0.961120698764
0.958683478322
0.823188814144
0.898226675589
0.964297538126
0.90686965097
0.985239319551
0.90804775825
