0.785786989751
0.96300672701
0.962131511288
0.841962807734
0.972209699574
0.958361215793
0.901773324411
0.905420350086
0.902077976966
0.954516958405
0.912244215123
0.63643151481
0.931019969711
0.866467086958
0.968708836685
0.800213080689
0.811612017046
0.821450709682
0.884758567252
0.885063219808
0.721142535132
0.791106962984
0.917518402423
0.728142499912
0.791288345719
0.963378297468
0.975692952488
0.947980135949
0.953772056493
0.801112950375
0.91549325538
0.96029479097
0.765838410876
0.824631071039
0.959298066425
0.950857605748
0.965556651287
0.876682633043
0.783071531716
0.758514422569
0.839016659036
0.789145211848
0.952608037192
0.775990561054
0.694891346459
0.93989011376
0.875803895326
0.951544394745
0.965628852182
0.841080548022
0.804677209171
0.801146409326
0.93846546684
0.799362518931
0.950535343218
0.844586693903
0.84678794069
0.901289050118
0.765743317015
0.960419821787
0.732995808826
0.802276969676
0.9377399359
0.959689007854
0.76840418413
0.839960553658
0.846025428803
0.798043531856
0.87836966858
0.866132497447
0.983240587469
0.961953650548
0.90755467897
0.842418906068
0.876326911563
0.860187370126
0.899436480823
0.844165815518
0.836213151129
0.912240693129
0.926994329588
0.892906702356
0.924974465537
0.786202585144
0.896763286726
0.8693832987
0.928667277146
0.850283520586
0.98841087592
0.966937273272
0.821906808016
0.833078575705
0.963378297468
0.837176416722
0.955339344205
0.927608917691
0.62749973585
0.891932870778
0.986741450357
0.772343535378
