0.838636903348
0.814414628354
0.383376870102
0.658228449299
0.80436950843
0.957682260746
0.638779387319
0.8185466635
0.632248872002
0.631750178105
0.595962954168
0.775682735692
0.977772500594
0.618831631441
0.945642365234
0.465851341724
0.457753502731
0.697387793873
0.771978152458
0.511636190929
0.825243410116
0.671099501306
0.525860840655
0.953265257659
0.788648777013
0.845357397293
0.504963191641
0.810235098551
0.431085252909
0.795155545001
0.612348610781
0.813227261933
0.814414628354
0.631750178105
0.817240560437
0.651009261458
0.833317501781
0.950463072904
0.658988363809
0.671954405129
0.771384469247
0.923961054381
0.477392543339
0.611066255046
0.797981477084
0.83091902161
0.646877226312
0.941249109475
0.678912372358
0.629826644502
0.517525528378
0.371431963904
0.609665162669
0.596794110663
0.793421990026
0.79954880076
0.83167893612
0.83091902161
0.970553312752
0.623248634529
0.662265495132
0.469484682973
0.657729755403
0.492875801472
0.684825457136
0.646877226312
0.636832106388
0.814414628354
0.574139159345
0.957682260746
0.959605794348
0.814153407742
0.818807884113
0.825765851342
0.802374732843
0.558252196628
0.665233911185
0.810092614581
0.974946568511
0.800356209926
0.814414628354
0.541035383519
0.949560674424
0.824198527666
0.675279031109
0.80301591071
0.783756827357
0.70949893137
0.821633816196
0.525860840655
0.781429589171
0.631797672762
0.83424364759
0.488981239611
0.653194015673
0.339563049157
0.625599620043
0.813061030634
0.963334124911
0.813203514605
