0.99320826407
0.834291142246
0.62263120399
0.74720968891
0.843837568274
0.863025409641
0.744122536215
0.922868677274
0.755022559962
0.58793635716
0.933863690335
0.647090952268
0.976086440275
0.738898123961
0.936594633104
0.744811208739
0.554713844692
0.889408691522
0.690596057943
0.583020660176
0.764640227974
0.584706720494
0.734196152933
0.923153645215
0.633198765139
0.785395393018
0.829612918547
0.762716694372
0.722726193303
0.917739254334
0.764735217288
0.835431014011
0.902066017573
0.58793635716
0.876300166231
0.541985276656
0.73303253384
0.783875563999
0.520612681073
0.742341486583
0.708287817621
0.932913797198
0.776941344099
0.647803372121
0.909712657326
0.672738066967
0.737449536927
0.955782474472
0.74027546901
0.503609593921
0.740797910235
0.744478746141
0.725029684161
0.768796010449
0.858727143196
0.99320826407
0.926953217763
0.717406791736
0.845286155308
0.909712657326
0.73559724531
0.624982189504
0.558917121824
0.625362146758
0.762645452387
0.710733792448
0.624056043695
0.87390168606
0.613678461173
0.896770363334
0.94027546901
0.879981002137
0.94027546901
0.953383994301
0.962692947043
0.930182854429
0.887010211351
0.70391830919
0.995606744241
0.97736879601
0.929232961292
0.583305628117
0.883661838043
0.84946568511
0.907361671812
0.702540964142
0.742365233911
0.683163144146
0.929232961292
0.744122536215
0.74811208739
0.862859178342
0.913393493232
0.788886250297
0.979767276181
0.625029684161
0.73137022085
0.752956542389
0.853265257659
0.954832581335
