0.961434338637
0.512039895512
0.614675848967
0.623296129185
0.468558537165
0.799596295417
0.591474709095
0.944098788886
0.76832106388
0.746378532415
0.709641415341
0.478176205177
0.979411066255
0.636760864403
0.629280455949
0.597957729755
0.609475184042
0.663761576823
0.433982426977
0.581287105201
0.950083115649
0.749608169081
0.576822607457
0.820161481833
0.777012586084
0.950083115649
0.449750653052
0.799738779387
0.113797197815
0.63680835906
0.735787223937
0.800593683211
0.816266919972
0.753289004987
0.515103300879
0.593350748041
0.64554737592
0.33996675374
0.463571598195
0.776347660888
0.775540251722
0.649988126336
0.595440512942
0.772785561624
0.63680835906
0.78024222275
0.622678698646
0.770410828782
0.752457848492
0.312942293992
0.750961766801
0.455260033246
0.624602232249
0.682688197578
0.46093564474
0.923889812396
0.961434338637
0.631583946806
0.644882450724
0.486487770126
0.598052719069
0.760888150083
0.608264070292
0.742056518642
0.790002374733
0.744716219425
0.437544526241
0.515103300879
0.717881738304
0.803443362622
0.659795772976
0.510662550463
0.796057943481
0.944716219425
0.920826407029
0.77857990976
0.635977202565
0.605533127523
0.982474471622
0.910330087865
0.667608644028
0.584255521254
0.613488482546
0.517406791736
0.777463785324
0.796057943481
0.775848966991
0.636333412491
0.6743528853
0.488791260983
0.786131560199
0.477511279981
0.799786274044
0.899667537402
0.768273569223
0.73816195678
0.578318689147
0.802802184754
0.78294941819
0.826858228449
