0.704559487058
0.717715507005
0.43996675374
0.476941344099
0.730657800997
0.908810258846
0.421966278794
0.704559487058
0.590596057943
0.689218712895
0.52745191166
0.691379719782
0.821966278794
0.680812158632
0.690216100689
0.570719544051
0.613939681786
0.707124198528
0.838470672049
0.503134647352
0.389123723581
0.549228211826
0.517264307765
0.80075991451
0.707337924483
0.629327950606
0.555545001187
0.846805984327
0.427309427689
0.700213725956
0.570933270007
0.692258370933
0.702398480171
0.689218712895
0.844265020185
0.714747090952
0.789194965566
0.908810258846
0.735882213251
0.695416765614
0.857539776775
0.705153170268
0.560864402755
0.670149608169
0.669579672287
0.783685585372
0.712586084066
0.801139871764
0.682260745666
0.659415815721
0.585466635004
0.347470909523
0.434196152933
0.5069342199
0.709380194728
0.637520778912
0.655331275232
0.77254808834
0.821966278794
0.496722868677
0.733341249109
0.379197340299
0.543600094989
0.5814533365
0.664782711945
0.712586084066
0.668653526478
0.837283305628
0.735241035384
0.971503205889
0.845262407979
0.790714794586
0.835929707908
0.839444312515
0.556993588221
0.559748278319
0.720541439088
0.692875801472
0.956186179055
0.675682735692
0.852600332463
0.596461648065
0.900474946569
0.655829969128
0.577321301354
0.831488957492
0.679102350986
0.580218475422
0.844265020185
0.576513892187
0.857539776775
0.581310852529
0.692020897649
0.624673474234
0.394538114462
0.462550463073
0.55098551413
0.831488957492
0.956186179055
0.820612681073
