0.860009498931
0.554025172168
0.401329850392
0.5651626692
0.550344336262
0.780859653289
0.480432201377
0.832367608644
0.557112324863
0.482593208264
0.674471621943
0.499976252672
0.974424127286
0.540702920921
0.814129660413
0.435620992638
0.522346236048
0.682640702921
0.501899786274
0.545001187366
0.806815483258
0.663927808122
0.408834006174
0.815317026834
0.68235573498
0.802517216813
0.43091902161
0.822488720019
0.365875089052
0.688268819758
0.534481120874
0.813132272619
0.809736404654
0.482593208264
0.546877226312
0.494324388506
0.48627404417
0.367371170743
0.658869627167
0.635668487295
0.634219900261
0.818784136785
0.534148658276
0.696129185467
0.673972928046
0.618617905486
0.557183566849
0.93906435526
0.504203277131
0.395345523629
0.539990501069
0.406696746616
0.605556874852
0.540394205652
0.540322963667
0.844526240798
0.852244122536
0.497150320589
0.665590121111
0.45715981952
0.817834243648
0.572951792923
0.496271669437
0.388055093802
0.64901448587
0.66183804322
0.512728568036
0.554025172168
0.501519829019
0.80482070767
0.832462597958
0.487342673949
0.710282593208
0.83604844455
0.837378294942
0.703039658038
0.553930182854
0.775658988364
0.963239135597
0.839990501069
0.706601757302
0.528164331513
0.666183804322
0.487342673949
0.574424127286
0.811659938257
0.817288055094
0.801139871764
0.710282593208
0.408834006174
0.661861790549
0.406150558062
0.68537164569
0.545618617905
0.715815720731
0.390809783899
0.541462835431
0.815340774163
0.773711707433
0.84509617668
