0.859534552363
0.62308240323
0.429304203277
0.583946805984
0.461980527191
0.657848492045
0.512657326051
0.636072191878
0.449869389694
0.313915934457
0.44585609119
0.35279031109
0.881310852529
0.472073141772
0.681999525053
0.324103538352
0.309593920684
0.633531227737
0.476988838756
0.363381619568
0.67993350748
0.703728330563
0.388363809071
0.615103300879
0.692282118262
0.816813108525
0.314462123011
0.725504630729
0.203419615293
0.593184516742
0.417430539064
0.689171218238
0.633531227737
0.313915934457
0.625908335312
0.480265970078
0.613132272619
0.522821182617
0.369603419615
0.480550938019
0.482094514367
0.490287342674
0.511778674899
0.639468059843
0.596010448825
0.606578009974
0.46727618143
0.591593445737
0.475469009736
0.439468059843
0.421467584897
0.334457373545
0.21643315127
0.432937544526
0.616100688673
0.704488245072
0.854167656139
0.588553787699
0.756732367609
0.35625742104
0.504559487058
0.40346710995
0.427095701734
0.398028971741
0.589883638091
0.488173830444
0.316623129898
0.62308240323
0.405865590121
0.757373545476
0.7488720019
0.565898836381
0.73438613156
0.750201852292
0.707314177155
0.622203752078
0.505248159582
0.49833768701
0.868036095939
0.710923771076
0.62308240323
0.388625029684
0.749750653052
0.572880550938
0.611754927571
0.621823794823
0.68100213726
0.535858465923
0.737212063643
0.442958917122
0.588601282356
0.34540489195
0.74540489195
0.393327000712
0.579031109
0.277653763952
0.440987888863
0.728330562812
0.66350035621
0.847185941582
