0.960793160769
0.355426264545
0.498670149608
0.569650914272
0.480550938019
0.767703633341
0.345832343861
0.818736642128
0.502612206127
0.480883400617
0.575540251722
0.427309427689
0.96426027072
0.538803134647
0.749228211826
0.370173355498
0.484872951793
0.669152220375
0.308406554263
0.483495606744
0.538043220138
0.611826169556
0.401234861078
0.807361671812
0.601971028259
0.657112324863
0.414675848967
0.778627404417
0.304464497744
0.661766801235
0.611493706958
0.802849679411
0.69351697934
0.490406079316
0.504868202327
0.593944431251
0.47993350748
0.261624317264
0.577463785324
0.678081215863
0.636475896462
0.786748990739
0.627808121586
0.615696984089
0.661766801235
0.646188553788
0.492258370933
0.941510330088
0.635312277369
0.223201139872
0.636879601045
0.517715507005
0.519282830682
0.533863690335
0.355829969128
0.828971740679
0.845879838518
0.472144383757
0.477748753265
0.515910710045
0.690881025885
0.663690334837
0.299786274044
0.385490382332
0.691308477796
0.619900261221
0.459202089765
0.504868202327
0.378959867015
0.790429826645
0.794158157207
0.491569698409
0.647755877464
0.960769413441
0.696437900736
0.808667774875
0.658275943956
0.757278556162
0.984872951793
0.849275706483
0.674970315839
0.773070529565
0.488221325101
0.349536927096
0.536072191878
0.778627404417
0.774946568511
0.624744716219
0.678674899074
0.394633103776
0.64599857516
0.525670862028
0.786986464023
0.566848729518
0.790881025885
0.417383044408
0.482450724294
0.782331987651
0.761196865353
0.803490857279
