0.82669199715
0.580907147946
0.597767751128
0.450486820233
0.457421040133
0.486416528141
0.480218475422
0.67511279981
0.519567798623
0.369175967704
0.526074566611
0.147613393493
0.940916646877
0.486297791498
0.667703633341
0.439088102588
0.341890287343
0.627713132273
0.399406316789
0.513607219188
0.707551650439
0.634528615531
0.519140346711
0.643077653764
0.648515791973
0.816836855854
0.47029209214
0.639990501069
0.294086915222
0.657800997388
0.527950605557
0.816670624555
0.766445024935
0.369175967704
0.595036808359
0.317098076466
0.473711707433
0.237188316314
0.420493944431
0.534006174305
0.37767751128
0.632248872002
0.487556399905
0.654191403467
0.643837568274
0.511398717644
0.558489669912
0.686250296842
0.386345286155
0.213678461173
0.381572073142
0.392994538114
0.443196390406
0.422298741392
0.580907147946
0.827546900974
0.93122773688
0.463215388269
0.590976015198
0.373996675374
0.775967703633
0.407029209214
0.427261933033
0.529660413204
0.671241985277
0.457777250059
0.171526953218
0.588055093802
0.406008074092
0.641296604132
0.78551412966
0.472381857041
0.778912372358
0.696604132035
0.827546900974
0.665590121111
0.488696271669
0.505841842793
0.9558062218
0.712728568036
0.750653051532
0.510187603895
0.608620280218
0.461719306578
0.636214675849
0.615198290192
0.663096651627
0.601994775588
0.768463547851
0.628496794111
0.528876751365
0.473046782237
0.750819282831
0.565851341724
0.684849204464
0.53830444075
0.354120161482
0.633008786512
0.493564473997
0.9558062218
