0.799145096177
0.884944193778
0.586084065543
0.598598907623
0.895369270957
0.928188078841
0.686060318214
0.77345048682
0.58717644265
0.746521016386
0.693421990026
0.794300641178
0.955473759202
0.618831631441
0.888815008312
0.615412016148
0.578912372358
0.918024222275
0.744977440038
0.722559962004
0.872571835668
0.541747803372
0.863001662313
0.97330800285
0.699762526716
0.886701496082
0.847114699596
0.81372595583
0.555426264545
0.910638803135
0.714770838281
0.926525765851
0.892804559487
0.754381382095
0.928473046782
0.605010686298
0.813488482546
0.916623129898
0.751911659938
0.895820470197
0.771313227262
0.943908810259
0.477036333412
0.605913084778
0.910638803135
0.93649964379
0.773046782237
0.93604844455
0.772761814296
0.613179767276
0.610828781762
0.581714557112
0.690691047257
0.560959392068
0.841890287343
0.892804559487
0.918499168844
0.93649964379
0.88190453574
0.742222749941
0.828900498694
0.495820470197
0.737544526241
0.72111137497
0.90738541914
0.718617905486
0.753621467585
0.928473046782
0.547280930895
0.958038470672
0.951317976728
0.915174542864
0.877535027309
0.809570173355
0.874970315839
0.719282830682
0.764735217288
0.889503680836
0.984872951793
0.767656138684
0.932628829257
0.569579672287
0.882569460936
0.879054856329
0.736475896462
0.81372595583
0.799596295417
0.861220612681
0.936333412491
0.866706245547
0.779173592971
0.866255046307
0.904749465685
0.707195440513
0.703372120636
0.680432201377
0.600213725956
0.817430539064
0.911018760389
0.748444549988
