0.1
1.4
0.55
1.0
11.6
1.0
6.4
7.3
3.0
0.46
4.8
5.6
4.9
4.8
29.7
0.37
0.19
2.4
0.1
4.9
15.3
0.19
4.6
4.8
0.37
0.28
2.4
0.19
0.28
0.1
11.5
8.3
14.9
4.7
0.37
0.1
0.19
22.0
0.28
0.19
0.19
5.2
2.1
0.73
0.82
2.9
0.64
0.28
0.19
36.3
0.37
0.1
0.19
0.46
163.6
4.1
2.2
3.2
0.1
3.3
5.3
5.7
3.7
0.19
1.21
0.28
0.1
7.0
0.19
0.1
0.55
0.64
0.91
0.1
0.92
0.37
0.19
0.37
0.37
0.37
114.1
1.21
13.8
0.19
5.3
5.4
5.5
1.01
0.19
0.19
0.1
0.28
2.2
4363.0
0.28
0.28
0.37
0.28
0.1
401.7
10.6
0.55
1.8
23.6
0.55
0.19
0.91
0.19
8.6
0.28
0.64
0.28
28.8
0.19
0.73
0.19
4.9
1.5
18.1
7.6
2.2
0.37
4.5
189.6
1.3
18.3
0.55
0.82
0.46
0.28
0.37
