0.600006529546
0.662259222984
0.362561214496
0.618860594189
0.577633039504
0.470917401241
0.598356186745
0.717442050278
0.818294156056
0.639094025465
0.344195233431
0.421418543911
0.51227064969
0.4214805746
0.401813581456
0.196269996735
0.520300359125
0.342097616716
0.638596147568
0.441967025792
0.550504407444
0.411741756448
0.725617042116
0.470398302318
0.66017956252
0.699688214169
0.303914462945
0.641090434215
0.561612797911
0.461212863206
0.301847861574
0.451152464904
0.441576885406
0.601798889977
0.600507672217
0.578555337904
0.658762650996
0.304469474372
0.800509304603
0.540835781913
0.715995755795
0.282959516814
0.49143813255
0.470888018283
0.619440091414
0.579975514202
0.778925889651
0.363077048645
0.679015670911
0.620801501796
0.600194253999
0.736364675155
0.580814560888
0.739177277179
0.640079986941
0.597616715638
0.647714658831
0.640488083578
0.794750244858
0.489232778322
0.561127979105
0.630479921645
0.479977146588
0.395561540973
0.551490368919
0.178945478289
0.500572967679
0.512845249755
0.640819458048
0.558860594189
0.264107084558
0.618589618022
0.599480901077
0.715724779628
0.639320927196
0.610365654587
0.342621612798
0.361093698988
0.60032647731
0.570886385896
0.421629121776
0.578716944172
0.530891283056
0.617466536076
0.727358798564
0.678114593536
0.697615083252
0.393736532811
0.559797584068
0.619817172706
0.660569702906
0.637105778648
0.518726738492
0.590253019915
0.838436173686
0.440192621613
0.392935031015
0.474196865818
0.53907280444
0.540256284688
