0.994469474372
0.952619980411
0.669040156709
0.973911198172
0.834270323213
0.78384590271
0.994557623245
0.996436500163
0.835
0.812009467842
0.551758080313
0.630569702906
0.952905648057
0.573697355534
0.993705517467
0.564764936337
0.930017956252
0.913664707803
0.892017629775
0.995114267058
0.70175481554
0.582391446294
0.805909239308
0.744743715312
0.891289585374
0.951353248449
0.95282892589
0.890809663728
0.792773424747
0.952789748612
0.773669604962
0.93407280444
0.851524649037
0.917035586027
0.931767874633
0.993411687888
0.868104799216
0.95254978779
0.9528762651
0.870257917075
0.934102187398
0.61458374143
0.953256611166
0.997290238328
0.997169441724
0.973625530526
0.974662095984
0.93365164871
0.951671563826
0.929960822723
0.996209598433
0.933622265753
0.872804440091
0.873764283382
0.931975187724
0.892017629775
0.82481554032
0.950019588639
0.99570029383
0.546531178583
0.916349983676
0.816131243879
0.891867450212
0.807001305909
0.701789095658
0.862419196866
0.93407280444
0.542706496898
0.99587985635
0.823831211231
0.615151811949
0.973761018609
0.773555337904
0.934373163565
0.995158341495
0.783615736206
0.812339209925
0.836157362063
0.930731309174
0.91657035586
0.792362063337
0.954066274894
0.705429317662
0.892002938296
0.996421808684
0.83582761998
0.973775710088
0.722306562194
0.934358472086
0.996825008162
0.974900424421
0.793974861247
0.830555011427
0.80680705191
0.89041136141
0.91105941887
0.679830231799
0.907525301992
0.952908912831
0.833875285668
