0.718989552726
0.805453803461
0.419743715312
0.740697029056
0.812970943519
0.813015017956
0.761036565459
0.782538361084
0.672316356513
0.546003917728
0.532378387202
0.408238654913
0.765264446621
0.555222004571
0.849205027751
0.467136793993
0.682665687235
0.62005223637
0.608266405485
0.636252040483
0.555344433562
0.416002285341
0.803068886712
0.485277505713
0.766999673523
0.763950375449
0.78060561541
0.766999673523
0.768134182174
0.635466862553
0.608272935031
0.679071172054
0.542309826967
0.688739797584
0.783067254326
0.781691152465
0.809183806725
0.635466862553
0.931100228534
0.69837740777
0.661645445642
0.616418543911
0.576663401894
0.637853411688
0.801686255305
0.71935194254
0.827342474698
0.563715311786
0.823796931113
0.82476330395
0.739526607901
0.771735226902
0.586061051257
0.74754978779
0.677151485472
0.579423767548
0.717890956579
0.868578191316
0.864746980085
0.517301665034
0.908483512896
0.549111981717
0.579906953967
0.732917074763
0.637084557623
0.63481554032
0.62005223637
0.539520078355
0.804322559582
0.684689846556
0.574983676135
0.760466862553
0.650406464251
0.806818478616
0.802272282076
0.752469800849
0.769371531179
0.601867450212
0.801952334313
0.750551746654
0.476235716618
0.676098596148
0.622347371858
0.728965066928
0.867409402547
0.746813581456
0.78181194907
0.520729676787
0.705323212537
0.740174665361
0.804487430624
0.468140711721
0.543323539014
0.689510284035
0.767904015671
0.658767548155
0.395754162586
0.781555664381
0.720065295462
0.664178909566
