0.795772118838
0.730311785831
0.555892915442
0.795636630754
0.622566111655
0.657987267385
0.775208945478
0.751581782566
0.839959190336
0.778581456089
0.561658504734
0.535031015344
0.703414952661
0.540961475677
0.586725432582
0.474353574927
0.801684622919
0.620483186419
0.713992817499
0.795075089781
0.565009794319
0.629010773751
0.727739144629
0.622755468495
0.714435194254
0.64337740777
0.741087169442
0.819009141365
0.673860594189
0.771611165524
0.689812275547
0.811557296768
0.637164544564
0.767138426379
0.82888834476
0.791297747307
0.716761345087
0.747688540646
0.832435520731
0.894301338557
0.760661116552
0.622051909892
0.791465883121
0.771204701273
0.748403525955
0.835886385896
0.768689193601
0.761429970617
0.831878876918
0.767783219066
0.771867450212
0.781345086516
0.636924583741
0.79833006856
0.768574926543
0.737696702579
0.760917401241
0.689201762977
0.794562520405
0.650275873327
0.652706496898
0.823173359452
0.737952987267
0.612195559909
0.68397812602
0.716539340516
0.759014038524
0.50486287953
0.7270388508
0.683968331701
0.540259549461
0.815759059745
0.607574273588
0.653462291871
0.816367939928
0.656947437153
0.743682664055
0.591374469474
0.788543911198
0.740461965393
0.749170747633
0.771611165524
0.781524649037
0.737709761672
0.77453150506
0.748818152138
0.815246490369
0.609621286321
0.708217433888
0.812513875286
0.832840352595
0.59560071825
0.596340189357
0.697559582109
0.649851452824
0.600466862553
0.60634345413
0.720068560235
0.75254489063
0.793318641854
