0.837404505387
0.856141038198
0.620602350637
0.957126999674
0.81018935684
0.548432908913
0.800919033627
0.95981064316
0.799756774404
0.542982370225
0.362109043421
0.743044400914
0.924004244205
0.496492001306
0.857873000326
0.491330395038
0.903504733921
0.921033300686
0.816887038851
0.558207639569
0.788710414626
0.609136467516
0.909459680052
0.806748285994
0.938214169115
0.798849167483
0.820741103493
0.702267384917
0.717551420176
0.661351616063
0.817022526934
0.764298073784
0.799911851126
0.697032321254
0.765293829579
0.957353901404
0.921908259876
0.504813907933
0.995618674502
0.765233431277
0.976266731962
0.460532158015
0.764598432909
0.959386222658
0.857678746327
0.661591576885
0.977489389487
0.558284361737
0.769151158994
0.7526820111
0.681456088802
0.957353901404
0.819051583415
0.959253999347
0.801554031995
0.780218739798
0.76986287953
0.818872020895
0.923215801502
0.589156056154
0.739239307868
0.480936989879
0.676911524649
0.687933398629
0.75245021221
0.426389160953
0.781856023506
0.580865164871
0.838359451518
0.760471759713
0.377685275873
0.733463924257
0.797820763957
0.940399934705
0.83758733268
0.75893078681
0.62809826967
0.816656872347
0.733044400914
0.707259222984
0.64042115573
0.886882141691
0.543166829905
0.904139732289
0.959616389161
0.816960496246
0.70093209272
0.754169115246
0.957928501469
0.857375122429
0.838839373164
0.798460659484
0.797326150833
0.826309174012
0.891345086516
0.675999020568
0.561044727391
0.707109043421
0.639546196539
0.621748285994
