0.501983349657
0.418952007835
0.56457884427
0.798863858962
0.610478289259
0.613765915769
0.564809010774
0.418396996409
0.870881488737
0.634573947111
0.480819458048
0.747500816193
0.386472412667
0.576266731962
0.37842474698
0.247856676461
0.54828762651
0.511534443356
0.545772118838
0.431676460986
0.750572967679
0.839737185766
0.708837740777
0.625243225596
0.740865164871
0.801036565459
0.302107411035
0.692504080966
0.551514854718
0.323029709435
0.396673196213
0.373989552726
0.525920666014
0.509458047666
0.485630101208
0.514386222658
0.810182827294
0.241127979105
0.623976493634
0.603615736206
0.647071498531
0.405009794319
0.403726738492
0.32610675808
0.482107411035
0.448989552726
0.635027750571
0.376434867777
0.621733594515
0.404126673196
0.53486287953
0.697641201437
0.545168135815
0.85170747633
0.487422461639
0.627554684949
0.709187071499
0.643860594189
0.658617368593
0.552528566765
0.493372510611
0.657264120144
0.492386549135
0.554555990859
0.691872347372
0.0262830558276
0.509387855044
0.737557949722
0.462327783219
0.447887691805
0.403806725433
0.4443568397
0.558764283382
0.457362063337
0.552611818479
0.719438459027
0.290930460333
0.423361083905
0.530027750571
0.521003917728
0.451387528567
0.493956904995
0.592184133203
0.627074763304
0.493522690173
0.698801828273
0.534593535749
0.508096637284
0.624888997715
0.419929807378
0.595992491022
0.629587006203
0.610070192622
0.779306235717
0.690891283056
0.56059582109
0.58518935684
0.445992491022
0.421970290565
0.511317335945
