0.777835455436
0.714453150506
0.595976167156
0.777304929807
0.637280444009
0.641676460986
0.737886059419
0.715881488737
0.838969964087
0.758842637937
0.546472412667
0.546503428012
0.699422135162
0.544033627163
0.771645445642
0.459908586353
0.773676134509
0.616674828599
0.717735879856
0.720014691479
0.5620388508
0.606478942214
0.688206007183
0.624776363043
0.674027097617
0.733684296441
0.734232778322
0.822002938296
0.708457394711
0.716139405811
0.593581456089
0.727518772445
0.600870062031
0.770337904016
0.775716617695
0.774320927196
0.759022200457
0.699156056154
0.812451844597
0.779216454456
0.742126999674
0.545489715965
0.7652791381
0.748395364022
0.700590923931
0.759433561867
0.751229187071
0.685021221025
0.816258570029
0.734831864185
0.70078517793
0.762510610513
0.596993143976
0.720339536402
0.7553640222
0.72180705191
0.723091740124
0.732877897486
0.758085210578
0.55134345413
0.66930950049
0.804694743715
0.70277179236
0.598398628795
0.68347208619
0.705799869409
0.722990532158
0.520778648384
0.696472412667
0.689007508978
0.524653934052
0.740398302318
0.58681194907
0.596638916095
0.778623898139
0.63939928175
0.628488410056
0.727381651975
0.779216454456
0.725241593209
0.733099902057
0.71982043748
0.719255631734
0.703862226575
0.707835455436
0.714064642507
0.778468821417
0.599849820437
0.690545217107
0.779593535749
0.77693927522
0.594699640875
0.579396016977
0.700507672217
0.652747306562
0.71310316683
0.585106105126
0.704756774404
0.717840352595
0.753677766895
