0.915186092067
0.915065295462
0.769260528893
0.991211230819
0.912868103167
0.804968984656
0.917024159321
0.985999020568
0.967257590597
0.775298726738
0.653628795299
0.729619653934
0.886596474045
0.742234737186
0.910470127326
0.586304276853
0.964871041463
0.960579497225
0.969751877245
0.75699151159
0.863867123735
0.81967352269
0.802921971923
0.84226575253
0.968362716291
0.990750897813
0.885618674502
0.854791054522
0.63972575906
0.637851779301
0.754807378387
0.984355207313
0.866245510937
0.987846882142
0.988290891283
0.877714658831
0.839534769833
0.829136467516
0.992727717924
0.905688867124
0.97207639569
0.618179888998
0.913238654913
0.987675481554
0.907319621286
0.834774730656
0.987213516161
0.734472739145
0.934064642507
0.733814887365
0.831813581456
0.974521710741
0.869753509631
0.967481227555
0.712804440091
0.969751877245
0.904629448253
0.788414952661
0.994382957884
0.707559582109
0.992324518446
0.850186092067
0.89218086843
0.783904668626
0.649413973229
0.805427685276
0.889606594842
0.643320274241
0.968803460659
0.706643813255
0.660212210251
0.832244531505
0.96856186745
0.969206660137
0.914973881815
0.803929154424
0.717433888345
0.98698661443
0.929565785178
0.988674502122
0.908204374796
0.9838834476
0.745608880183
0.966134508652
0.98647567744
0.988543911198
0.911839699641
0.662381651975
0.985917401241
0.909028730003
0.908101534443
0.952002938296
0.94967841985
0.866190009794
0.908814887365
0.893047665687
0.725287300033
0.88388834476
0.912042115573
0.913721841332
