0.562025791707
0.341436500163
0.58074273588
0.894746980085
0.656585047339
0.592236369572
0.581443029709
0.596924583741
0.774015670911
0.562935031015
0.485097943193
0.674807378387
0.502117205354
0.565861900098
0.301255305256
0.247895853738
0.701738491675
0.586965393405
0.60181194907
0.418919360104
0.867814234411
0.807380019589
0.724020568071
0.64253999347
0.867814234411
0.756793992817
0.422278811623
0.561656872347
0.537012732615
0.418408423115
0.499689846556
0.501074110349
0.675514201763
0.674665360757
0.479505386876
0.718728370878
0.747285341169
0.281083904669
0.543568396996
0.642053542279
0.799972249429
0.379142997062
0.460824355207
0.599920013059
0.521684622919
0.500528893242
0.658633692458
0.435649689847
0.661942539993
0.459738818152
0.440254652302
0.816702579171
0.752518772445
0.756699314398
0.439048318642
0.662602024159
0.774258896507
0.665675808031
0.707112308195
0.548346392426
0.55379366634
0.525217107411
0.597843617369
0.485437479595
0.587797910545
0.0853428011753
0.516929480901
0.571054521711
0.674777995429
0.449702905648
0.402931766242
0.619314397649
0.834652301665
0.756607900751
0.520806398955
0.741322233105
0.377874632713
0.554954293177
0.618398628795
0.641496898466
0.598396996409
0.619911851126
0.570190989226
0.740393405158
0.814711067581
0.834472739145
0.564712699967
0.528410055501
0.752189030362
0.443681031668
0.581958863859
0.800667646099
0.740243225596
0.686873979758
0.777144955926
0.48171237349
0.669730656219
0.47944662096
0.521018609207
0.615427685276
