1.6
3.6
0.55
2.7
5.6
4.1
1.8
1.0
11.0
6.6
1.7
1.1
0.28
3.0
1.8
0.1
1.0
0.19
1.2
0.55
1.8
2.1
1.31
0.19
1.7
0.1
0.73
2.1
148.5
0.55
2.4
2.0
0.37
0.73
45.5
1.5
3.9
1.2
5.1
2.2
1.4
112.2
0.37
2.6
1.7
0.46
1.7
5.5
0.19
2.4
23.8
3.9
0.82
2.0
7.1
1.2
4.9
0.1
0.46
0.64
2.0
0.91
5.2
5.2
0.1
2.0
4.9
1.3
0.19
2.2
0.37
0.37
80.5
2.9
0.1
4.1
1.0
1.2
216.0
1.8
3.5
1.3
0.28
0.28
40.6
0.28
0.73
8.3
4.3
1.6
1.1
0.82
1.7
2.0
16.4
5.3
1.1
0.73
0.46
5.1
0.55
0.64
0.19
63.3
0.64
1.6
0.64
3.4
32.6
1.3
1.8
1.8
1.8
0.28
339.6
0.46
1.5
1.7
0.73
4.1
1.2
0.1
1.0
1.5
1.0
0.64
19.2
16.2
71.6
1.7
1.2
2.5
2.3
1.4
0.55
1.2
1.3
0.28
6.8
4.3
0.37
0.82
0.1
0.64
0.19
2.2
0.83
1.9
5.7
1.6
1.2
3.0
0.91
1.2
1.8
2.1
1.0
2.3
2.7
0.82
4.8
3.2
7.4
2.1
0.19
1.9
3.5
2.0
2.1
2.7
0.55
0.28
11.4
3.4
28.1
2.2
0.1
2.0
0.82
0.37
55.3
0.1
0.91
2.1
1.7
7.6
0.28
4.4
2.0
10.2
1.9
0.1
0.1
10.3
3.1
1.01
3.9
