0.993943681739
0.992157593578
0.973694830399
0.998018806498
0.994409817848
0.993819440131
0.997137381309
0.968866663446
0.994379447677
0.993710843762
0.967597098268
0.988601982804
0.991364517977
0.932100810561
0.997775615053
0.988822856775
0.99597020042
0.994919898674
0.985980945018
0.995625084841
0.967017534172
0.990447200768
0.968329663604
0.997364237283
0.988798468607
0.871887575149
0.998933362783
0.944660026643
0.93095180576
0.988165756712
0.992250544707
0.989953455412
0.990988111919
0.991074390813
0.950654454177
0.994436736863
0.994332281881
0.991435841863
0.994622178968
0.99776181043
0.997771703744
0.935803670649
0.994346086504
0.980483253842
0.992404696333
0.968776473241
0.993167861917
0.968933385791
0.99502481381
0.996142988287
0.995779466543
0.993800573812
0.991483007659
0.988219364665
0.994396933533
0.989706582735
0.968704919277
0.993819900285
0.983141794187
0.998582495278
0.994491035048
0.988615327273
0.987281340521
0.99781104692
0.986806231407
0.995436191581
0.988610495655
0.996530207967
0.995795802014
0.892069474067
0.973465673654
0.993863845002
0.88868112931
0.994136946463
0.997220439125
0.964933496228
0.97775338961
0.959566948971
0.995778316158
0.988639945518
0.976852868026
0.994697644241
0.991033667175
0.987444235074
0.970427506172
0.897778836132
0.99745189664
0.969977015302
0.989337309065
0.993094697414
0.971821082881
0.98540000046
0.995363257155
0.989521370707
0.986653230167
0.970865112726
0.973114806149
0.989179936361
0.995680533411
0.992323249056
