0.263933581356
0.58982875365
0.645927751204
0.529843754673
0.593864305156
0.171913343779
0.747185122297
0.830338880491
0.455608243201
0.500242961368
0.57064308837
0.358588431266
0.437922910383
0.335954141042
0.566502851805
0.177919275165
0.484128824743
0.448996288857
0.64567742737
0.574507462549
0.470654592223
0.751307412853
0.67604138626
0.570670237463
0.210326318284
0.636279469995
0.406160543166
0.578527138739
0.495143993723
0.747189953916
0.686413259801
0.532974183054
0.619973679185
0.844875608841
0.398123951711
0.513151434415
0.691975142475
0.687664188737
0.38163248872
0.630477847031
0.841049887607
0.975569728302
0.492651799088
0.850882460536
0.630506606663
0.546517668767
0.533197357795
0.728172014808
0.334497983375
0.817795309649
0.747595809837
0.577563115888
0.2864523729
0.485777556904
0.518037810863
0.378621700407
0.820686687972
0.522677084556
0.546655254845
0.752111302075
0.748863994552
0.687051953699
0.589173264126
0.19378745942
0.677445776591
0.702062180624
0.546284370636
0.578783214499
0.691486228738
0.23800274712
0.654856351392
0.374738689987
0.4150886832
0.719426555954
0.748102899661
0.704663201706
0.494540961768
0.686115540094
0.443644466532
0.250879469534
0.68529462517
0.530359127272
0.687530974123
0.174397025564
0.484807091895
0.35427103537
0.703728168564
0.79744407402
0.691455858567
0.403774874205
0.513097596385
0.5282944158
0.748245317357
0.332586043066
0.332401981424
0.346643520915
0.4296870722
0.52938268026
0.72369080405
0.298695233034
