0.995648782777
0.629987322754
0.687123047509
0.997729369566
0.809805423836
0.813548547409
0.996386869963
0.806743788495
0.811102828337
0.807046339819
0.988235930213
0.748402459984
0.811735540232
0.778300742919
0.997447065022
0.457229826269
0.996620858325
0.995571476888
0.623111470031
0.814952937739
0.778242993579
0.629377848642
0.801233213003
0.825642087535
0.809007056463
0.746233753684
0.998360931076
0.983089796773
0.959248982484
0.806174117712
0.810422490492
0.806946256301
0.63698005462
0.80760910829
0.738777876711
0.821593651714
0.813572245345
0.811740601928
0.995267315024
0.997677142075
0.996503979183
0.963211829642
0.995601386904
0.992588988052
0.813252898396
0.807439541502
0.99567202056
0.779686266931
0.996938594735
0.990890329171
0.815877617414
0.80970442001
0.629980880597
0.62574401167
0.813243465237
0.627767309272
0.961268368777
0.821784845745
0.62380009065
0.998695693188
0.809983503475
0.806682357922
0.444209995928
0.997752607348
0.801938169093
0.995358655614
0.624903310119
0.996218683637
0.996668944429
0.516589705893
0.683104751781
0.813612738906
0.807704130113
0.990040424538
0.998413848798
0.794610445038
0.811519958034
0.803868515566
0.814931080419
0.623033703987
0.810220022686
0.814430432752
0.807664326783
0.624178797479
0.815031394014
0.62741460115
0.996890968785
0.984542963438
0.627185444405
0.812671493683
0.991012270009
0.620458221458
0.995441943507
0.960923253197
0.594051127723
0.936203544567
0.991937869993
0.624381265286
0.823449683299
0.638255831878
