0.993997519769
0.992220174536
0.976354060975
0.99794840292
0.994306743328
0.993830943983
0.996895340249
0.969038761081
0.993489509637
0.993553931212
0.967975344943
0.988737268111
0.991312520563
0.919439210191
0.997711193479
0.988700455783
0.996161164374
0.995024353656
0.986057790754
0.995581830355
0.946225010756
0.990464686624
0.968487036308
0.997186617798
0.989063517372
0.846816999013
0.998747460525
0.94522233496
0.918311372479
0.988147810702
0.99187643942
0.989789180397
0.990520595347
0.990450421846
0.96151869261
0.993939310275
0.994249914296
0.991668219687
0.994924960369
0.997679442845
0.997530582992
0.92317244045
0.994316176488
0.983192181061
0.992474179603
0.968778313857
0.993185347773
0.947983029517
0.995351523225
0.995740813598
0.99580707579
0.993655625269
0.991532704303
0.987987446996
0.994519334525
0.989302107276
0.947761465315
0.993663447889
0.983250390556
0.998536940021
0.994360811436
0.988595540647
0.986793117015
0.997840496782
0.985835306244
0.995271916565
0.989075711456
0.996496156563
0.995723097665
0.955935642847
0.976083030207
0.993931487655
0.953012513891
0.993898126483
0.997242066368
0.964827660784
0.980796388711
0.972904515722
0.995898876534
0.988545613926
0.979544309389
0.994451921949
0.990702356219
0.98737199088
0.97306004781
0.838710694211
0.997279799005
0.970115521688
0.989103550779
0.993168782225
0.971966031424
0.984653170347
0.99534024945
0.989609260141
0.986358271385
0.949976417102
0.973359608133
0.988544003387
0.995455978207
0.992208670684
