0.993735692083
0.992833329882
0.988386170529
0.998351958071
0.99529101296
0.993807476124
0.996904083177
0.960945110518
0.99364458157
0.994433745861
0.959427522277
0.990298570991
0.99112385738
0.960800161974
0.997512176828
0.988734047032
0.995797182476
0.994848574788
0.985153818014
0.99543780212
0.959798176409
0.990538541358
0.961325427886
0.996874633315
0.988412859467
0.929443650679
0.998794856397
0.900247792986
0.959965442427
0.987499453567
0.993189259083
0.989266905487
0.99070695776
0.991645442059
0.952629205521
0.994041464486
0.993965078905
0.991998380258
0.993766292331
0.997511026443
0.998531878326
0.964436759871
0.995121676249
0.936969701153
0.993256441582
0.961789493301
0.993114484041
0.960987444695
0.994427993935
0.996037612997
0.996289777446
0.993037178151
0.991290203089
0.987859064001
0.994030190711
0.990337223936
0.961519382841
0.993410363131
0.981912262417
0.99854246187
0.993565665141
0.989498823156
0.986862600285
0.997618242349
0.985404602001
0.994863759873
0.988411709081
0.996535269662
0.995395467942
0.929526018264
0.988046576799
0.994750561963
0.925268902555
0.994866290721
0.996939284967
0.956404079726
0.926959738817
0.983734702752
0.996769948256
0.988523066375
0.925347128753
0.994672795919
0.991107061755
0.987847790225
0.984791676733
0.885223991515
0.998195045521
0.96265458302
0.990278324211
0.992529168018
0.964365205907
0.983608620527
0.995212326608
0.9893048682
0.98774747663
0.913502301921
0.965273780189
0.986968895883
0.995446545048
0.991740693958
