0.993664368197
0.992331071676
0.986771029618
0.998105775624
0.994003501773
0.993368028953
0.996864970078
0.982245644066
0.993793211346
0.993275077824
0.981159680377
0.988882676808
0.990919088803
0.932877090538
0.99755105985
0.988058540805
0.996048426618
0.994807160918
0.985135181772
0.995427218576
0.971400962182
0.990312835769
0.981792392272
0.996797787579
0.989135761567
0.874235281396
0.998618617375
0.971616314304
0.932051113918
0.987204494785
0.991425488396
0.989046031516
0.989925616089
0.990022938682
0.975211038177
0.993574408069
0.994223685512
0.991224170975
0.994384739449
0.997756288581
0.99729268332
0.937076456905
0.994195616112
0.987095668339
0.991934418837
0.981873839549
0.99301693137
0.973418968012
0.995022973194
0.995848949813
0.995446314971
0.992924900549
0.991599426648
0.987607359705
0.994348617352
0.989202713989
0.973333609426
0.99324332719
0.983169863587
0.998509790929
0.994318017104
0.988572072787
0.986926561706
0.997459489183
0.986091151927
0.995129728946
0.988147580625
0.996419770981
0.995796722322
0.902090250025
0.986049968134
0.993546338669
0.956250158178
0.993824041672
0.997056164109
0.977998191594
0.969463253244
0.983810168025
0.995873107904
0.987529593661
0.968562271505
0.994640124978
0.990441448841
0.986881466603
0.983376702858
0.953788793867
0.996793416115
0.983465052446
0.988532959688
0.993099298955
0.985069839889
0.983613222068
0.995344390836
0.989988427124
0.985782618599
0.975469874861
0.986383349784
0.987508656649
0.9951973716
0.991530863686
