0.993931717732
0.943035912727
0.886380588859
0.997927235831
0.863730423319
0.994458134029
0.997455117719
0.836173404473
0.995938449787
0.798062521138
0.96674995456
0.811735770309
0.861733584577
0.770745932813
0.997268065075
0.990628501485
0.996394462505
0.994962693006
0.753432404512
0.995061856216
0.772097635498
0.860197590173
0.967505067447
0.997328805417
0.857119389283
0.892225926463
0.999192659622
0.866444412234
0.967054576578
0.858629154904
0.994144078852
0.860499451266
0.860313088853
0.861165984488
0.912792514213
0.9943792176
0.863348955565
0.992528937941
0.99408333851
0.998117969708
0.997929076448
0.972150783297
0.995680763488
0.895186327901
0.993325924852
0.968646249629
0.995467712137
0.837642676532
0.995719186356
0.99723953552
0.997225730897
0.807660415473
0.860700308533
0.726538467733
0.945350487878
0.94198722152
0.968768420544
0.993261733355
0.722480598753
0.998277413106
0.866864532932
0.859366321781
0.856559841891
0.998288916958
0.991664998608
0.996214772327
0.763010742298
0.997871557185
0.99590071715
0.762029003513
0.754902136726
0.99458766741
0.826990108988
0.995631066844
0.997307868405
0.837852276727
0.864486456514
0.835541152732
0.996670785046
0.686256117174
0.864940628617
0.99558298074
0.862944250029
0.848863304321
0.96536351024
0.686582366435
0.997607888882
0.970790567761
0.858861072573
0.861020805868
0.971439615127
0.750406201037
0.995124437174
0.97041048047
0.775071151329
0.893417035365
0.971897238385
0.753626819622
0.995448845818
0.79599366828
