0.771686662383
0.973897029116
0.752624389643
0.606454582533
0.81856956239
0.649383102017
0.950650662398
0.913502880076
0.977810142022
0.897199958444
0.888417939967
0.952809180073
0.759867000912
0.77323838254
0.821072265467
0.892365779237
0.959544459365
0.770583595304
0.805494461097
0.909759743583
0.93455571417
0.792997010262
0.729435836068
0.986812254462
0.948940413022
0.576418105422
0.935929088957
0.835282466745
0.793215276522
0.954297411587
0.964798529372
0.804097999531
0.870138597632
0.952509725306
0.928233495839
0.875577842848
0.938653713701
0.726820200162
0.929320209782
0.956899099231
0.763688055285
0.966745129652
0.773590455925
0.877731069803
0.771403753141
0.929953364706
0.843303872038
0.646009065409
0.917356352135
0.968232976386
0.946434727903
0.964548134011
0.82106880245
0.964651447349
0.738731920166
0.762563151961
0.669210316712
0.94238934699
0.837777185645
0.636190450538
0.683875038959
0.384971564783
0.785381836092
0.960835683696
0.824668223742
0.97436280489
0.935909657585
0.92692957378
0.96373278592
0.929257875478
0.820105410387
0.7688436217
0.970363116561
0.837882326686
0.441429417944
0.971667519595
0.834627475576
0.742060167995
0.748461458546
0.779868713181
0.914177783592
0.907643840255
0.97384267899
0.974014002132
0.961151010624
0.597940755476
0.762434346971
0.798910881184
0.669228689941
0.623845180058
0.86517590202
0.83610454848
0.972442177237
0.788116753691
0.910077475384
0.764441357657
0.808590975378
0.976572883039
0.822721719657
0.936335801054
