0.746888960287
0.934389585554
0.851053141918
0.848129970872
0.837494084013
0.853186552721
0.924126261596
0.763290289316
0.963018442489
0.849020254801
0.871826914567
0.947504415347
0.770053561328
0.859379004113
0.899856380993
0.838795024029
0.848189804109
0.806431399559
0.852546279373
0.879980106892
0.832507532062
0.791250976378
0.848916268099
0.937728607213
0.905659820154
0.825379585131
0.920948558808
0.924791641816
0.732155170092
0.889751778644
0.908629357149
0.922501818084
0.853443104556
0.830345839955
0.83749696986
0.845049040167
0.873666257518
0.818469423485
0.75749829735
0.880729080492
0.816790726041
0.890499597905
0.816255593734
0.905306881015
0.725481647934
0.904491340534
0.889056674196
0.851326335474
0.964453478216
0.856364736484
0.880233484295
0.88968319167
0.801568650462
0.944623954842
0.93205060622
0.848699637153
0.812137200882
0.900455771502
0.969606351173
0.733000723386
0.823353046878
0.674349818576
0.805377103302
0.980651258807
0.736913932487
0.896730142484
0.810030532266
0.835964681075
0.877464417501
0.883308354721
0.912754098865
0.830243103787
0.932367857047
0.928531892462
0.809331099046
0.924504884778
0.870254801088
0.849769613181
0.823583145112
0.813586281066
0.889917137701
0.836894020139
0.86109983493
0.937125657492
0.931380801034
0.822095683157
0.923576026688
0.902879883335
0.875069260338
0.853262835287
0.824556637641
0.826217058052
0.849140113664
0.911040771252
0.790665630327
0.9067880903
0.838030851633
0.927229701911
0.748238671125
0.80443920289
