0.789221648473
0.974548557269
0.563997802908
0.639458961326
0.620614185287
0.672543855261
0.842234473179
0.914517159249
0.781238817341
0.840087210309
0.888463632551
0.823470019893
0.702020285583
0.803180973416
0.777368895952
0.875071953796
0.966991003852
0.905386338014
0.955704743179
0.594349510753
0.791110243219
0.726570189581
0.820811000081
0.985468988684
0.81377722797
0.810538826191
0.828613561944
0.916616805636
0.696774392144
0.843792734591
0.941175463371
0.841452408528
0.900457310621
0.831439960906
0.909635555949
0.479523084855
0.773595073281
0.775728099304
0.826462451277
0.944275055889
0.777740881684
0.787098049552
0.798986875166
0.819712261773
0.888087991412
0.805880202702
0.831604261819
0.532549665434
0.873776785474
0.767603669259
0.959778501591
0.96539397589
0.753162888772
0.794830292933
0.771386822836
0.765751147605
0.905138924695
0.939943014133
0.957192782303
0.905477819377
0.502747326743
0.535806151857
0.886679601676
0.971059567739
0.580570551274
0.908500359769
0.886427571001
0.799635998445
0.924718629877
0.948346890403
0.883492087006
0.805891938481
0.768643632474
0.797613500379
0.416110147024
0.97377553494
0.81460527379
0.830125842186
0.627989449342
0.765884185171
0.87799175802
0.872540777024
0.82384287138
0.823919634921
0.847138682284
0.483509209701
0.803904743948
0.601586542716
0.883792696113
0.629138978564
0.920158798564
0.859110139329
0.738624278057
0.760229848127
0.946106222272
0.952712696574
0.893874307878
0.811353885697
0.807953299293
0.731345978475
