0.544602695766
0.96462230029
0.737040044019
0.536315696317
0.568595054042
0.797390424373
0.903607886444
0.810213975967
0.859566391806
0.727575041652
0.581675542251
0.886576288338
0.782454913444
0.727942313834
0.877216427013
0.922000738777
0.780233484295
0.735358172143
0.750063873423
0.707379785216
0.752774646099
0.698883177049
0.440956138967
0.953022828977
0.948746868856
0.628937834999
0.69670599756
0.793613331076
0.754291447503
0.973025214611
0.870389473968
0.899437452143
0.855044942264
0.822054607929
0.799132706656
0.819344893397
0.733558076717
0.522324723247
0.631679871022
0.982232414608
0.565082496758
0.810226385111
0.798113232957
0.896983519887
0.672762506301
0.804165239775
0.968591975805
0.697069133361
0.716753113829
0.822911416028
0.831215634367
0.905918392083
0.637141144873
0.964253969964
0.533129720765
0.780935514777
0.624868693942
0.954949324519
0.825323311106
0.443227974251
0.647409567161
0.41682458665
0.80886782434
0.901833378866
0.705240987499
0.700008368958
0.696246955431
0.799860132595
0.854995594273
0.762334208066
0.828174335967
0.605709360535
0.88364445975
0.881424281135
0.411410833086
0.904963849951
0.832354389759
0.880363155039
0.527794654641
0.618881618691
0.946552759063
0.656565880049
0.886223156809
0.965671594411
0.902544932644
0.569787774781
0.741200474049
0.80975204799
0.809398531681
0.429128012344
0.591406908334
0.696949947862
0.882555725714
0.86579568585
0.807793711931
0.589674437933
0.575323695886
0.977322241418
0.739975720404
0.739424042572
