0.859207199997
0.805920315981
0.730242719007
0.769188095687
0.615161184198
0.881752401987
0.815398593246
0.730521203283
0.797730377199
0.7725506851
0.71899455152
0.917186856697
0.958924867924
0.903466768505
0.940592041218
0.829673918481
0.905747742305
0.810457349099
0.871182697228
0.765831566553
0.819051017935
0.954392259772
0.582240494981
0.890040555776
0.847152245766
0.39803714278
0.967039293698
0.854823693962
0.657978598556
0.949922755484
0.959427582545
0.899689290428
0.9212759101
0.966322930174
0.895926914952
0.690818676435
0.624319420984
0.694599136554
0.839148251754
0.946485422623
0.524465060083
0.955641831705
0.618972522885
0.812473979276
0.766572940755
0.960423873269
0.839809784177
0.756455448288
0.890024298835
0.96662373167
0.964100731466
0.730981303557
0.759551866374
0.739905305727
0.737363643709
0.747228528333
0.921839997076
0.945489228094
0.787084678459
0.889149117508
0.847381574441
0.796173366322
0.746592776147
0.957471651359
0.752482886925
0.679778289962
0.760328351719
0.852238263259
0.822651016395
0.798720992424
0.881319428679
0.720104544633
0.756240067875
0.949185517663
0.828306700168
0.949592325955
0.798170757516
0.855192024287
0.626779509714
0.81575201336
0.847027096183
0.787018592553
0.657402198631
0.893246539869
0.799571932633
0.609550904425
0.884789756396
0.76499053442
0.568297619368
0.641751093736
0.56155185483
0.835182808815
0.798960613954
0.758536240472
0.884521949755
0.871588351181
0.959284733098
0.892850793993
0.714519948901
0.834315611665
