0.7248770629
0.955376910912
0.548376999411
0.597026903794
0.631991157764
0.677520691526
0.774410902347
0.76813399182
0.809279730962
0.695547714601
0.605123725898
0.795529822347
0.824585207531
0.791960606259
0.68323630473
0.852354659104
0.824866000485
0.772839173647
0.942659750894
0.57990901885
0.939925699048
0.625650950983
0.373204329541
0.987148744272
0.845512122483
0.673055708399
0.806288646307
0.969908307008
0.909014906364
0.859775904328
0.984657969364
0.851989022236
0.919898879906
0.899992496797
0.622628602981
0.855330448769
0.864187306889
0.635235908407
0.655493691538
0.803292944295
0.771403464556
0.855141714347
0.775666726949
0.951799614451
0.631134830639
0.85049194079
0.845304341469
0.39503441854
0.937977271066
0.808560577785
0.948573333231
0.989745141195
0.859588420441
0.847563959998
0.651229371001
0.806425916449
0.756909873061
0.825221440692
0.876727853045
0.601466587659
0.731099046131
0.368141495023
0.767132795155
0.953404338006
0.90199104233
0.590155508698
0.696727064247
0.835910042364
0.875807748693
0.855696278026
0.852211617267
0.684026642143
0.868787155286
0.861234219224
0.405536979249
0.951189834891
0.819829042399
0.855509178919
0.625071088041
0.67038639573
0.907521480324
0.782115922567
0.853956496812
0.987241764753
0.774888317705
0.458888698637
0.699492571829
0.697863318571
0.791857196726
0.695931917088
0.677920573783
0.725158144439
0.813044415116
0.443704331465
0.94010895036
0.705350264921
0.827487311891
0.995304533859
0.852787824802
0.838539818923
