0.78536163516
0.903558153673
0.626915336932
0.612018303968
0.844704085206
0.717008030351
0.802138605328
0.887503703504
0.735418486354
0.805036380916
0.62237233973
0.781301536425
0.929387065247
0.884563409763
0.839950709726
0.883324226881
0.882925498963
0.635895613127
0.859835160395
0.537035907637
0.864921755057
0.753152692111
0.426466491464
0.935245431704
0.800276367988
0.709921062454
0.844014944842
0.877703461863
0.827475672306
0.792303829712
0.954730962065
0.768463747985
0.893996667808
0.926786628137
0.622882172774
0.71423607771
0.865521241761
0.859791584099
0.731030074378
0.879583976236
0.944740639273
0.963176490733
0.884248275225
0.820339260223
0.708710064681
0.91239615759
0.769024371943
0.272069999115
0.941075516855
0.893918461343
0.850129189769
0.958110481783
0.884176898599
0.781737106996
0.775537248595
0.890534709049
0.742173100824
0.797966054739
0.957602765027
0.717184740408
0.750599582899
0.526857716179
0.812913109058
0.968183147421
0.886954141961
0.725485303341
0.885116241934
0.824769901766
0.886956162054
0.965764614893
0.863413226416
0.727142741709
0.880188272686
0.879945284333
0.59912770452
0.968007495508
0.877218543301
0.815747299809
0.725067240245
0.791206341938
0.897331649281
0.849799818384
0.796675215188
0.897418417093
0.812976790091
0.490159741274
0.699942956416
0.741439229825
0.775097541643
0.851438402549
0.777811873531
0.700524935646
0.753617505935
0.459486838612
0.930441361504
0.771970052599
0.938621488405
0.882938100497
0.810029377927
0.833692172427
