0.643376787782
0.957990719115
0.783529314438
0.725846322853
0.655901173193
0.808906302306
0.887580467046
0.716093216719
0.812958609252
0.784121009354
0.712818838042
0.89210509102
0.808024002555
0.836648915499
0.747664579878
0.923365744606
0.735229944322
0.61479554733
0.790497481617
0.74785802785
0.891475014333
0.698308027658
0.597521441846
0.966604396492
0.811470954908
0.742547683819
0.767096337282
0.813790791453
0.840925356595
0.957406238817
0.907253288904
0.959156986252
0.838182262427
0.698459919427
0.888507112652
0.807218081566
0.787266102067
0.520688736345
0.739539668859
0.898763510576
0.628927542143
0.95889620184
0.754807917996
0.882382286284
0.512600379393
0.805005406154
0.887244169626
0.786147355217
0.757407296961
0.956241222214
0.797368588128
0.908925252704
0.708581740666
0.878238786559
0.615588770591
0.698242807506
0.773515135308
0.817855699933
0.853419248218
0.577664021948
0.68085471105
0.536145142734
0.753094686578
0.951659554656
0.665622919785
0.865628595285
0.780764576415
0.735670805613
0.88657494161
0.787338152057
0.862173851144
0.669540553852
0.894559985224
0.891914528895
0.535713900935
0.897036330895
0.846009257799
0.805632019824
0.604890838012
0.615072684877
0.933166082443
0.714124684
0.876507662887
0.88689305819
0.885001481402
0.78960565857
0.710628191266
0.80264449438
0.79255788048
0.635234080704
0.644645598698
0.784065793473
0.863471905313
0.804574356745
0.803553632512
0.661303479562
0.656394845492
0.887897621677
0.693785712362
0.732030597678
