0.891222598879
0.931342611653
0.790060564318
0.712964669532
0.930376429937
0.688795889784
0.962831920551
0.942344327771
0.903445220844
0.934138613023
0.882319086225
0.959759358803
0.866749554618
0.806819065062
0.91302883154
0.858441777066
0.902954626783
0.721419913886
0.742968344178
0.743970310402
0.926573267818
0.804209297046
0.626256209382
0.938831770487
0.902172946912
0.597054223149
0.791331106742
0.899914290332
0.740378488509
0.966526959587
0.963458822805
0.76774776924
0.888670163031
0.964423657792
0.893143130336
0.886944041495
0.950853345082
0.886683930447
0.757301963531
0.937277741651
0.876577788979
0.938691806887
0.77011820431
0.764971776412
0.759393529545
0.964080626729
0.743630357576
0.538749042861
0.934954634479
0.931872838019
0.976927265102
0.973451454275
0.794197041814
0.927800618726
0.757348906649
0.901668981758
0.707794096711
0.951830204433
0.939189807956
0.682216157667
0.568053188092
0.58382395946
0.812414049844
0.979051633582
0.868496454255
0.897661790226
0.847032290709
0.949321537272
0.932106495465
0.97424554329
0.882751289974
0.738221606147
0.958819726883
0.804082512149
0.581475360635
0.97689003767
0.849706990292
0.721902042795
0.589582283206
0.85267306427
0.894339410287
0.858266413738
0.935421660786
0.941781202744
0.960312671948
0.664228285922
0.783380693296
0.891155262439
0.801188007188
0.851310174728
0.8633530084
0.836640546541
0.952230567665
0.687893389101
0.882599013425
0.851777489621
0.884788024888
0.9424459096
0.897883711892
0.952401313638
