0.722464873545
0.727113608992
0.905837013248
0.853022882377
0.700979526295
0.844094741068
0.737719791248
0.897430750703
0.729578482537
0.862312324368
0.892501003613
0.840562023284
0.86530710558
0.784801284625
0.723982336411
0.745909273384
0.905949417904
0.88289040546
0.806230429546
0.588213568848
0.875134484143
0.606109995986
0.593368125251
0.909321557607
0.835985547973
0.728598956242
0.670188679245
0.903050983541
0.865708550783
0.812557205941
0.861983139301
0.70407868326
0.782392613408
0.81354476114
0.862232035327
0.756700120434
0.836868727419
0.916370935367
0.849891609795
0.882842232035
0.795792854275
0.544472099558
0.881324769169
0.844961862706
0.852645523886
0.716033721397
0.800441589723
0.848398233641
0.853183460458
0.862464873545
0.69792051385
0.630293054998
0.721397029305
0.749779205138
0.843982336411
0.592966680048
0.566174227218
0.688743476515
0.565772782015
0.733119229225
0.914941790446
0.887924528302
0.571015656363
0.813986350863
0.8988117222
0.739381774388
0.858980329185
0.874749096748
0.705756724207
0.723323966279
0.584142914492
0.72586109996
0.861316740265
0.775824969892
0.84904857487
0.710188679245
0.911577679647
0.832589321558
0.783115214773
0.728847852268
0.599197109595
0.650630268968
0.747547169811
0.916322761943
0.836900843035
0.84025692493
0.863460457648
0.808334002409
0.84976314733
0.523621035729
0.68437575271
0.727868325974
0.87800080289
0.60586109996
0.677205941389
0.747394620634
0.729987956644
0.876595744681
0.52908871939
0.873898032919
