0.33673223605
0.348157366519
0.564303492573
0.754572460859
0.319237254115
0.58199919711
0.433199518266
0.707234042553
0.534403853874
0.817543155359
0.763733440385
0.484961862706
0.447515054195
0.566391007627
0.453777599358
0.404070654356
0.534684865516
0.440762745885
0.307065435568
0.394267362505
0.375198715375
0.356170212766
0.3005941389
0.631561621839
0.447322360498
0.391794460056
0.326591730229
0.792757928543
0.616162183862
0.327555198715
0.648414291449
0.520698514653
0.738755519872
0.558137294259
0.724046567644
0.673488558812
0.672838217583
0.402705740666
0.643701324769
0.653954235247
0.433528703332
0.55855479727
0.481083902047
0.752284223204
0.639349658772
0.528631071859
0.549008430349
0.595961461261
0.572958651144
0.334909674829
0.524993978322
0.547515054195
0.555752709755
0.636981132075
0.512934564432
0.366407065436
0.383773584906
0.491922922521
0.417093536732
0.557575270976
0.661774387796
0.458530710558
0.467025291048
0.358723404255
0.498819751104
0.556684062625
0.506182256122
0.369249297471
0.585949417904
0.546728221598
0.582111601766
0.399951826576
0.701324769169
0.696170212766
0.639092733842
0.332155760739
0.605780810919
0.492918506624
0.589650742674
0.335503813729
0.299429947812
0.51142513047
0.775182657567
0.633793657166
0.394757125652
0.743171417102
0.399052589322
0.492268165395
0.58199919711
0.397494981935
0.371312725813
0.743508631072
0.606583701325
0.580907266158
0.447418707346
0.576298675231
0.29324769169
0.461099959855
0.302320353272
0.446222400642
