0.398089120835
0.438354074669
0.329963869932
0.640208751505
0.116226415094
0.624937775994
0.391714171016
0.701678040947
0.277775993577
0.588165395424
0.746880770775
0.553625050181
0.50140505821
0.29758329988
0.405965475713
0.271714171016
0.515640305098
0.720329185066
0.429747089522
0.365700521879
0.423436370935
0.581637896427
0.371794460056
0.732348454436
0.396820553994
0.250814933762
0.419919710959
0.576716178242
0.385098354075
0.454620634283
0.640987555199
0.46170212766
0.687330389402
0.604552388599
0.499879566439
0.541132075472
0.486623845845
0.558883982336
0.449353673224
0.586061822561
0.422545162585
0.61435568045
0.40229626656
0.631858691289
0.460329185066
0.745925331192
0.646736250502
0.584327579285
0.5558410277
0.573777599358
0.40552388599
0.442898434364
0.765090325171
0.409562424729
0.441565636291
0.202055399438
0.516716178242
0.360626254516
0.549249297471
0.563741469289
0.431698113208
0.443926134083
0.424817342433
0.684351665998
0.424255319149
0.362424729024
0.450212765957
0.426639903653
0.434877559213
0.601581694099
0.435696507427
0.478378161381
0.807715776796
0.669000401445
0.237117623444
0.42122842232
0.610839020474
0.557125652348
0.458313930149
0.379823364111
0.249779205138
0.615158570855
0.450766760337
0.441372942593
0.517085507828
0.50505018065
0.300377358491
0.576997189884
0.740224809314
0.383235648334
0.400481734243
0.64556403051
0.599943797672
0.397117623444
0.74463267764
0.44556403051
0.386672019269
0.47698916098
0.366439181052
0.551457246086
