0.357607386592
0.320032115616
0.461212364512
0.757446808511
0.310662384585
0.565339221196
0.346872741871
0.511682055399
0.407555198715
0.715319148936
0.772179847451
0.450228823766
0.415897230028
0.463805700522
0.319076676034
0.283765556002
0.549915696507
0.445395423525
0.320650341228
0.387908470494
0.384568446407
0.360160578081
0.332067442794
0.62564431955
0.478538739462
0.283026896829
0.309787234043
0.561043757527
0.390935367322
0.328430349257
0.456202328382
0.444488157367
0.592083500602
0.559429947812
0.389971898836
0.591898835809
0.691489361702
0.411995182658
0.541846647933
0.679759132878
0.413143315937
0.377775993577
0.495953432356
0.526029706945
0.669024488157
0.530108390205
0.452982737856
0.512862304295
0.414957848254
0.367675632276
0.383637093537
0.456563629065
0.455279004416
0.53528703332
0.42445604175
0.379927739864
0.379229225211
0.507739863509
0.421830590124
0.427498996387
0.525483741469
0.35469289442
0.445475712565
0.373528703332
0.390309112806
0.607780008029
0.420128462465
0.340979526295
0.465612203934
0.552982737856
0.354636692092
0.386800481734
0.58964271377
0.450887193898
0.421846647933
0.323757527098
0.384038538739
0.496081894821
0.418643115215
0.291593737455
0.253633079085
0.532187876355
0.661461260538
0.641011641911
0.308671216379
0.760770774789
0.39295062224
0.503380168607
0.565339221196
0.282135688479
0.268077077479
0.525218787635
0.483171417102
0.389771176234
0.50683259735
0.604399839422
0.286953030911
0.284985949418
0.216298675231
0.467699718988
