0.254146928944
0.237695704536
0.670461661983
0.685411481333
0.377398635086
0.54505018065
0.36004014452
0.681517462866
0.5534644721
0.783067041349
0.608984343637
0.616073865917
0.540947410678
0.327370533922
0.545371336813
0.438731433159
0.496643918105
0.524616619831
0.482272179847
0.557751906865
0.462617422722
0.351280610197
0.176740264954
0.5811882778
0.494725010036
0.348631071859
0.247474909675
0.850076274589
0.659871537535
0.418394219189
0.619727017262
0.50968285829
0.735857085508
0.387796065837
0.686969088719
0.484006423123
0.53536732236
0.501862705741
0.484825371337
0.616796467282
0.348117221999
0.422384584504
0.483902047371
0.716370935367
0.485194700923
0.494315535929
0.538016860699
0.556764351666
0.429040545965
0.436362906463
0.299646728222
0.524030509835
0.548759534324
0.492388598956
0.605556001606
0.326663990365
0.285708550783
0.475511842633
0.537816138097
0.518835808912
0.695503813729
0.556146126054
0.429843436371
0.435784825371
0.582400642312
0.405612203934
0.611971095945
0.500602167804
0.574941790446
0.523998394219
0.667490967483
0.647948615014
0.552412685668
0.689771176234
0.582769971899
0.582448815737
0.854468085106
0.554187073464
0.663396226415
0.270646326776
0.18211963067
0.426029706945
0.623837816138
0.579470092332
0.420586109996
0.592894419912
0.39083099157
0.524817342433
0.550268968286
0.506174227218
0.532260136491
0.695551987154
0.698185467684
0.460497792051
0.545756724207
0.490148534725
0.326704134886
0.437486953031
0.328157366519
0.518610999599
