0.311987153754
0.387113608992
0.315969490165
0.546126053794
0.137944600562
0.483661180249
0.286977117623
0.432725812927
0.285989562425
0.496419108792
0.504528301887
0.529586511441
0.457117623444
0.329201124047
0.339028502609
0.276764351666
0.419100762746
0.484359694902
0.367378562826
0.272605379366
0.400184664793
0.354146928944
0.240264953834
0.493592934564
0.36645523886
0.26649538338
0.335262946608
0.441830590124
0.439991971096
0.379052589322
0.432725812927
0.364825371337
0.547041348856
0.489811320755
0.43083099157
0.362914492172
0.470092332397
0.40912886391
0.419694901646
0.42857486953
0.470638297872
0.469835407467
0.355977519069
0.433809714974
0.421091930951
0.556860698515
0.447490967483
0.373576876756
0.472340425532
0.34857486953
0.412958651144
0.40089120835
0.523315937375
0.342304295464
0.407948615014
0.196860698515
0.419582496989
0.392027298274
0.311914893617
0.411617824167
0.36908871939
0.351617824167
0.317767964673
0.360024086712
0.404560417503
0.391898835809
0.411714171016
0.406567643517
0.349963869932
0.360666399037
0.327836210357
0.39439582497
0.505194700923
0.400706543557
0.331393014853
0.332509032517
0.417824167001
0.43681252509
0.402818145323
0.331698113208
0.289201124047
0.531176234444
0.412276194299
0.41083099157
0.302826174227
0.431569650743
0.34063428342
0.484544359695
0.544873544761
0.31728623043
0.345234845444
0.418667201927
0.536105981534
0.324223203533
0.534564431955
0.393416298675
0.279277398635
0.387169811321
0.259317543155
0.350895222802
