0.76904857487
0.926246487354
0.785772782015
0.925893215576
0.720818948214
0.909562424729
0.764761140104
0.759373745484
0.747105580088
0.907209955841
0.914090726616
0.885138498595
0.765090325171
0.802312324368
0.744905660377
0.770228823766
0.959502207949
0.92289040546
0.601894821357
0.862256122039
0.933745483741
0.490268968286
0.770662384585
0.943685266961
0.915969490165
0.630895222802
0.762424729024
0.755198715375
0.553777599358
0.903492573264
0.768205539944
0.645780810919
0.818185467684
0.771979124849
0.622753914091
0.619293456443
0.902986752308
0.951971095945
0.761846647933
0.927274187073
0.930694500201
0.586623845845
0.904150943396
0.752147731835
0.923050983541
0.810774789241
0.881027699719
0.762665596146
0.915022079486
0.893263749498
0.589706945002
0.832982737856
0.564062625452
0.760385387395
0.603741469289
0.759646728222
0.656724207146
0.879983942192
0.745491770373
0.753303894018
0.922312324368
0.916089923725
0.722095543958
0.895784825371
0.777936571658
0.756668004817
0.753368125251
0.927338418306
0.708358089121
0.79910879165
0.718707346447
0.876676033721
0.908438378161
0.906286631875
0.693183460458
0.735254917704
0.911328783621
0.883131272581
0.919140907266
0.91507025291
0.646101967081
0.751906864713
0.896041750301
0.952581292654
0.785018065034
0.721750301084
0.941276595745
0.655110397431
0.916483340024
0.429891609795
0.572926535528
0.749160979526
0.768446407065
0.573376154155
0.71150541951
0.789273384183
0.918956242473
0.601942994781
0.702705740666
0.795479727017
