0.315078281815
0.310004014452
0.443813729426
0.728815736652
0.302312324368
0.562778000803
0.430839020474
0.584287434765
0.441621838619
0.692549177037
0.753239662786
0.512163789643
0.490622240064
0.546254516259
0.381894821357
0.256186270574
0.551264552389
0.450509835407
0.322529104777
0.390156563629
0.410429546367
0.419598554797
0.201967081493
0.637133681253
0.476274588519
0.2835648334
0.301356884785
0.561091930951
0.621204335608
0.327691690084
0.525242874348
0.409554395825
0.62857486953
0.439807306303
0.490798875953
0.512444801285
0.561156162184
0.428663187475
0.390959454035
0.661774387796
0.41035728623
0.329907667603
0.650228823766
0.490879164994
0.528470493778
0.511561621839
0.54530710558
0.467715776796
0.432348454436
0.476395022079
0.477784022481
0.458819751104
0.560537936572
0.397840224809
0.394708952228
0.366808510638
0.335688478523
0.419421918908
0.442802087515
0.439526294661
0.56794058611
0.357824167001
0.43970293055
0.345459654757
0.401212364512
0.495495784825
0.403580891208
0.369506222401
0.502978723404
0.556844640707
0.315158570855
0.458675230831
0.450927338418
0.632669610598
0.552476916901
0.394299478121
0.384006423123
0.509514251305
0.502095543958
0.395857085508
0.293625050181
0.476531513448
0.820449618627
0.656451224408
0.449257326375
0.742400642312
0.461380971497
0.548743476515
0.562778000803
0.305363307908
0.288430349257
0.432131674026
0.51006021678
0.359052589322
0.505082296267
0.552517061421
0.268358089121
0.496844640707
0.494580489763
0.468430349257
