0.443604977921
0.464207145725
0.411714171016
0.867539140907
0.202207948615
0.727755921317
0.422978723404
0.569650742674
0.427531112003
0.812685668406
0.870132476917
0.473721397029
0.557639502208
0.430341228422
0.441983139301
0.236499397832
0.625845042152
0.729530309113
0.422023283822
0.512773986351
0.407651545564
0.483894018466
0.388334002409
0.852918506624
0.506382978723
0.25380168607
0.430549979928
0.56411882778
0.390076274589
0.445435568045
0.51328783621
0.440401445203
0.544319550381
0.614933761542
0.373079084705
0.571601766359
0.629955841028
0.530140505821
0.4417824167
0.810421517463
0.430012043356
0.461854676837
0.392107587314
0.612605379366
0.574684865516
0.745491770373
0.646920915295
0.688542753914
0.425098354075
0.436788438378
0.402360497792
0.481621838619
0.542031312726
0.429819349659
0.428173424328
0.385997591329
0.428992372541
0.40582095544
0.573641107989
0.588615014051
0.55023685267
0.410509835407
0.45061421116
0.553978321959
0.405210758731
0.499301485347
0.407627458852
0.403067041349
0.459197109595
0.361140104376
0.455865114412
0.493440385387
0.693440385387
0.448936170213
0.262320353272
0.430365315134
0.444167001204
0.5334644721
0.45150541951
0.447458851867
0.290469690887
0.643147330389
0.716242472902
0.676908871939
0.378932155761
0.621678040947
0.41265355279
0.55889201124
0.727755921317
0.327145724609
0.408526696106
0.629281413087
0.581220393416
0.423789642714
0.71473303894
0.579863508631
0.356130068246
0.322649538338
0.410116419109
0.550927338418
