0.19
0.28
0.19
0.1
0.1
0.28
0.19
0.1
0.19
0.19
0.73
1.4
0.1
1.5
0.37
0.28
0.37
0.19
0.19
0.37
0.55
0.19
0.19
0.19
0.1
0.19
0.28
0.55
0.37
0.37
0.19
0.19
0.1
2.9
0.28
0.1
0.19
0.19
2.0
0.19
0.28
0.37
0.1
0.19
0.1
0.19
0.28
0.1
0.19
6.0
0.1
0.19
0.1
0.55
0.19
0.19
0.64
0.19
0.19
0.91
0.28
0.37
0.1
0.37
0.1
0.28
0.1
0.1
0.1
0.19
0.1
0.28
0.19
0.1
0.55
0.1
0.28
0.28
0.1
0.37
0.1
0.1
0.19
0.1
0.1
2.42
0.1
0.19
1.4
0.19
0.19
0.28
36.5
0.19
0.28
0.1
0.19
0.37
0.19
0.19
0.28
0.28
0.19
0.19
0.19
2.9
0.1
0.19
1.9
0.1
0.1
0.1
0.1
0.37
0.28
0.1
0.19
0.28
0.28
0.46
0.1
0.1
0.55
0.28
0.19
0.19
0.37
0.19
0.19
0.46
0.37
0.19
0.19
0.19
0.19
0.91
0.64
0.19
1.1
0.1
0.28
0.19
0.37
0.19
0.19
0.1
1.1
0.37
0.28
0.55
0.73
0.1
0.37
0.28
0.1
0.37
0.1
0.19
0.37
0.46
0.19
0.28
7.8
0.37
0.46
0.28
0.19
0.37
0.28
0.19
0.1
