0.898609134283
0.711839405534
0.72711849264
0.816838265649
0.794483981014
0.7071362995
0.840291666923
0.842859798189
0.669163426722
0.706390341986
0.715666391451
0.787650675408
0.700311055246
0.570725223921
0.571496392416
0.878129396518
0.771494030491
0.494402648642
0.243105643768
0.450517929064
0.683231051714
0.544185351547
0.384873051669
0.74907926004
0.773600559468
0.377762579304
0.736697022537
0.85613905371
0.420820984574
0.966629286637
0.612088126501
0.820453961975
0.519594323986
0.857801848874
0.250059664278
0.66477034901
0.189168828341
0.711834681684
0.730614757718
0.598400257963
0.53181220232
0.548888662966
0.657786239631
0.601302344878
0.592143826852
0.663849917127
0.605802633444
0.544997751037
0.741701222656
0.428361275932
0.681231117437
0.880597197319
0.75557896942
0.894702253687
0.653781749919
0.443078019516
0.564357525606
0.838732180303
0.694898550189
0.646766576092
0.64488396787
0.653840900735
0.697576665003
0.422298009205
0.82422390227
0.654134600968
0.433122608551
0.736115680922
0.51600142537
0.513978128575
0.438086245176
0.326261421961
0.83595825349
0.795286111265
0.597142481582
0.855394020428
0.686600697076
0.646989469922
0.553325384942
0.559327292967
0.738809302287
0.601342959718
0.668035145443
0.635535468924
0.279307894375
0.619826922247
0.548797266739
0.912582436315
0.695411241941
0.423611547554
0.27995439431
0.534811282197
0.693705675398
0.72521426767
0.586704621774
0.476970307523
0.832793171367
0.798859652366
0.933897936088
0.925515875216
