0.536022333541
0.713844987893
0.811496412955
0.723660018361
0.572906975072
0.736446607146
0.531337506752
0.787331969578
0.796804829007
0.648293047109
0.52840610116
0.829961120662
0.580731108195
0.812848255564
0.766793799844
0.553022647779
0.641753493082
0.704454693145
0.489327488083
0.869667697698
0.822142327544
0.856862316206
0.611206666379
0.718105592422
0.45927004196
0.736845618424
0.434167708994
0.648541665383
0.677833026283
0.655748206477
0.661830060527
0.886203072146
0.842190859967
0.720376839991
0.715450378011
0.639631868324
0.66692000879
0.43717556907
0.706270089199
0.54380076855
0.568220813283
0.699566432733
0.468282017947
0.814023467265
0.575074606021
0.763814899023
0.537087356308
0.796041824556
0.925402708204
0.778026087975
0.648670852408
0.733187202064
0.573873823915
0.672638075052
0.678280251637
0.554199194481
0.654037453968
0.67902487415
0.570954895449
0.630783019197
0.780200085851
0.627234740424
0.931982723032
0.524971502862
0.3946217942
0.735743831782
0.633799864857
0.810407873631
0.895271837023
0.776023637734
0.495770408572
0.374887192411
0.731333707134
0.808675761105
0.852130610342
0.594225709656
0.715028723061
0.766171381274
0.684374120696
0.710320328369
0.590183737222
0.67084383363
0.477013232941
0.672892084676
0.617355219135
0.565346350621
0.689392903134
0.739194963554
0.507606373911
0.51621502554
0.733291999647
0.878292780109
0.734941496146
0.578241485261
0.708554892163
0.728299660499
0.757540188666
0.675957914605
0.678971782185
0.745646202127
