0.627660913839
0.566566130818
0.718202431345
0.603115789776
0.700831808351
0.832815044846
0.540565444833
0.705264936095
0.561543446069
0.514124311191
0.476497973879
0.309161906874
0.470518350103
0.41533300061
0.461533792984
0.387208636019
0.43457888932
0.345359279592
0.504722309511
0.643146977455
0.480777114385
0.767770507157
0.537431837927
0.512630753084
0.417219357105
0.525125849523
0.570591467084
0.530051900733
0.707577157927
0.738780651111
0.513828865187
0.840079453101
0.471531102444
0.414374367158
0.571154734838
0.518766417946
0.469845201493
0.232759488263
0.619481465051
0.595513061445
0.305898548135
0.47783631244
0.462168945411
0.703118459778
0.354988282798
0.633522081944
0.511553818
0.589423505466
0.928664064442
0.61428461401
0.551162888614
0.637064763982
0.575494823277
0.745220234098
0.218902998823
0.551601693192
0.465735554775
0.512657350413
0.543463937514
0.641216360541
0.565037759991
0.624656237228
0.775488764426
0.496333779018
0.548842964853
0.659442359789
0.549395244521
0.642417912839
0.818711374825
0.786553818
0.566635396834
0.380633139655
0.458919039374
0.561015812574
0.483968023644
0.493873782838
0.530692393164
0.619724948705
0.467456371139
0.699151914905
0.577994561411
0.54353104699
0.482210289367
0.564791092873
0.473554861355
0.591803093506
0.45455892592
0.475870523382
0.619814907238
0.552157772479
0.782543885592
0.636721566018
0.26407655923
0.363641965039
0.604823358822
0.566329630246
0.715896371056
0.625439369387
0.221134761168
0.665595225625
