0.792924905164
0.594495996024
0.666609775083
0.590435847038
0.668274213325
0.75300334161
0.694792263566
0.70096243307
0.619844482646
0.447161274289
0.619365011882
0.564992883417
0.56793440421
0.508767516754
0.516362594503
0.541459998234
0.498098650417
0.585747734092
0.401428348439
0.708069003124
0.51766103707
0.731631720447
0.456622170054
0.488723246065
0.524127987578
0.596788295532
0.66384231789
0.68978816614
0.547127283109
0.768462551166
0.609804247768
0.77569163324
0.505149817926
0.538915075448
0.559547824873
0.448411348741
0.546547687265
0.519492863906
0.661832114375
0.646647709652
0.42221159356
0.539849370804
0.523061219041
0.80633550425
0.44986115989
0.614491436482
0.541371477394
0.590036579029
0.715146973347
0.750483373075
0.64918544397
0.636799509541
0.673840346197
0.78399277251
0.596554875732
0.564667451237
0.559861139352
0.611576821095
0.61793399344
0.668385583221
0.686470483127
0.569648853645
0.67301778016
0.451817347209
0.649872147976
0.774574699471
0.408044510989
0.751944993849
0.586805260315
0.710052506619
0.601794908922
0.429946127573
0.763779521495
0.711001846409
0.782339938508
0.6067477115
0.640857296602
0.647811727882
0.499707737461
0.547419083532
0.731334734058
0.653630946146
0.660760621987
0.591084862936
0.552316534912
0.65715006028
0.611692555418
0.570851638252
0.605719812032
0.630437099885
0.405950253753
0.676291613523
0.664210778182
0.524758108078
0.586181506744
0.642104906437
0.694203836177
0.514733225712
0.515756195945
0.873734316305
