0.700847520287
0.821436009292
0.845178592334
0.859404260913
0.536219913697
0.850124873945
0.830287014958
0.899503379607
0.694892902107
0.56488598064
0.775434542844
0.809102756058
0.835620190145
0.851175006316
0.961841870152
0.808023561742
0.848248273227
0.898926967227
0.510844727054
0.669001326786
0.78622648601
0.837068050139
0.480218005673
0.722557923642
0.731044011904
0.699106576215
0.68065398621
0.713332347486
0.574749071147
0.898153590845
0.879820637473
0.755381902726
0.627375326305
0.870596396319
0.526599485306
0.631813280591
0.506748943809
0.774525201739
0.805452041627
0.784116054723
0.939221971653
0.489321326539
0.723913463178
0.604545267832
0.760974992349
0.742765115806
0.608833085845
0.797343861357
0.815410841441
0.726839066649
0.753790478772
0.745040573763
0.765308046359
0.735540346813
0.933299034075
0.53757832862
0.626919372098
0.836348587261
0.799200745136
0.57828682395
0.823400617387
0.827157823825
0.768471485404
0.766486646909
0.683344834881
0.897656970451
0.705710415678
0.744902247115
0.65887929742
0.844395819598
0.824590411406
0.553882491153
0.869915340394
0.849251064407
0.94455109049
0.753354036119
0.762732521242
0.933685465535
0.784078674693
0.710043880458
0.784237950589
0.781676442982
0.817578883159
0.636405889614
0.742891478791
0.799148782787
0.887056445899
0.819402854027
0.674758159424
0.731806913662
0.61829870546
0.741413375889
0.748391734495
0.894722894857
0.592332370079
0.875945591518
0.679629013475
0.85563806889
0.961363734388
0.78741047791
