0.633118654894
0.711464578314
0.860348671469
0.9220781448
0.622252824554
0.794021865263
0.78677132048
0.812297516282
0.687771493004
0.478047345299
0.673789718849
0.612931795823
0.843975345611
0.836500777381
0.904807133424
0.647494408399
0.705481617035
0.812765074729
0.502987321598
0.804245560095
0.658010930578
0.828550948775
0.710767759108
0.753662318671
0.675856608563
0.757618337575
0.718669579023
0.715534277693
0.86465256084
0.815746440168
0.923951972823
0.784253200408
0.58379955678
0.647704311643
0.635664142488
0.561741847765
0.54570971737
0.71039021054
0.79804720153
0.715405604129
0.744131027273
0.38524772485
0.686650092115
0.846248544335
0.571611356546
0.651941707692
0.563032588403
0.777291426623
0.879713940081
0.789611227154
0.801232514053
0.687222602184
0.772201683744
0.635378298223
0.833714527482
0.524587638712
0.573399077001
0.776927587489
0.716779833679
0.609670388239
0.861543343377
0.853569792828
0.75382559957
0.793765750445
0.684958953852
0.878490668343
0.774416553192
0.817727479046
0.802803399529
0.944833802638
0.845749972787
0.52708840377
0.7367278816
0.68699462508
0.906147269101
0.779625213857
0.671377680015
0.905622408301
0.762955158341
0.791242752485
0.856422176627
0.797460879334
0.762794444753
0.684932561908
0.818096247415
0.901101478565
0.885834919931
0.648649954507
0.649658137037
0.840228203027
0.780582152884
0.669164145569
0.599904598771
0.700706061521
0.61854994239
0.918857968211
0.73899681859
0.811516797394
0.703621344408
0.697325428073
