0.54364560035
0.62896551795
0.752727201776
0.622165022562
0.700062026203
0.834088789893
0.819868512665
0.676667056898
0.649749019801
0.528695334274
0.472296622858
0.645852973253
0.654992493186
0.395580941114
0.49262042223
0.557127467955
0.661349254761
0.429798866687
0.562864070192
0.589187158933
0.389832529252
0.388696956814
0.475342273733
0.502860085728
0.56348679684
0.604776941862
0.517124058568
0.683515201554
0.448342236763
0.792774666198
0.417909039189
0.691484490368
0.608408966278
0.666535117716
0.731458067617
0.351686825183
0.253163130968
0.267469413072
0.716991688078
0.59482379013
0.353507047779
0.577519198342
0.414120100803
0.625544012931
0.355679145846
0.464274858233
0.571138304056
0.296507123771
0.822900300067
0.636468429279
0.750975064234
0.788580092875
0.590309432707
0.854058249177
0.328237839681
0.518597180889
0.357789320402
0.628485533723
0.477821216658
0.499847450456
0.53474566176
0.425907235911
0.747064692097
0.453698979854
0.5174663323
0.699592311215
0.372416310838
0.772030700917
0.477135026115
0.700481575958
0.521630405984
0.338605149818
0.724171529151
0.634175308231
0.486546064725
0.648550394236
0.670727226422
0.662697400445
0.299286595973
0.589778461709
0.507254806517
0.801302190839
0.522815681539
0.734527645818
0.507647194136
0.647783692859
0.621094967868
0.466488854795
0.741376201244
0.613163315814
0.440591271968
0.610951527139
0.377469803303
0.488875025416
0.502145552085
0.534649541684
0.682065493098
0.598451347427
0.450566759295
0.823439178379
