0.69700528455
0.781074100774
0.846715075859
0.861182687706
0.528111938812
0.86065669729
0.821244744717
0.919640843639
0.731351678302
0.552756982569
0.779834141522
0.792753665605
0.8551069952
0.856207138764
0.950723365189
0.872928129705
0.838514369746
0.885669585184
0.502833180322
0.698168840665
0.779127258462
0.839974142056
0.697767724193
0.735743010243
0.773846199663
0.696584143063
0.705825944616
0.703090732833
0.795802962059
0.895946320634
0.876995056388
0.815560258867
0.600347100275
0.848547724234
0.578485431031
0.605261033784
0.526518255626
0.777052974896
0.79495277177
0.774587433327
0.935450182895
0.490564828678
0.740933597047
0.807901357799
0.754865719432
0.741858958165
0.618354210696
0.746373931742
0.851843328384
0.736796942231
0.783907999942
0.772924330086
0.7492525021
0.738228576827
0.934678911707
0.527794927407
0.633388171069
0.836518645857
0.778407692892
0.597848953873
0.737682458702
0.853637980575
0.734199235558
0.782595385826
0.65432078227
0.926399132455
0.714922744516
0.731500376881
0.73201055267
0.88061850599
0.824391085479
0.575602034131
0.860857409564
0.860751174287
0.930395150044
0.768711682902
0.763548309581
0.933381496064
0.820609746329
0.728027885091
0.794882530176
0.804406684453
0.822655584104
0.644856343617
0.731002472833
0.853337605337
0.874424871275
0.829998346653
0.644463083113
0.739162872183
0.6422518079
0.702278436036
0.748594654656
0.847165638716
0.60275400449
0.880627132151
0.712045817236
0.863907373519
0.954179272157
0.794167123648
