0.597101455973
0.656540272874
0.81794708672
0.768471896174
0.583741330195
0.787095263622
0.814404815452
0.816822451021
0.857354418135
0.478871143644
0.396172808698
0.807779410587
0.728097972647
0.718936784619
0.682516415378
0.646950857584
0.837634295972
0.865386503345
0.336193727138
0.721737257415
0.522017761676
0.586271054507
0.256526460748
0.850616359719
0.714331133662
0.752963702348
0.542878693589
0.670668075606
0.548647335851
0.871329722669
0.698700633201
0.706442817797
0.539664524503
0.802784504129
0.434405852645
0.496017691845
0.364328977122
0.632457778024
0.768504860431
0.660740494279
0.704094242859
0.427518068726
0.61550624267
0.541659426853
0.399226469579
0.659704841535
0.678575903026
0.709227219234
0.830423647182
0.748385778336
0.745752129327
0.754114986722
0.809904783617
0.738159824273
0.703339145723
0.406465820892
0.545514909908
0.900472179605
0.55582183692
0.475247026542
0.699037669622
0.727513242184
0.678682138302
0.811850085543
0.519530552013
0.744202398483
0.485035254297
0.679978475675
0.573277797289
0.900113218359
0.702104064359
0.424621219123
0.686271259892
0.757266924219
0.941840935651
0.848096288492
0.726236981172
0.763279768983
0.633774910606
0.492146342816
0.71459751772
0.7828149935
0.788465385476
0.630884222547
0.804310821108
0.588397043692
0.795568001873
0.632468098609
0.603786114346
0.64143833014
0.49630784919
0.563681809686
0.694977931406
0.756396041414
0.589787858063
0.656749508617
0.55247632427
0.866579634867
0.918203150192
0.737551628599
