0.19
0.19
0.1
0.37
0.28
0.28
0.37
0.1
0.19
0.19
0.46
0.19
0.28
0.37
0.28
0.1
0.37
0.1
0.1
0.1
0.19
0.28
0.28
0.37
0.1
0.19
0.37
0.1
0.37
0.19
0.1
0.1
0.1
0.1
0.37
0.1
0.28
0.19
0.1
0.37
0.55
0.19
0.37
0.28
0.46
0.19
0.19
0.19
0.28
0.1
0.19
0.19
0.1
0.1
0.1
0.19
0.19
0.28
0.1
0.64
0.1
0.19
0.37
0.19
0.37
0.1
0.19
0.1
0.1
0.1
0.1
0.1
0.1
0.19
0.19
0.1
0.19
0.19
0.28
0.19
0.28
0.37
0.28
1.5
0.28
0.19
0.55
0.19
0.19
0.28
0.1
0.1
0.1
0.28
0.19
0.37
0.1
0.19
0.1
0.55
0.19
0.19
0.37
0.28
0.19
0.1
0.28
0.28
0.37
0.1
0.28
0.1
0.1
0.19
0.19
0.28
0.19
6294.8
0.28
0.19
0.1
0.28
0.19
0.19
0.1
0.19
0.28
0.37
0.46
0.19
0.19
0.1
0.19
0.28
0.19
0.1
0.46
0.37
0.19
0.19
0.28
0.19
0.1
0.1
0.1
0.19
0.55
0.19
0.28
0.19
0.19
0.1
0.1
0.55
0.1
0.46
0.19
0.73
0.1
0.1
0.28
0.19
0.1
0.1
0.1
0.19
0.37
0.28
0.28
0.1
0.19
0.1
0.1
0.46
0.1
0.37
0.19
0.19
0.1
0.28
0.28
0.19
0.19
0.28
0.28
0.19
0.28
0.1
0.19
0.28
0.1
0.28
0.28
0.55
0.28
0.55
0.37
0.19
0.1
0.19
0.1
0.46
0.1
0.28
0.19
0.1
0.19
0.28
0.28
0.19
0.19
0.46
0.64
0.1
0.19
0.28
0.19
0.55
0.1
0.1
0.46
0.37
0.73
0.1
0.19
0.19
0.46
0.19
0.28
0.19
0.46
0.1
0.19
0.19
0.1
0.28
0.37
0.1
0.28
0.19
0.1
0.1
0.19
0.37
0.1
0.1
0.19
0.1
0.19
0.1
0.37
0.19
0.37
0.64
0.19
0.19
0.19
0.28
0.28
0.19
0.37
0.37
0.1
0.1
0.46
0.91
0.19
0.1
0.1
0.28
0.1
0.37
0.46
0.37
0.19
0.28
0.1
0.1
0.19
0.1
0.1
0.28
0.28
0.1
0.19
0.1
1.3
0.1
0.19
0.19
0.46
0.1
0.19
0.1
0.37
0.19
0.19
0.28
0.1
0.28
0.19
0.19
0.28
0.19
0.1
0.1
0.1
0.19
0.19
0.19
0.46
