0.997292191436
0.995515242524
0.998028482852
0.954864205903
0.996949073177
0.97407963573
0.994518988568
0.994368823871
0.977134599238
0.998523380482
0.996878834851
0.959922980043
0.995850287412
0.917480462443
0.991225053284
0.754767325454
0.975015339405
0.957331428018
0.998650132403
0.922220338436
0.99795178583
0.998348188336
0.995033262288
0.954386262352
0.99887780146
0.952847477879
0.791938739262
0.975501356326
0.955900826713
0.996461441581
0.957166731254
0.799748918168
0.999628624943
0.918096460634
0.997043531615
0.951374087709
0.953130853194
0.776115739844
0.956904346703
0.998041400245
0.954478298779
0.976405573855
0.962506458697
0.990817348059
0.996630175031
0.998064005684
0.934293257121
0.973334463605
0.95568607505
0.995208454434
0.998700994639
0.997164632177
0.996538945941
0.958131499063
0.917822773364
0.935425951043
0.918847284118
0.995705774075
0.959323128593
0.993438771556
0.956779209456
0.959210101402
0.959006652458
0.998899599561
0.953678227734
0.956665374927
0.954939288252
0.957821481625
0.957382290254
0.991978298779
0.991183879093
0.936058095976
0.976716398631
0.956176128657
0.997491603694
0.912779338629
0.97218885229
0.989972066137
0.91714945424
0.952880578699
0.991078925273
0.957611573984
0.998047858942
0.999157947426
0.964430342957
0.998319124201
0.926009171349
0.954386262352
0.973884260156
0.973672737842
0.957802105535
0.91866159659
0.991039365756
0.971686688626
0.993856972163
0.994850804108
0.973111638571
0.954896499386
0.946754504941
0.990372505328
