0.874920073629
0.828891364723
0.882268455726
0.66949073177
0.908050765356
0.733317993929
0.907932894142
0.828348026868
0.733317993929
0.89894965446
0.907561519085
0.806654072208
0.850843667248
0.510656849448
0.731494219467
0.563747335788
0.871781954402
0.714413388878
0.931739649939
0.723899599561
0.863508364012
0.898125363302
0.818167506297
0.57320609701
0.871512303817
0.659952851515
0.704874701285
0.896132048053
0.680715946522
0.852154782665
0.726502454305
0.534461183233
0.721227313828
0.53597413292
0.849350093651
0.507100529613
0.670218949816
0.523281179358
0.701737389395
0.849937027708
0.678729897307
0.733317993929
0.822603823548
0.696426726087
0.840822192082
0.745407059355
0.738006200349
0.858144416457
0.629915068139
0.873433766066
0.866786152554
0.697634502357
0.897704740683
0.685141768391
0.544761997029
0.527325130789
0.700678163147
0.840822192082
0.750095265775
0.843822256669
0.716208906543
0.705551249758
0.752199186204
0.840064102564
0.500279338629
0.649387231157
0.876635664923
0.667917231803
0.715478266486
0.664764580508
0.869769263063
0.714317315766
0.896057773041
0.716061163857
0.873067235032
0.36820545114
0.833241296906
0.649822385843
0.568450881612
0.660619711942
0.817213233869
0.661221178066
0.871340341019
0.908146838468
0.905469708713
0.931739649939
0.684823677582
0.386873506426
0.919650584512
0.806240715624
0.669494768456
0.54284053478
0.706512788219
0.861150132403
0.694853226119
0.754190886779
0.685918426661
0.693811761287
0.396316928244
0.868631725118
