0.570474068333
0.527782083576
0.571151424143
0.381606439321
0.879157785959
0.877173351418
0.74800426274
0.396151424143
0.930279177162
0.909650907447
0.736772589291
0.379185235419
0.554646224892
0.691003842924
0.738807078732
0.550684621843
0.571151424143
0.720788929794
0.888836142866
0.717308499645
0.557767390041
0.71409772008
0.228995511206
0.760611638571
0.72357101337
0.357943389524
0.386821029516
0.900251081832
0.697426209391
0.548150390751
0.732203868759
0.55519682878
0.776980397856
0.743269230769
0.574321836853
0.386849286314
0.392963250016
0.569213815152
0.555390589679
0.607963572951
0.392386811341
0.888836142866
0.559783310728
0.615311955047
0.384750209908
0.888836142866
0.883988891042
0.757434767164
0.428624943486
0.738807078732
0.608901698637
0.551128657237
0.577474488148
0.592887360331
0.725523961765
0.726889168766
0.709862429762
0.540875476329
0.925679777821
0.610821546212
0.571974907964
0.581771943422
0.893667247949
0.75590163405
0.930394626364
0.584412743008
0.729162629981
0.706831686366
0.695893883614
0.375670089776
0.594324420332
0.904834334431
0.748218207066
0.863143447652
0.577639184912
0.900350384292
0.412234386101
0.407923206097
0.888819996125
0.534143092424
0.542666149971
0.552284763935
0.548398243235
0.75764871149
0.712277982303
0.900003229348
0.562549247562
0.749196699606
0.900003229348
0.401883517406
0.41411144481
0.898250500549
0.431239908287
0.561313214493
0.424119195246
0.765180359104
0.584804301492
0.586439159078
0.553852612543
0.585734353807
