0.966503584577
0.996106213266
0.997953400504
0.92623280372
0.997410869986
0.976672802428
0.96583914616
0.965519440677
0.979698701802
0.999280662662
0.997484337661
0.889268068204
0.995932635794
0.922061293031
0.962719595686
0.757659206872
0.977788542272
0.959407898986
0.998871342763
0.885610831234
0.998319931538
0.998661435122
0.964400471485
0.928010559969
0.999027966156
0.893823064006
0.734424045728
0.978050926823
0.928079990958
0.996398469289
0.959407898986
0.799572918685
0.999497836337
0.921860266098
0.996760963638
0.89387715559
0.926374895046
0.778676613059
0.929341858813
0.998177032875
0.928572466576
0.979027804689
0.95346912743
0.933412452367
0.997140412065
0.998156042111
0.939109830136
0.947276852031
0.953887328037
0.995069592456
0.998521765808
0.996925660402
0.990090744688
0.959684008267
0.922121035975
0.939733901699
0.883255021637
0.996409772008
0.96148840664
0.960929729381
0.92787492734
0.921258799974
0.961263966931
0.99876719628
0.958922689401
0.959214138087
0.94833042692
0.959998062391
0.959944778144
0.963492217271
0.993471065039
0.941084576632
0.979161015307
0.958223535491
0.967583801589
0.888265355551
0.939997900924
0.992598333656
0.921450946199
0.927104727766
0.93341729639
0.95978008138
0.997776593683
0.999266130595
0.954997416521
0.998201252987
0.932961958277
0.928010559969
0.976613059485
0.97226877866
0.9601005942
0.922934024414
0.933844377705
0.94518181231
0.965163405025
0.965967512756
0.946858651424
0.927873312666
0.891566556869
0.993209487825
