0.9970257702
0.995692049344
0.997820189886
0.941486630498
0.996859458761
0.971835238649
0.994162952916
0.994292934186
0.975245430472
0.998395821223
0.996656009817
0.983028159917
0.995139830782
0.891080539947
0.99118468643
0.741478557127
0.972859749403
0.943776238455
0.998472518246
0.932672931602
0.998129399987
0.998081767099
0.994988858748
0.940835109475
0.999047342246
0.939469902474
0.792293967577
0.973360298392
0.942888167668
0.996207937738
0.943433120196
0.799674643157
0.999450203449
0.891696538139
0.996947458503
0.937881870439
0.939797681328
0.773959342505
0.944291319512
0.997611089582
0.94060986243
0.974871633404
0.984861622425
0.99091099916
0.996186139637
0.997700703998
0.919470548343
0.971133662727
0.943547762062
0.995119647355
0.999145030033
0.997075825098
0.997376154492
0.945064748434
0.891511657947
0.920351353097
0.9280460828
0.995438545502
0.946211974424
0.994277594781
0.943682587354
0.981658916231
0.945576600142
0.999195084932
0.950255118517
0.943879577601
0.977225020991
0.944502034489
0.944448750242
0.991095072014
0.991129787509
0.920968965963
0.974560808629
0.942709746173
0.9986565911
0.886871891752
0.97087289285
0.989740360395
0.890749531744
0.940063295227
0.990901311115
0.944528676613
0.998276335336
0.998638829684
0.987236808112
0.998141510043
0.910466317897
0.940835109475
0.971461441581
0.972712006717
0.944557740748
0.892439288252
0.990688981464
0.96963443777
0.994172640961
0.994603758961
0.970956048569
0.941429309565
0.932764968029
0.989740360395
