0.997230833818
0.994982400052
0.998236775819
0.955130627139
0.996488891042
0.97180455984
0.995394141962
0.995287573468
0.975245430472
0.998463637538
0.996701220694
0.983187205322
0.995792159142
0.917391655364
0.991136246206
0.754457308015
0.973184298908
0.95715381386
0.998561325325
0.94559113221
0.997759639605
0.998228702448
0.995210876445
0.954326519408
0.998684040561
0.952581056643
0.793999063489
0.973403894594
0.956188238713
0.996120745334
0.956929374152
0.799718239359
0.999568882
0.918185267713
0.996762578312
0.9513434089
0.954123877801
0.774313763483
0.957475941355
0.997878318155
0.954478298779
0.974413065943
0.98521685074
0.991795840599
0.996630175031
0.997795969773
0.932092456242
0.972436704773
0.956107505005
0.994958179939
0.998909287606
0.996853000065
0.99726070529
0.958278434412
0.918000387522
0.933772524705
0.942490957825
0.995542691985
0.959323128593
0.994824161984
0.956929374152
0.982186914681
0.958916230705
0.998810792482
0.949735193438
0.956562035781
0.977299296002
0.957701995737
0.95715946522
0.991742556352
0.990965898082
0.934080120132
0.974827229865
0.95588225796
0.998242427178
0.912926273978
0.970882580895
0.989665278047
0.917002518892
0.953859071239
0.993095653297
0.957700381063
0.997975198605
0.999098204482
0.987318349157
0.998202867661
0.923843893302
0.954295840599
0.971580120132
0.972263127301
0.957802105535
0.918692275399
0.992001711555
0.970821223277
0.993842440096
0.994970289995
0.972242943874
0.956007395208
0.946399276626
0.989947846025
