0.997142026739
0.994893592973
0.998236775819
0.964996286249
0.996666505199
0.949586643415
0.995394141962
0.995287573468
0.953027514048
0.998463637538
0.996612413615
0.983324452625
0.995614544985
0.93667893819
0.991047439127
0.763531776787
0.950877575405
0.966753051734
0.998472518246
0.955279177162
0.997670832526
0.998139895369
0.995033262288
0.964014564361
0.998684040561
0.962446715753
0.793999063489
0.95118597817
0.966013530969
0.996120745334
0.966528612026
0.799718239359
0.999568882
0.937472550539
0.996673771233
0.961031453853
0.963634308597
0.752095847058
0.967075179229
0.997700703998
0.965070561261
0.952195149519
0.98521685074
0.991795840599
0.996452560873
0.997795969773
0.91956258477
0.950218788349
0.965843990183
0.994958179939
0.998731673448
0.996764192986
0.99726070529
0.967788865207
0.937376477427
0.921242653233
0.952179002777
0.995365077827
0.969011173545
0.995050216366
0.966617419105
0.982186914681
0.968604275657
0.998810792482
0.905299360589
0.966072466576
0.977299296002
0.967567654847
0.966758703094
0.991564942195
0.990877091003
0.921727862817
0.952520506362
0.965570302913
0.998153620099
0.932302363883
0.948890718853
0.989487663889
0.936378608797
0.963547116192
0.993095653297
0.967299618937
0.997975198605
0.999009397404
0.987318349157
0.998202867661
0.91131402183
0.963983885552
0.949362203707
0.950271265259
0.967490150488
0.938068365304
0.992179325712
0.948603306853
0.993753633017
0.994970289995
0.949936220371
0.965606633081
0.956087321579
0.989859038946
