0.992257480863
0.915741127349
0.999246346555
0.978866388309
0.983627000696
0.991
0.999234516354
0.98768197634
0.992703549061
0.999512874043
0.978807933194
0.987948503827
0.971293667363
0.802526096033
0.982862212944
0.984755045233
0.978648573417
0.984418928323
0.987155880306
0.975823242867
0.820215727209
0.976251913709
0.996288796103
0.974741823243
0.981469032707
0.99229157968
0.990414752958
0.934794711204
0.963436325678
0.989851078636
0.990638830898
0.973600556715
0.91982533055
0.973075156576
0.989696590118
0.993822546973
0.975906750174
0.982226861517
0.96330967293
0.973478775226
0.788949895616
0.996560890745
0.987902574809
0.914210160056
0.984418928323
0.992061238692
0.996261656228
0.98467710508
0.999512874043
0.929351426583
0.987506610995
0.990736256089
0.980060542797
0.999373695198
0.978425887265
0.973521224774
0.996122477383
0.972183716075
0.988087682672
0.970070981211
0.974837160752
0.993964509395
0.998837856646
0.995277661795
0.981782881002
0.991155184412
0.995855949896
0.985517049408
0.993128044537
0.988371607516
0.990499652053
0.992402226862
0.982301322199
0.992589422408
0.569138482951
0.998668058455
0.991287404315
0.999246346555
0.908604036186
0.969606123869
0.999246346555
0.984697286013
0.996616562283
0.994231036882
0.999512874043
0.987415448852
0.985048016701
0.96175782881
0.987993736952
0.994580375783
0.966015309673
0.996289491997
0.993993736952
0.993344467641
0.982792623521
0.98111691023
0.991020876827
0.980469032707
0.99114822547
0.990701461378
