0.992378566458
0.915852470424
0.999246346555
0.979782185108
0.982958942241
0.991945024356
0.999652052888
0.989148921364
0.993004175365
0.999512874043
0.980002087683
0.989276270007
0.972482254697
0.803876130828
0.982568545581
0.984601948504
0.980128044537
0.98585664579
0.98740361865
0.976709812109
0.820494084899
0.977299930411
0.996970772443
0.976804453723
0.982011830202
0.991815588031
0.990109951287
0.934933890049
0.966101600557
0.991743910926
0.99008072373
0.972289491997
0.919658315936
0.972961029923
0.990599860821
0.993391092554
0.977098121086
0.983718858733
0.962572025052
0.973826722338
0.790020180932
0.996434237996
0.989113430759
0.915550452331
0.98585664579
0.991892832289
0.996093249826
0.984384829506
0.999512874043
0.928958942241
0.987480167015
0.990878218511
0.981093249826
0.999512874043
0.981368128045
0.972542797495
0.996093249826
0.974978427279
0.989415448852
0.968730688935
0.974330549756
0.993967292971
0.99868197634
0.995109255393
0.981671537926
0.990598469033
0.995826722338
0.985379262352
0.992945720251
0.989585247042
0.990219902575
0.992780793319
0.982654836465
0.992575504523
0.569138482951
0.9988072373
0.991009046625
0.9993855254
0.907710508003
0.971729993041
0.9993855254
0.985717466945
0.996025052192
0.994233820459
0.999512874043
0.988743215031
0.98444815588
0.962192066806
0.987993736952
0.994146137787
0.968378566458
0.995897007655
0.994061934586
0.993581071677
0.984746694502
0.983655532359
0.990881697982
0.981935977731
0.99114822547
0.990675017397
