0.991472512178
0.940153096729
0.999077940153
0.920624217119
0.981716075157
0.990940153097
0.999652052888
0.927338204593
0.992574112735
0.999512874043
0.918600556715
0.958677800974
0.832869171886
0.741972164231
0.922102296451
0.983288100209
0.918972860125
0.921716075157
0.982935977731
0.944022268615
0.820494084899
0.915810716771
0.995406402227
0.940372999304
0.9814217119
0.9890361865
0.987842727905
0.958816979819
0.872151704941
0.989511482255
0.990775226166
0.958677800974
0.883075156576
0.894586638831
0.987265135699
0.994059151009
0.915575504523
0.922077940153
0.824918580376
0.911922755741
0.696409881698
0.996460681976
0.987924843424
0.877734168406
0.921716075157
0.988989561587
0.993594989562
0.9842289492
0.999512874043
0.9528434238
0.985073764788
0.990677800974
0.951392484342
0.999512874043
0.948537230341
0.911501739736
0.993594989562
0.882332637439
0.927773138483
0.952620737648
0.91150243563
0.994056367432
0.99892414753
0.99266388309
0.981160751566
0.990765483646
0.993160055672
0.986070981211
0.98988796103
0.988953375087
0.99091440501
0.992816979819
0.98221085595
0.991610995129
0.593508698678
0.998860125261
0.989561586639
0.999217118998
0.91798190675
0.94098677801
0.999217118998
0.921576896312
0.996846207376
0.994491301322
0.999512874043
0.957807933194
0.982420320111
0.886938065414
0.988368128045
0.991647877523
0.876555323591
0.995897007655
0.991563674322
0.993468336813
0.92273973556
0.921008350731
0.989265831594
0.920780793319
0.989700765484
0.988434237996
