0.992598469033
0.905661795407
0.998464857342
0.980654836465
0.985916492693
0.991758524704
0.999024356298
0.972629088379
0.988274878219
0.998848990953
0.967306889353
0.973144050104
0.963169798191
0.787213639527
0.907183020181
0.981436325678
0.965394572025
0.972629088379
0.985728601253
0.967306889353
0.820939457203
0.944860125261
0.995259568546
0.966911621434
0.98127835769
0.992060542797
0.993437717467
0.942201809325
0.932037578288
0.990232428671
0.99331802366
0.981070285317
0.851152400835
0.976654836465
0.993997216423
0.995573416841
0.964215727209
0.967077244259
0.895415448852
0.97648921364
0.785612386917
0.994956158664
0.986978427279
0.906431454419
0.972629088379
0.991490605428
0.999024356298
0.965120389701
0.998848990953
0.936299234516
0.99064578984
0.988829505915
0.964881697982
0.999024356298
0.962938065414
0.959433542102
0.998334029228
0.93939039666
0.973319415449
0.980379958246
0.981875434934
0.996878218511
0.997894919972
0.998464857342
0.976350730689
0.991287404315
0.999024356298
0.988450939457
0.993871259569
0.991160751566
0.994392484342
0.993249130132
0.983813500348
0.993306889353
0.579940153097
0.998848990953
0.991366736256
0.998673625609
0.923251217815
0.95901322199
0.998443284621
0.97227835769
0.995295755045
0.996187891441
0.999539318024
0.970392484342
0.971613082811
0.954193458594
0.987860821155
0.997191370912
0.919863604732
0.996399443285
0.995910229645
0.991573416841
0.966099512874
0.967601948504
0.99085177453
0.966186499652
0.99085177453
0.99549756437
