0.988657620042
0.673454418928
0.99924704245
0.795485734168
0.989545581072
0.993818371608
0.999652052888
0.802652748782
0.99207585247
0.999512874043
0.794257480863
0.961590814196
0.795251913709
0.622734864301
0.928509394572
0.919369519833
0.730057063326
0.800165622825
0.917463465553
0.950581767571
0.826495476688
0.731017397356
0.992589422408
0.952523312457
0.849472512178
0.991338204593
0.991528183716
0.961729993041
0.756394572025
0.989154488518
0.991117606124
0.961590814196
0.892032011134
0.914784272791
0.993198329854
0.994244258873
0.66275295755
0.889909533751
0.918087682672
0.980844119694
0.778177453027
0.997034098817
0.92435908142
0.755216423104
0.800165622825
0.925970772443
0.996899095338
0.7764217119
0.999512874043
0.955039665971
0.989000695894
0.924526096033
0.889766875435
0.999512874043
0.951093249826
0.839540709812
0.996899095338
0.694068197634
0.802918580376
0.958837856646
0.856674321503
0.994524704245
0.998979123173
0.996096033403
0.921087682672
0.863906750174
0.996633263744
0.921707724426
0.993126652749
0.991753653445
0.991256784969
0.993047320807
0.982204592902
0.993732776618
0.544
0.998988169798
0.996493389005
0.999386221294
0.923807933194
0.882275574113
0.999102992345
0.800026443981
0.996508002784
0.994790535839
0.999512874043
0.960492693111
0.844199025748
0.764996520529
0.924395267919
0.995315240084
0.612960334029
0.996623521225
0.99475782881
0.993810020877
0.795102992345
0.798951983299
0.996366736256
0.731501739736
0.99663256785
0.992037578288
