0.991947112039
0.91530967293
0.999246346555
0.979985386221
0.982958942241
0.991652748782
0.999652052888
0.988606123869
0.993004175365
0.999512874043
0.979459290188
0.988733472512
0.97013013222
0.866896311761
0.982568545581
0.984461377871
0.979585247042
0.985118997912
0.987208768267
0.975972164231
0.884057063326
0.976757132916
0.996970772443
0.975579679889
0.982011830202
0.992052192067
0.989915100905
0.934933890049
0.965016005567
0.991451635351
0.989649269311
0.972289491997
0.919658315936
0.971265831594
0.990112734864
0.993505219207
0.976555323591
0.983290187891
0.960876826722
0.973915796799
0.852934585943
0.996434237996
0.988821155184
0.915007654836
0.985118997912
0.991697981907
0.995898399443
0.983842032011
0.999512874043
0.929073068894
0.987285316632
0.990878218511
0.980664578984
0.999512874043
0.980533054976
0.970482950592
0.995898399443
0.973892832289
0.988872651357
0.968535838553
0.974419624217
0.993967292971
0.998796102992
0.99491440501
0.981671537926
0.990598469033
0.995631871955
0.985379262352
0.992610299235
0.989292971468
0.989788448156
0.992780793319
0.982223382046
0.99243493389
0.696264439805
0.9988072373
0.991009046625
0.9993855254
0.907710508003
0.970894919972
0.9993855254
0.984979819068
0.996253305498
0.994233820459
0.999512874043
0.988200417537
0.983710508003
0.961649269311
0.987993736952
0.993951287404
0.966750173974
0.995897007655
0.993867084203
0.993581071677
0.984203897008
0.98282045929
0.990881697982
0.981393180237
0.99114822547
0.990480167015
