0.598537230341
0.531983298539
0.81872651357
0.505138482951
0.722724425887
0.653648573417
0.849478079332
0.787173277662
0.460859429367
0.81872651357
0.721732080724
0.81872651357
0.757290883786
0.594414752958
0.623995824635
0.328846903271
0.786542797495
0.664478775226
0.526013917884
0.784247738344
0.779768963118
0.466938065414
0.758919972164
0.685844119694
0.661494084899
0.47596868476
0.785571329158
0.849478079332
0.633111343076
0.595286012526
0.625728601253
0.81872651357
0.655347947112
0.492877522617
0.685844119694
0.459563674322
0.752519137091
0.66303131524
0.461878218511
0.507636047321
0.717243562978
0.786623521225
0.35947112039
0.631508698678
0.819157967989
0.680119693807
0.694798886569
0.488246346555
0.849478079332
0.631848295059
0.659975643702
0.647504523312
0.624176757133
0.849478079332
0.564534446764
0.623952679193
0.694798886569
0.649799582463
0.819157967989
0.81872651357
0.61919763396
0.754279749478
0.687543493389
0.661711899791
0.440755741127
0.632377174669
0.662814196242
0.62078914405
0.630618649965
0.6532289492
0.656480167015
0.627481558803
0.434993041058
0.655092553932
0.677444676409
0.692463465553
0.787713987474
0.818186499652
0.849478079332
0.589862212944
0.817282533055
0.664478775226
0.35455184412
0.659848295059
0.81872651357
0.754335421016
0.377895615866
0.819157967989
0.62922407794
0.63248434238
0.659269311065
0.787163535143
0.539201113431
0.535194154489
0.618682672234
0.623328462074
0.786270006959
0.786542797495
0.818465553236
0.505169102296
