0.791594841659
0.819732288606
0.552683643487
0.978406790728
0.683361083905
0.70398792034
0.998640222005
0.768839373164
0.739018935684
0.592716291218
0.412753836108
0.529436826641
0.686619327457
0.55857166177
0.749518445968
0.624205027751
0.656207966046
0.737561214496
0.676635651322
0.999244205028
0.626558929154
0.40092719556
0.811790728044
0.496936010447
0.700040809664
0.769516813581
0.687301665034
0.842713026445
0.748411687888
0.770502775057
0.570546849494
0.66601207966
0.617722820764
0.695344433562
0.99869898792
0.768271302644
0.694580476657
0.770502775057
0.82009467842
0.645099575579
0.780749265426
0.507807704865
0.895527260855
0.792371857656
0.76971596474
0.748284361737
0.872654260529
0.633610839047
0.957477962782
0.771336924584
0.998457394711
0.883996082272
0.616100228534
0.758047665687
0.874706170421
0.677259222984
0.883783872021
0.704538034607
0.998669604962
0.716847861574
0.818692458374
0.663707149853
0.655253019915
0.612353901404
0.612566111655
0.504826967026
0.653535749265
0.569642507346
0.872962781587
0.610313418217
0.43170747633
0.72735553379
0.751647078028
0.855905974535
0.873387202089
0.56976330395
0.767659157689
0.6643568397
0.874826967026
0.80847208619
0.687626509958
0.791673196213
0.759317662422
0.780537055175
0.894649036892
0.893744694744
0.978194580477
0.62375122429
0.778576558929
0.666632386549
0.87494776363
0.61703395364
0.637954619654
0.715812928501
0.689564152791
0.59199640875
0.480710088149
0.693586353248
0.769926542605
0.768795298727
