0.995883121123
0.987944825335
0.97462618348
0.998960169768
0.86231309174
0.793001958864
0.997889324192
0.994686581783
0.977149853085
0.744776363043
0.81971596474
0.944053215802
0.992979105452
0.821412014365
0.9920388508
0.904779627816
0.995718250082
0.978036238981
0.978754489063
0.996305909239
0.920538687561
0.87731309174
0.811640548482
0.891558929154
0.954059745348
0.992724453151
0.993818152138
0.793091740124
0.876733594515
0.994378060725
0.977242899119
0.997154750245
0.935484818805
0.995638263141
0.998587985635
0.998898139079
0.97971596474
0.994038524323
0.989892262488
0.996147567744
0.982438785504
0.741418543911
0.997815866797
0.994755142018
0.993210904342
0.997190662749
0.994593535749
0.979970617042
0.881825008162
0.878979758407
0.994316030036
0.982438785504
0.93681194907
0.977329415606
0.993210904342
0.97954129938
0.981740124061
0.994503754489
0.998075416259
0.820177930134
0.995388507999
0.877678746327
0.979738818152
0.904165850473
0.889722494287
0.922202089455
0.978636957231
0.888225595821
0.994260528893
0.766145935357
0.821808684296
0.879448253346
0.949795951681
0.955145282403
0.996776036565
0.789113614104
0.879131570356
0.988380672543
0.879041789096
0.997957884427
0.990705190989
0.993932419197
0.860839046686
0.978927522037
0.997153117858
0.991609533137
0.997889324192
0.902306562194
0.99601697682
0.99370388508
0.994662095984
0.937517140059
0.937304929807
0.90741266732
0.832295135488
0.99333986288
0.803459027098
0.926038197845
0.99601207966
0.992954619654
