0.995765589292
0.988251714006
0.974629448253
0.999142997062
0.861950701926
0.793122755468
0.998254978779
0.994807378387
0.977149853085
0.744959190336
0.820022853412
0.94411524649
0.992920339536
0.821412014365
0.992221678093
0.905272608554
0.995476656872
0.978219066275
0.978754489063
0.997037218413
0.920538687561
0.87731309174
0.811516487104
0.891558929154
0.954059745348
0.992848514528
0.994066274894
0.793153770813
0.876550767222
0.995050603983
0.977004570682
0.997278811623
0.935791707476
0.99570029383
0.998803460659
0.999018935684
0.979898792034
0.99477309827
0.989892262488
0.996454456415
0.982376754816
0.741663401894
0.997939928175
0.994941234084
0.993517793013
0.997739144629
0.994593535749
0.980457068234
0.881887038851
0.878950375449
0.994926542605
0.982376754816
0.936994776363
0.977329415606
0.99370388508
0.979724126673
0.981860920666
0.994869409076
0.998441070846
0.819877571009
0.995150179563
0.877861573621
0.979859614757
0.904472739145
0.889846555664
0.922417564479
0.979002611818
0.888228860594
0.994567417564
0.766207966046
0.82181194907
0.879934704538
0.949733920992
0.955204048319
0.99689683317
0.789051583415
0.878769180542
0.988230492981
0.879074436827
0.997957884427
0.99101207966
0.994604962455
0.860839046686
0.97917238002
0.996846229187
0.99148547176
0.998254978779
0.902861573621
0.995954946131
0.993948743062
0.994968984656
0.937517140059
0.937242899119
0.90741266732
0.832295135488
0.993401893568
0.803641854391
0.926038197845
0.996315703559
0.99338230493
