0.994389487431
0.934629448253
0.977430623572
0.997920339536
0.853250081619
0.749573947111
0.996483839373
0.994676787463
0.978981390793
0.724644139732
0.856599738818
0.949149526608
0.993906301012
0.860230166503
0.992238001959
0.923005223637
0.996645445642
0.980589291544
0.981967025792
0.992853411688
0.926682990532
0.900101207966
0.854048318642
0.912411034933
0.956165523996
0.994735553379
0.994213189683
0.765940254652
0.814123408423
0.992148220699
0.979022200457
0.996968658178
0.938545543585
0.995646425073
0.99819294809
0.997858308848
0.981851126347
0.991838067254
0.937269017303
0.995290564806
0.984365001632
0.799924910219
0.996984982044
0.994041789096
0.992536728697
0.994777995429
0.995275873327
0.978809990206
0.871194906954
0.868441070846
0.99208619001
0.984365001632
0.93995755795
0.979335618675
0.992536728697
0.982185765589
0.983365981064
0.993907933399
0.997409402547
0.860311785831
0.995323212537
0.865734573947
0.981735226902
0.922593862227
0.910537055175
0.850153444336
0.979369898792
0.908790401567
0.993700620307
0.739345412994
0.858297420829
0.866376101861
0.952172706497
0.956738491675
0.99550603983
0.798189683317
0.868139079334
0.988772445315
0.868503101534
0.998254978779
0.989906953967
0.993537381652
0.851054521711
0.980736206334
0.997629774731
0.991459353575
0.996483839373
0.921904995103
0.996431603004
0.992557949722
0.99407280444
0.941702579171
0.942332680379
0.926232451845
0.824092393079
0.99574273588
0.797636304277
0.908199477636
0.995313418217
0.991731962129
