0.995883121123
0.987944825335
0.974805746001
0.998960169768
0.862251061051
0.792939928175
0.997889324192
0.994624551094
0.977029056481
0.744655566438
0.81971596474
0.944053215802
0.992796278159
0.821591576885
0.992162912178
0.904841658505
0.995476656872
0.978036238981
0.978934051583
0.996305909239
0.920538687561
0.87731309174
0.811516487104
0.891558929154
0.954059745348
0.99296604636
0.993818152138
0.793153770813
0.876671563826
0.994378060725
0.97718086843
0.997095984329
0.935484818805
0.99570029383
0.998620633366
0.99883610839
0.97971596474
0.994100555011
0.989892262488
0.996147567744
0.982376754816
0.7414805746
0.997757100881
0.994634345413
0.993086842964
0.997190662749
0.994593535749
0.979908586353
0.881887038851
0.878826314071
0.994253999347
0.982376754816
0.93681194907
0.977329415606
0.993272935031
0.9797208619
0.981678093373
0.994503754489
0.998075416259
0.820145282403
0.995450538688
0.877557949722
0.979856349984
0.904165850473
0.889722494287
0.922234737186
0.978636957231
0.888225595821
0.994260528893
0.766083904669
0.821808684296
0.879386222658
0.949733920992
0.955021221025
0.996714005877
0.789113614104
0.879069539667
0.988230492981
0.878950375449
0.997957884427
0.990705190989
0.993932419197
0.860956578518
0.978865491348
0.996846229187
0.991452824029
0.997889324192
0.902306562194
0.995954946131
0.993641854391
0.994662095984
0.937396343454
0.937422461639
0.90741266732
0.832357166177
0.993636957231
0.803459027098
0.926038197845
0.996129611492
0.993016650343
