0.97727064969
0.744191968658
0.753568396996
0.99917238002
0.879658831211
0.673390466863
0.998375775384
0.941578517793
0.909970617042
0.758279464577
0.569604962455
0.78629611492
0.940772118838
0.623759386223
0.97397812602
0.701420176298
0.985938622266
0.930556643813
0.984849820437
0.997154750245
0.937071498531
0.789376428338
0.899528240287
0.78883610839
0.95000489716
0.941446294483
0.889126673196
0.812732615083
0.68184949396
0.942699967352
0.931477309827
0.997337577538
0.894205027751
0.996412014365
0.998832843617
0.998986287953
0.869585373817
0.942422461639
0.778602677114
0.944045053869
0.987910545217
0.724784524976
0.997969311133
0.942655892915
0.888726738492
0.997827293503
0.995796604636
0.98601697682
0.912677113941
0.857177603657
0.942695070193
0.987910545217
0.948023179889
0.931965393405
0.889036891936
0.985610512569
0.987362063337
0.879227881162
0.998499836761
0.659511916422
0.976772771792
0.835461965393
0.985716617695
0.743891609533
0.72454129938
0.631702579171
0.985445641528
0.56805093046
0.942453476983
0.651292850147
0.623774077702
0.910750897813
0.763067254326
0.960460333007
0.997432255958
0.711993143976
0.91087495919
0.601483839373
0.857363695723
0.998072151485
0.746562193928
0.942283708782
0.899268690826
0.932234737186
0.996836434868
0.74746000653
0.998375775384
0.646751550767
0.996919686582
0.942012732615
0.942735879856
0.894516813581
0.948297420829
0.779668625531
0.817861573621
0.94166993144
0.850817825661
0.818134182174
0.996668299053
0.801371204701
