0.995426052889
0.969751877245
0.977863206007
0.998868756121
0.885163238655
0.772766895201
0.997706496898
0.99389324192
0.980362389814
0.786323865491
0.740396669931
0.953850799869
0.992915442377
0.742698334966
0.993387202089
0.864663728371
0.996410381978
0.981065948417
0.982025791707
0.995940254652
0.928743062357
0.844632713026
0.815248122755
0.854869409076
0.955342801175
0.993558602677
0.993570029383
0.817414299706
0.895910871694
0.99370878224
0.980300359125
0.997063336598
0.940135488084
0.9953640222
0.99846718903
0.998806725433
0.983078681032
0.993671237349
0.972125367287
0.995901077375
0.985866797258
0.701852758733
0.998057460007
0.994841658505
0.992809337251
0.996916421809
0.994165850473
0.983124387855
0.901279791055
0.897948090108
0.993886712373
0.985866797258
0.941496898466
0.980786810317
0.992569376428
0.982841984982
0.985076722168
0.994226248776
0.997892588965
0.687657525302
0.995359125041
0.896585047339
0.983434541299
0.864076069213
0.853398628795
0.905577864838
0.981696049625
0.851567091087
0.993955272609
0.788112961149
0.742830558276
0.89856676461
0.818692458374
0.95652301665
0.996864185439
0.769413973229
0.898370878224
0.801090434215
0.898250081619
0.997899118511
0.857611818479
0.99310806399
0.884443356187
0.982109043421
0.99736532811
0.85930460333
0.997706496898
0.861973555338
0.995710088149
0.993241919687
0.994294809011
0.941839699641
0.942561214496
0.867869735553
0.853937316357
0.993903036239
0.831085537055
0.927053542279
0.996188377408
0.860319947764
