0.868859265734
0.930129245754
0.902837787213
0.935626873127
0.974128996004
0.838058816184
0.758229270729
0.968512737263
0.911282467532
0.964700924076
0.994449300699
0.466186938062
0.667825924076
0.954679695305
0.909634115884
0.943425324675
0.913686313686
0.996469155844
0.791474150849
0.998766858142
0.837721653347
0.947109140859
0.861625874126
0.788233641359
0.799625374625
0.971606518482
0.898136238761
0.827834665335
0.984465534466
0.7003996004
0.903190559441
0.998613886114
0.969118381618
0.792797827173
0.805912837163
0.999010364635
0.853655719281
0.795154845155
0.810208541459
0.833641358641
0.861554070929
0.89793956044
0.868956043956
0.940905969031
0.85216033966
0.816380494505
0.889566683317
0.893656343656
0.996288086913
0.991474150849
0.944705294705
0.874444305694
0.869608516484
0.84212037962
0.765184815185
0.921653346653
0.995963411588
0.941808191808
0.945947802198
0.750917832168
0.842073551449
0.994942557443
0.968740634366
0.989554195804
0.846968656344
0.986825674326
0.958382242757
0.994193306693
0.725193556444
0.754152097902
0.88236451049
0.849066558442
0.899366258741
0.949456793207
0.857261488511
0.957086663337
0.904576673327
0.905210414585
0.874581668332
0.791046453546
0.821693931069
0.85364010989
0.950630619381
0.94581043956
0.970257867133
0.960935939061
0.851882492507
0.875680569431
0.888002622378
0.991833166833
0.702085414585
0.925646228771
0.850686813187
0.690244130869
0.784434315684
0.99360014985
0.826907467532
0.943347277722
0.621771978022
0.84286963037
