0.814828921079
0.85452047952
0.942523101898
0.890671828172
0.870963411588
0.851102022977
0.758304195804
0.967491883117
0.881165709291
0.962752872128
0.994474275724
0.522193431568
0.634521728272
0.960848526474
0.913299200799
0.929158341658
0.912456293706
0.99616008991
0.797502497502
0.992148476523
0.816998626374
0.86294955045
0.860420829171
0.812868381618
0.792632367632
0.946000874126
0.84916958042
0.777481893107
0.914410589411
0.714004745255
0.892214035964
0.994452422577
0.913261738262
0.792672952048
0.823195554446
0.988477147852
0.765400224775
0.79488011988
0.766989260739
0.83090034965
0.89396540959
0.913786213786
0.89128996004
0.914026598402
0.862930819181
0.852619255744
0.920039335664
0.914729020979
0.995972777223
0.993128746254
0.910664335664
0.908841158841
0.828399725275
0.798848026973
0.836838161838
0.877447552448
0.99401535964
0.945217282717
0.860942182817
0.827622377622
0.770348401598
0.994911338661
0.965649975025
0.993191183816
0.806274975025
0.986713286713
0.958607017982
0.992651098901
0.813561438561
0.823073801199
0.894889485514
0.843078796204
0.912128496503
0.884234515485
0.87091033966
0.88499000999
0.912112887113
0.828899225774
0.874344405594
0.794493006993
0.822405719281
0.847614885115
0.964142107892
0.879951298701
0.97024537962
0.958675699301
0.873298576424
0.886388611389
0.913002622378
0.99225462038
0.735795454545
0.937222152847
0.842217157842
0.71828484016
0.678115634366
0.996035214785
0.822436938062
0.855157342657
0.655575674326
0.88139985015
