0.823791833167
0.864669705295
0.942391983017
0.90014985015
0.884481143856
0.855497627373
0.762087912088
0.971712662338
0.883772477522
0.965381493506
0.997783466533
0.515693681319
0.641483516484
0.962883991009
0.913636363636
0.929932567433
0.91599025974
0.9969749001
0.796050824176
0.997455669331
0.816929945055
0.868406593407
0.86668956044
0.807704795205
0.799125874126
0.952032342657
0.846366133866
0.777216533467
0.925761738262
0.716633366633
0.900899100899
0.996241258741
0.919343156843
0.79569493007
0.826461038961
0.996718906094
0.766617757243
0.798251748252
0.770017482517
0.836088911089
0.889363761239
0.916414835165
0.891652097902
0.928605769231
0.86870004995
0.852138486513
0.922717907093
0.911600899101
0.996912462537
0.995232892108
0.919567932068
0.90964035964
0.837409465534
0.811953671329
0.834384365634
0.886975524476
0.995950924076
0.94753996004
0.867616758242
0.815503246753
0.785192932068
0.998282967033
0.971063311688
0.994183941059
0.823532717283
0.988292957043
0.959799575425
0.994118381618
0.796272477522
0.8127997003
0.900577547453
0.850702422577
0.915031843157
0.89522977023
0.873688811189
0.894174575425
0.911956793207
0.841480394605
0.880556943057
0.794711538462
0.821668956044
0.844449300699
0.967288961039
0.889298201798
0.974665959041
0.963027597403
0.880572552448
0.885664335664
0.919483641359
0.993956043956
0.734090909091
0.94343469031
0.841727022977
0.716087037962
0.68533966034
0.996853146853
0.821319305694
0.868397227772
0.654445554446
0.884234515485
