0.824566058941
0.86680506993
0.936373001998
0.890977772228
0.874466158841
0.871384865135
0.762162837163
0.968737512488
0.874665959041
0.973011363636
0.998176823177
0.537534340659
0.630716158841
0.962222152847
0.931206293706
0.943868631369
0.915403346653
0.996871878122
0.797249625375
0.998947927073
0.815896603397
0.898351648352
0.839192057942
0.792413836164
0.799875124875
0.963246128871
0.849128996004
0.778371628372
0.926863761239
0.716408591409
0.917164085914
0.998357892108
0.940796703297
0.797243381618
0.819411838162
0.999253871129
0.729024100899
0.79906968032
0.759078421578
0.826882492507
0.935498876124
0.915821678322
0.886157592408
0.918959165834
0.870935314685
0.860398976024
0.916574050949
0.934346903097
0.996497252747
0.993328546454
0.911401098901
0.905622502498
0.830628746254
0.80204483017
0.823089410589
0.875549450549
0.997087287712
0.950524475524
0.891574050949
0.806949300699
0.782102272727
0.998601398601
0.965119255744
0.992716658342
0.799363136863
0.989123376623
0.960018106893
0.991964285714
0.792498126873
0.806187562438
0.904448676324
0.853718156843
0.91351461039
0.892388861139
0.882311438561
0.884918206793
0.930400849151
0.829448676324
0.870526348651
0.789260739261
0.852831543457
0.850337162837
0.970111138861
0.895516983017
0.978961663337
0.973732517483
0.898691933067
0.871715784216
0.91577485015
0.993209915085
0.724372502498
0.946787587413
0.838736263736
0.748326673327
0.684190809191
0.997677322677
0.812056693307
0.862265859141
0.645785464535
0.902016733267
