0.885829795205
0.889163961039
0.952606768232
0.945510739261
0.931883741259
0.888851773227
0.753096903097
0.982358266733
0.916677072927
0.971999875125
0.997852147852
0.411429195804
0.678103146853
0.953830544456
0.926523476523
0.951298701299
0.911732017982
0.997977022977
0.795314060939
0.997212162837
0.862996378621
0.949512987013
0.867376373626
0.831577797203
0.799625374625
0.970026848152
0.833248001998
0.865378371628
0.970092407592
0.751086413586
0.941808191808
0.996122627373
0.948707542458
0.793415959041
0.85752997003
0.997218406593
0.726201923077
0.797758491508
0.718437812188
0.845922827173
0.8910246004
0.950430819181
0.930057442557
0.973517107892
0.876486013986
0.842878996004
0.906409215784
0.904813936064
0.997352647353
0.994202672328
0.9248001998
0.889254495504
0.912159715285
0.886479145854
0.878165584416
0.907361388611
0.996381743257
0.942039210789
0.928674450549
0.776105144855
0.858763111888
0.998164335664
0.973136238761
0.992701048951
0.877191558442
0.984215784216
0.972443181818
0.993881118881
0.744767732268
0.743281718282
0.922599275724
0.88525536963
0.948567057942
0.946909340659
0.868331668332
0.954695304695
0.925405844156
0.882926448551
0.894798951049
0.793088161838
0.843728146853
0.867048576424
0.967963286713
0.93489010989
0.971131993007
0.973617007992
0.905890984016
0.852472527473
0.911454170829
0.992813436563
0.712656093906
0.964476148851
0.857161588412
0.727662962038
0.635789210789
0.997352647353
0.831733891109
0.942560564436
0.659827672328
0.89542957043
