0.737137862138
0.910792332667
0.996968656344
0.854564185814
0.981971153846
0.841018356643
0.792838411588
0.952872127872
0.803449675325
0.948563936064
0.993952922078
0.53658528971
0.622721028971
0.956680819181
0.937437562438
0.708784965035
0.603318556444
0.995719905095
0.795963411588
0.993974775225
0.548576423576
0.851788836164
0.680731768232
0.833863011988
0.799875124875
0.96963036963
0.865137987013
0.841368006993
0.838071303696
0.776061438561
0.921494130869
0.997618006993
0.991324300699
0.793394105894
0.873179945055
0.999566058941
0.811794455544
0.761173201798
0.906552822178
0.849537962038
0.850858516484
0.976941808192
0.967382617383
0.961232517483
0.804395604396
0.876751373626
0.93013548951
0.83006993007
0.994389985015
0.806331168831
0.922920829171
0.911494755245
0.83651973027
0.832651723277
0.965584415584
0.930622502498
0.977125999001
0.976236263736
0.827107267732
0.948741883117
0.778986638362
0.975181068931
0.851055194805
0.967363886114
0.765749875125
0.97992007992
0.994939435564
0.815821678322
0.856643356643
0.804099025974
0.650280969031
0.814803946054
0.953996003996
0.800171703297
0.749665959041
0.917891483516
0.914057817183
0.697746003996
0.92305506993
0.767623001998
0.875390234765
0.893737512488
0.964966283716
0.964569805195
0.997967657343
0.99286963037
0.821547202797
0.95410526973
0.703081293706
0.967891483516
0.722071678322
0.921862512488
0.783160589411
0.756637112887
0.592014235764
0.9964753996
0.92581481019
0.911382367632
0.694517982018
0.745626248751
