0.822287087912
0.861738261738
0.942310814186
0.899450549451
0.882957667333
0.850546328671
0.761182567433
0.969945679321
0.881977397602
0.96444493007
0.99665959041
0.515681193806
0.636363636364
0.962272102897
0.915128621379
0.929901348651
0.911944305694
0.996796953047
0.795947802198
0.995420204795
0.815300324675
0.869817682318
0.867232767233
0.80157967033
0.797127872128
0.950970904096
0.850774225774
0.774959415584
0.928302947053
0.712905844156
0.894130869131
0.99594468032
0.922983266733
0.795413961039
0.825724275724
0.994583541459
0.775296578422
0.796697052947
0.774288211788
0.835670579421
0.888876748252
0.912624875125
0.88858016983
0.91685501998
0.868231768232
0.8528252997
0.919633491508
0.914391858142
0.996422327672
0.994402472527
0.921684565435
0.908628871129
0.827019855145
0.801801323676
0.832024225774
0.887381368631
0.995320304695
0.947671078921
0.869352522478
0.815546953047
0.780915959041
0.996416083916
0.969389985015
0.993603271728
0.814167082917
0.987306443556
0.960149225774
0.992938311688
0.798245504496
0.812834040959
0.894371253746
0.846537837163
0.911429195804
0.897059190809
0.874032217782
0.891858141858
0.913317932068
0.840799825175
0.87854020979
0.794336913087
0.8215752997
0.844948801199
0.965827922078
0.889385614386
0.972880244755
0.961691433566
0.874079045954
0.88297952048
0.918409715285
0.992548076923
0.734490509491
0.935436438561
0.841155719281
0.714632242757
0.689291958042
0.996041458541
0.82689498002
0.86146978022
0.660214785215
0.881387362637
