0.927143996927
0.599621465087
0.751212434621
0.927143996927
0.927443337963
0.751237552082
0.703246357968
0.999197718744
0.703092698206
0.775418427351
0.703230844242
0.951447947756
0.974785024083
0.951124228007
0.999802754056
0.775542980408
0.599633728318
0.751308471972
0.951234744836
0.975338494725
0.775681865193
0.751327679442
0.630763275317
0.575492154487
0.999733902662
0.750755740079
0.727320114654
0.9509354038
0.975647143997
0.399988771017
0.702947016932
0.799973257291
0.975317662008
0.599611122603
0.551629827724
0.815497916728
0.927443337963
0.751439969268
0.950982683727
0.975805088502
0.975712449396
0.951572648562
0.575785585532
0.775526432434
0.799905735646
0.703246357968
0.703184450814
0.999569900417
0.975673443456
0.951142401229
0.775619958039
0.878797760113
0.879062675453
0.775597943323
0.551330486688
0.999552909193
0.975516976449
0.575492154487
0.878830856062
0.951532165125
0.775508554712
0.751327679442
0.926691291628
0.975486539996
0.527304009929
0.951548860849
0.902969474897
0.551503797169
0.751627020478
0.751611506752
0.902610590704
0.854582459147
0.951498182678
0.878498419077
0.998514819302
0.926956945717
0.751374959369
0.999671995508
0.951142401229
0.974771726604
0.95119322715
0.727410094264
0.903262462693
0.903218137762
0.975436305074
0.775471469519
0.799812505541
0.799137880086
0.527448952454
0.799723855678
0.799952720073
0.502767353211
0.951498182678
0.975317662008
0.951624213232
0.751312165716
0.903262462693
0.703154309861
0.727181229869
0.775489347242
