0.707261605745
0.59959989362
0.67598741172
0.921195886646
0.778929700659
0.604701102213
0.676388404598
0.999162554298
0.676319257705
0.702156998907
0.747684317839
0.876184805414
0.901576194557
0.875853107178
0.999775568098
0.773670399811
0.599576105907
0.604753110133
0.876009721935
0.902142667179
0.702382317307
0.604720309684
0.597510120859
0.502211814072
0.999684849738
0.675465116279
0.578781950888
0.875653053988
0.902456635442
0.399988771017
0.747343163618
0.799973257291
0.973288466653
0.599559410183
0.476391211844
0.863524570787
0.778929700659
0.747485594397
0.875708607902
0.973841494046
0.902391034544
0.805019946219
0.502510564109
0.702309328921
0.799908395142
0.747699831565
0.676280104016
0.999636387814
0.90237389557
0.804526757484
0.702274016725
0.850067226146
0.850241127626
0.70236104134
0.476034543896
0.999481989303
0.902190242605
0.502211814072
0.849976212287
0.876296208741
0.702176206377
0.604720309684
0.973116633669
0.973517626548
0.57369655152
0.804998818002
0.876171507934
0.40492922786
0.605076977631
0.605061463905
0.875662509973
0.681117136018
0.876235040336
0.778399131231
0.998487928844
0.973437841671
0.676087290565
0.999576549156
0.947149611418
0.901417511303
0.875872757897
0.721516651399
0.752785230933
0.947671611359
0.973467391626
0.702229248545
0.799787979079
0.799053367217
0.450246742118
0.799814869537
0.799950060577
0.475843798942
0.804923613368
0.973318607606
0.876385597352
0.604704795958
0.752785230933
0.747610442954
0.578758606424
0.773520433793
