0.927704264058
0.59981930203
0.70508406962
0.927704264058
0.928353772052
0.705134304542
0.703816967584
0.99958718714
0.703803374605
0.729011701782
0.703818592831
0.951976005437
0.877937117697
0.951872432848
0.999755917378
0.776042965633
0.599475931562
0.752128483201
0.905114358323
0.975963771756
0.77594811028
0.751575899057
0.654177477025
0.576008687687
0.999659436778
0.607598031973
0.728201885287
0.904473419816
0.976064980349
0.399994385509
0.703184598564
0.799956118318
0.878563724476
0.5998708667
0.552236783783
0.815457728791
0.928353772052
0.751960934961
0.904822109276
0.976099997045
0.976034543896
0.952155816908
0.576063946101
0.776004846192
0.799907804143
0.70382553707
0.703810318844
0.999712626695
0.975945303035
0.854694896723
0.775932892054
0.879894063414
0.879945332585
0.776048284625
0.55158727579
0.99901908927
0.975739339854
0.576017257173
0.879592949381
0.951938181496
0.775453296297
0.751575899057
0.880461865784
0.976003073195
0.527559617033
0.952080464525
0.903645873349
0.552082089773
0.752225407051
0.752218462811
0.80609009781
0.855426996838
0.952076475281
0.879244555421
0.952440826217
0.927360302592
0.751924588517
0.999644218551
0.854694896723
0.8312580893
0.951426967288
0.72829674064
0.904467805325
0.903811500842
0.975911172838
0.775900534854
0.799725037676
0.752025058361
0.528359386543
0.799920362873
0.799911793387
0.406300641234
0.952067905795
0.928925268166
0.952214030318
0.751568954818
0.904476374812
0.70356800922
0.72829674064
0.776005880441
