0.764506959014
0.599618805591
0.642776809196
0.764506959014
0.76480630005
0.64281286014
0.546770485506
0.999153984811
0.546655240684
0.721206081381
0.54675497178
0.842995774357
0.920572678112
0.842685943087
0.999808073047
0.721330634438
0.599628113826
0.642870187051
0.842810052894
0.921150970716
0.721463904731
0.6429029875
0.595610945303
0.521266215537
0.99972267368
0.642331048137
0.56467746225
0.842510711858
0.921473212967
0.399988771017
0.54647114447
0.799973257291
0.921105316037
0.599597529624
0.443205135782
0.960304807778
0.76480630005
0.643015277326
0.842546762803
0.921592742531
0.921489169942
0.843158890104
0.521562306078
0.721314086463
0.799905735646
0.546770485506
0.546708578352
0.999553352442
0.921455482994
0.842717709288
0.721401997577
0.66810954168
0.66837445702
0.721424012293
0.442905794746
0.999563842676
0.921304334978
0.521266215537
0.668142637629
0.843107473183
0.721296208741
0.6429029875
0.824403238675
0.921260601046
0.425034868946
0.843091368458
0.746526402884
0.443073490736
0.643202328536
0.64318681481
0.746118170267
0.589681894743
0.843067876245
0.667810200644
0.998468425874
0.824693419225
0.642939038444
0.999660766526
0.842717709288
0.920564699625
0.842762920717
0.564783989835
0.68641307881
0.746742265299
0.921188499158
0.721270057031
0.799785024083
0.799143199078
0.364811914542
0.799723855678
0.799963653556
0.346291480748
0.843067876245
0.92111624952
0.843199521291
0.642887473774
0.68641307881
0.546678437398
0.564544191957
0.721263408292
