0.927143996927
0.59963239857
0.751201501138
0.927143996927
0.927443337963
0.751237552082
0.703246357968
0.999181170769
0.703160663101
0.775418427351
0.703230844242
0.951420466298
0.974814574037
0.951124228007
0.999808073047
0.775542980408
0.599619839839
0.751308471972
0.951234744836
0.97540645962
0.775676250702
0.751327679442
0.599492627286
0.575492154487
0.99972267368
0.750755740079
0.727314500163
0.9509354038
0.975715108892
0.399988771017
0.702947016932
0.799973257291
0.975317662008
0.599611122603
0.551629827724
0.863543482758
0.927443337963
0.751439969268
0.950971454744
0.975805088502
0.975701515913
0.951583582045
0.575774652049
0.775526432434
0.799905735646
0.703246357968
0.703184450814
0.999553352442
0.975667828965
0.951142401229
0.775614343548
0.878797760113
0.879062675453
0.775665908218
0.551330486688
0.999558228185
0.975516680949
0.575492154487
0.878822582075
0.951526550634
0.775508554712
0.751327679442
0.926680358145
0.975486539996
0.527298395437
0.9515160604
0.903031825301
0.551498182678
0.751627020478
0.751611506752
0.902594042729
0.854582459147
0.951492568187
0.878498419077
0.998509204811
0.926956945717
0.751363730386
0.999660766526
0.951142401229
0.974777045596
0.951187612659
0.727421027747
0.903262462693
0.903218137762
0.975414438108
0.775471469519
0.799785024083
0.799143199078
0.527448952454
0.799723855678
0.799963653556
0.502767353211
0.951492568187
0.975328595491
0.951624213232
0.751312165716
0.903262462693
0.70314869537
0.727181229869
0.775489347242
