0.88336101179
0.459495434532
0.65984501049
0.883386868
0.930229307645
0.706603380515
0.508604946662
0.764719423185
0.555066782896
0.729840577997
0.555085842617
0.765080523625
0.718111019178
0.763040690287
0.859810141544
0.683450548152
0.40381933158
0.683366183032
0.813456310393
0.588132147395
0.683611299902
0.660052746668
0.612108684732
0.483269259183
0.611594958778
0.659753110133
0.68370970125
0.813134954641
0.858236015484
0.399945332585
0.555041960935
0.659972370793
0.883306492125
0.457908010993
0.553495316332
0.726320291954
0.930255163854
0.611377323365
0.813456310393
0.930182618717
0.83453532697
0.859908542892
0.481440412517
0.681521083892
0.658287580154
0.555337460477
0.555033982447
0.716137820986
0.883609822405
0.906642090955
0.683307821873
0.731963889956
0.683441092166
0.63643849177
0.506627020478
0.859624420082
0.836876274342
0.481572944062
0.629093998404
0.906791318223
0.683264087941
0.660052746668
0.636047102627
0.883240447977
0.378576135457
0.71636121864
0.708492509087
0.50694837623
0.706921042522
0.706643568452
0.661938772495
0.708566088473
0.906919565025
0.685069737892
0.717485446648
0.589445642859
0.66037410242
0.813372093023
0.906616234745
0.789682485742
0.860025412961
0.683548949499
0.86047102627
0.755058508909
0.739598711622
0.729972666292
0.46758074525
0.61287727904
0.53028397506
0.706661889424
0.660114949322
0.355087320115
0.860372624922
0.836217014864
0.811663219172
0.659775272598
0.907017966372
0.508648680595
0.683548949499
0.52984486274
