0.563197600544
0.59970331846
0.627792618421
0.921878490588
0.683025028811
0.508246210218
0.628534913271
0.99947076032
0.62841907745
0.653753287432
0.748068762743
0.828416122455
0.853635826364
0.828140864632
0.999826985018
0.773853314027
0.59967066576
0.50876806241
0.827803699654
0.854162111049
0.65439348719
0.508707485003
0.698512159806
0.454277946869
0.999809550545
0.576615495996
0.482939629444
0.827536568068
0.854347832511
0.399988771017
0.747828078366
0.799962323808
0.922842557844
0.599720161934
0.428537720517
0.81553574067
0.683025028811
0.747904908247
0.827627286428
0.974039183239
0.854394521438
0.708906651695
0.454470612571
0.654115717621
0.799828905765
0.748095209952
0.628470051121
0.999753110133
0.854385065453
0.65778079844
0.654328625041
0.802454566945
0.802585325493
0.654306610325
0.428270588931
0.999494104784
0.854263762891
0.454277946869
0.802352619603
0.828185041813
0.654214562217
0.508707485003
0.97309033421
0.973832629059
0.573956591117
0.708930143908
0.828333678083
0.308889217222
0.508974616589
0.50894816938
0.77723900003
0.537250820011
0.828443899412
0.682627138678
0.998549688248
0.973691675778
0.628358500044
0.999744688396
0.896901391803
0.80243255223
0.828171153335
0.72210971898
0.657078248279
0.94804512278
0.973804852102
0.654150586567
0.799872787447
0.798849768033
0.402590939984
0.79985801247
0.799950060577
0.377346709613
0.70888360273
0.973207204279
0.828532106025
0.508681037794
0.657078248279
0.747931355456
0.48289707751
0.773835436305
