3.8
0.37
0.37
0.1
2.7
0.82
0.1
0.19
0.82
0.1
0.46
4.11
0.46
1.21
0.28
0.64
0.19
0.46
0.55
0.28
0.28
0.55
2.11
0.55
3.95
0.19
0.91
0.46
4.4
0.37
0.19
0.37
0.37
0.19
0.37
0.37
5.2
0.19
0.55
0.46
0.28
0.37
0.28
5.24
0.28
0.19
0.28
3.1
0.46
1.96
0.19
0.1
27.9
2.7
0.73
0.28
0.37
11.11
0.46
3.3
15.61
0.37
23.4
0.37
0.55
0.28
3.2
0.37
0.55
0.55
0.19
2.21
2.95
0.82
0.48
3.7
0.28
3.7
0.1
0.46
0.82
0.28
0.46
0.46
0.19
0.19
0.64
0.28
0.75
0.19
2.4
0.1
0.73
0.1
0.19
1.87
0.28
41.9
3.0
2.71
1.43
0.64
2.51
0.64
3.2
1.9
0.28
0.1
0.92
0.91
0.19
0.83
0.37
0.28
0.1
0.37
21.5
0.19
8.0
0.28
0.66
0.46
1.5
0.64
0.37
0.28
0.55
1.8
5.4
0.1
0.37
3.2
0.37
0.1
1.16
1.44
0.37
0.28
0.64
0.1
2.2
0.46
0.46
0.28
0.37
6.53
0.19
0.28
0.55
2.4
5.91
4.62
0.37
0.19
10.3
0.28
0.64
2.51
0.46
0.19
1.5
0.1
0.55
0.19
0.19
0.64
1.01
2.9
0.46
1.3
1.17
0.64
0.46
0.64
9.7
0.1
0.28
3.5
2.4
0.19
4.23
0.73
0.37
1.9
0.91
0.46
0.28
0.64
0.96
0.28
0.1
0.37
2.13
0.64
0.55
3.0
4.6
5.7
0.55
0.97
0.28
0.28
0.19
0.55
1.3
0.37
4.7
0.55
0.1
0.91
0.19
0.55
0.37
0.73
1.17
0.19
130.0
2.82
1.5
5.1
0.19
1.02
1.3
0.37
0.37
0.37
0.56
0.28
0.19
0.28
0.82
0.19
0.46
10.6
0.46
0.55
0.46
0.19
0.1
0.28
