0.382790331056
0.428822911193
0.556883867578
0.481765633211
0.341276931161
0.599448239622
0.32225433526
0.59274829217
0.711061481871
0.415081450342
0.358118759853
0.472779821335
0.697267472412
0.303836048345
0.628717813978
0.569206516027
0.529190751445
0.75746190226
0.570310036784
0.70746190226
0.591040462428
0.401156069364
0.562348922754
0.340357330531
0.678612716763
0.681791907514
0.621071991592
0.707645822386
0.607698370993
0.482737782449
0.598265895954
0.622175512349
0.399658434051
0.422963741461
0.792327903311
0.461219127693
0.799106673673
0.51169206516
0.492485549133
0.714503415659
0.569311613242
0.380084077772
0.56655281135
0.378901734104
0.375065685759
0.618917498686
0.405648975302
0.589332632685
0.607698370993
0.538702049396
0.647661586968
0.795927482922
0.536074619023
0.41697320021
0.720835522859
0.47619548082
0.705228586442
0.41190225959
0.726537046768
0.564713610089
0.570782974251
0.617656332107
0.402023121387
0.570599054125
0.729374671571
0.459301103521
0.651313715187
0.840620073568
0.61936416185
0.599395691014
0.720835522859
0.47619548082
0.84802942722
0.516027325276
0.374697845507
0.737966368891
0.732133473463
0.300578034682
0.576248029427
0.303836048345
0.462296374146
0.571255911718
0.720835522859
0.47619548082
0.463005780347
0.56324224908
0.808644245927
0.751103520757
0.393536521282
0.433815028902
0.285522858644
0.507698370993
0.561534419338
0.576142932212
0.348817656332
0.787545980032
0.55218076721
0.804519180242
0.607698370993
0.359642669469
