0.979453494482
0.993799264319
0.914161849711
0.854834471886
0.996321597478
0.920415133999
0.936810299527
0.950683131897
0.949159222281
0.8816868103
0.935522858644
0.978691539674
0.887598528639
0.893483972675
0.964477141356
0.90197057278
0.882133473463
0.896295323174
0.915895953757
0.946216500263
0.925827640568
0.979453494482
0.908985811876
0.962585391487
0.963715186548
0.86366263794
0.981870730426
0.992511823437
0.95197057278
0.89274829217
0.963032054651
0.958486600105
0.948922753547
0.936836573831
0.819942196532
0.904676826064
0.906542301629
0.893667892801
0.894823962165
0.937230688387
0.898791382028
0.954808197583
0.864792433001
0.908617971624
0.886994219653
0.791749868628
0.925170782974
0.939989490279
0.930057803468
0.89119810825
0.886626379401
0.975118234367
0.976169206516
0.831029952706
0.974881765633
0.95197057278
0.911560693642
0.881660535996
0.970178665265
0.896820809249
0.857225433526
0.932291119285
0.934550709406
0.851497635313
0.962243825539
0.981581713085
0.904992117709
0.946873357856
0.951944298476
0.864661061482
0.86936416185
0.993037309511
0.973357856017
0.881003678403
0.906910141881
0.960719915922
0.917630057803
0.979453494482
0.983394640042
0.936836573831
0.876563321072
0.839542827115
0.938465580662
0.993037309511
0.899527062533
0.968812401471
0.923935890699
0.862979506043
0.930241723594
0.847188649501
0.895454545455
0.979111928534
0.96274303731
0.992511823437
0.884393063584
0.971597477667
0.92795585917
0.940593799264
0.788229111929
0.933867577509
