0.951024697846
0.988124014714
0.900394114556
0.898554913295
0.948502364687
0.915475564898
0.904177614293
0.922700998424
0.932212296374
0.89781923279
0.90289017341
0.944692590646
0.895507094062
0.928796636889
0.939464004204
0.891802417236
0.911245401997
0.919732002102
0.883210719916
0.935260115607
0.898975302154
0.961061481871
0.905911718339
0.960588544404
0.957777193904
0.923673147662
0.967052023121
0.976799789806
0.934025223332
0.874461376774
0.98084603258
0.946978455071
0.934261692065
0.952023121387
0.864608512874
0.964004203889
0.855937992643
0.925669994745
0.948949027851
0.909485023647
0.897556489753
0.934944823962
0.843221229637
0.881975827641
0.852627430373
0.873410404624
0.880714661061
0.918707304256
0.904308985812
0.937545980032
0.934971098266
0.966999474514
0.979847609038
0.851024697846
0.962953231739
0.923988439306
0.953547031004
0.845980031529
0.939332632685
0.888465580662
0.828586442459
0.92598528639
0.96077246453
0.965817130846
0.975275880189
0.953258013663
0.953021544929
0.940961639517
0.910798738833
0.86718339464
0.823410404624
0.967288491855
0.989069889648
0.849316868103
0.861665790857
0.97204414083
0.926694692591
0.951024697846
0.974040987914
0.972096689438
0.865895953757
0.858670520231
0.928218602207
0.967288491855
0.921755123489
0.96077246453
0.874487651077
0.912480294272
0.887519705728
0.946032580137
0.840803993694
0.965291644771
0.95549132948
0.96676300578
0.86542301629
0.987309511298
0.89626904887
0.938413032055
0.770520231214
0.886048344719
