0.969390436153
0.991802417236
0.866815554388
0.896558066211
0.996321597478
0.903625853915
0.917314766159
0.94253809774
0.93901734104
0.886100893326
0.91655281135
0.979689963216
0.855596426695
0.938780872307
0.958118759853
0.867314766159
0.857330530741
0.902075669995
0.895927482922
0.930136626379
0.901918024172
0.969390436153
0.87422490804
0.952995270625
0.940541250657
0.784471886495
0.971991592223
0.991040462428
0.943300052549
0.865344193379
0.988807146611
0.944193378875
0.936258539149
0.990803993694
0.772963741461
0.915974776668
0.873751970573
0.889306358382
0.944902785076
0.919206516027
0.894377299002
0.960641093011
0.821939043615
0.891276931161
0.862716763006
0.832527588019
0.909090909091
0.93478717814
0.92091434577
0.937020493957
0.932501313715
0.957829742512
0.966631634262
0.868654755649
0.974408828166
0.943300052549
0.887545980032
0.84887020494
0.954939569101
0.893457698371
0.824330005255
0.912086179716
0.989043615344
0.943667892801
0.983000525486
0.976642143983
0.952601156069
0.93725696269
0.93457698371
0.886363636364
0.865160273253
0.993562795586
0.983762480294
0.8429584866
0.882317393589
0.96035207567
0.878218602207
0.969390436153
0.988570677877
0.990803993694
0.82795585917
0.803547031004
0.93126642144
0.993562795586
0.901865475565
0.989043615344
0.906962690489
0.828638991067
0.911534419338
0.898843930636
0.867288491855
0.972753547031
0.984340514976
0.991040462428
0.88675775092
0.963110877562
0.909774040988
0.946952180767
0.84866001051
0.92619548082
