0.969390436153
0.992800840778
0.865817130846
0.902863899107
0.996321597478
0.904151339989
0.91584340515
0.941066736731
0.938544403573
0.883158171308
0.915081450342
0.97774566474
0.85289017341
0.936311087756
0.956174461377
0.873620599054
0.855859169732
0.904072517078
0.896452968996
0.931607987388
0.900446663163
0.969390436153
0.871755123489
0.952995270625
0.943483972675
0.779532317394
0.972990015765
0.99203888597
0.94182869154
0.862401471361
0.987808723069
0.947136100893
0.936784025223
0.989805570152
0.763715186548
0.919442984761
0.878638991067
0.891250656858
0.948318444561
0.91873357856
0.902627430373
0.95817130846
0.82971623752
0.888334209143
0.862716763006
0.823751970573
0.907619548082
0.93084603258
0.921439831844
0.934550709406
0.92950604309
0.961770888071
0.966631634262
0.865712033631
0.973462953232
0.94182869154
0.887545980032
0.856647398844
0.954939569101
0.892984760904
0.822858644246
0.911613242249
0.988045191802
0.941671045717
0.982002101944
0.978586442459
0.949658434051
0.936784025223
0.936468733579
0.878586442459
0.869994745139
0.993562795586
0.983762480294
0.841014188124
0.886153441934
0.959353652128
0.874277456647
0.969390436153
0.990042038886
0.989805570152
0.822543352601
0.801602732528
0.928323699422
0.993562795586
0.901392538098
0.988045191802
0.908906988965
0.827167630058
0.918838675775
0.899316868103
0.864345769837
0.972753547031
0.985338938518
0.99203888597
0.88281660536
0.963110877562
0.917078297425
0.948370993169
0.838938518129
0.925722543353
