0.973200210194
0.993930635838
0.922832369942
0.895822385707
0.983709931687
0.929821334735
0.933920126117
0.954019968471
0.955254860746
0.898554913295
0.933158171308
0.981949553337
0.878717813978
0.948554913295
0.97267472412
0.891539674199
0.885654230163
0.919285338939
0.882291119285
0.94802942722
0.934287966369
0.977719390436
0.921071991592
0.966211245402
0.964976353127
0.88063583815
0.981949553337
0.990173410405
0.957777193904
0.907882291119
0.984944823962
0.957225433526
0.950551760378
0.976720966894
0.815817130846
0.937834997373
0.888124014714
0.928034682081
0.932658959538
0.941513399895
0.893300052549
0.968260641093
0.852627430373
0.921387283237
0.892669469259
0.826799789806
0.925065685759
0.953021544929
0.903914871256
0.950788229112
0.949264319496
0.969206516027
0.981424067262
0.860535995796
0.985417761429
0.954781923279
0.913820283762
0.864897530215
0.965922228061
0.923830793484
0.873725696269
0.942511823437
0.978954282712
0.959984235418
0.975959012086
0.970966894377
0.968681029953
0.955254860746
0.931502890173
0.84337887546
0.880478192328
0.988938518129
0.985417761429
0.88901734104
0.885417761429
0.970677877036
0.940042038886
0.973200210194
0.977430373095
0.982711508145
0.901418812401
0.847503941146
0.954256437204
0.988938518129
0.928586442459
0.978954282712
0.906857593274
0.874382553862
0.904808197583
0.891907514451
0.893772990016
0.976484498161
0.977719390436
0.987178139779
0.908407777194
0.982895428271
0.909274829217
0.950761954808
0.882658959538
0.900446663163
