0.969390436153
0.991802417236
0.862874408828
0.900394114556
0.996321597478
0.902154492906
0.918365738308
0.94253809774
0.93901734104
0.879742511823
0.9176037835
0.979689963216
0.853363110878
0.937782448765
0.958118759853
0.869259064635
0.857330530741
0.903074093537
0.896978455071
0.92866526537
0.897556489753
0.969390436153
0.873226484498
0.953993694167
0.930346820809
0.779532317394
0.967630057803
0.991040462428
0.943300052549
0.865344193379
0.987808723069
0.939358906989
0.936258539149
0.989805570152
0.762716763006
0.918917498686
0.872096689438
0.88394640042
0.944955333684
0.919206516027
0.898213347346
0.957698370993
0.826773515502
0.891276931161
0.862243825539
0.823751970573
0.910089332633
0.931844456122
0.92091434577
0.936022070415
0.932501313715
0.951996847084
0.966631634262
0.867656332107
0.974408828166
0.943300052549
0.883184445612
0.853704676826
0.954939569101
0.887624802943
0.822858644246
0.912086179716
0.988045191802
0.932947976879
0.982002101944
0.975407251708
0.951602732528
0.93725696269
0.93851812927
0.875223331582
0.872517078297
0.993562795586
0.982764056752
0.83964792433
0.886731476616
0.959353652128
0.875748817656
0.969390436153
0.990042038886
0.989805570152
0.825486074619
0.803547031004
0.928323699422
0.993562795586
0.900394114556
0.988045191802
0.909905412507
0.828638991067
0.917840252233
0.899316868103
0.868339464004
0.96739358907
0.982869153967
0.991040462428
0.885759327378
0.963110877562
0.916079873883
0.945480819758
0.852548607462
0.92619548082
