0.860523190605
0.973015768292
0.979939961734
0.932364584021
0.926636207693
0.957118822986
0.947321369664
0.912881836775
0.924872995975
0.912723494095
0.990750148446
0.982014910602
0.782994655935
0.932941875041
0.965286666227
0.890416969057
0.939770403114
0.894091838754
0.854964702778
0.915108530712
0.984439532889
0.943158276704
0.930616216929
0.991343933496
0.928689714323
0.95239823184
0.956251237052
0.926957841261
0.836521079369
0.950996239361
0.913953948671
0.989516395065
0.982542719536
0.929939961734
0.87175892327
0.98902157419
0.967292340173
0.967165336148
0.947037672363
0.96660618856
0.910945437752
0.931787293
0.928092630468
0.922210859669
0.916276307977
0.935630401795
0.92384046975
0.867285742561
0.884762815861
0.858283301445
0.853127267929
0.990670977106
0.984439532889
0.864382793429
0.980253348288
0.958675859339
0.929362670713
0.915065646236
0.980903213037
0.942580985683
0.917388005542
0.993171471927
0.974863099558
0.876835785446
0.985468760309
0.878861252227
0.974351784654
0.969392030085
0.790321303688
0.863343669592
0.976024279211
0.961347892063
0.98902157419
0.917958698951
0.914019924787
0.948169162763
0.848297816191
0.773312660817
0.971772118493
0.860229596886
0.90979085571
0.81153262519
0.910279078973
0.992696443887
0.913459127796
0.976690637989
0.858194233687
0.799897737019
0.964956785644
0.875539354754
0.992696443887
0.939925446988
0.910592465527
0.984192122452
0.979115260276
0.949323744804
0.995695058389
0.970858349278
0.905043874118
0.865553869499
