0.746320182094
0.920102922742
0.971646763871
0.958915022762
0.947253744145
0.910790393877
0.914702777595
0.889334960744
0.890324602494
0.89252820479
0.990751797849
0.935079501221
0.762515669328
0.958438345319
0.908893580524
0.926783004552
0.899745991951
0.934444481098
0.846816652372
0.893474962064
0.937459589629
0.938454179587
0.957603747443
0.989206307317
0.953951969387
0.960288975391
0.96694596556
0.953951969387
0.875908821007
0.916998746454
0.891611136768
0.989913901168
0.973856963779
0.956534934354
0.81750016494
0.982483341031
0.885204855842
0.947253744145
0.927010622155
0.893474962064
0.919416771129
0.958438345319
0.954631523389
0.94346176684
0.920226627961
0.865055749819
0.950145147457
0.877050207825
0.877977172264
0.912192386356
0.858939763806
0.984759517055
0.936982912186
0.918582173253
0.977996965099
0.968849376526
0.956534934354
0.921305337468
0.927277825427
0.938454179587
0.928457148512
0.993653097579
0.922006333707
0.867140595105
0.968953288909
0.869350795012
0.969370587847
0.929938312331
0.86541861846
0.838955598073
0.958867190077
0.910757405819
0.982483341031
0.937111565613
0.938975390908
0.925044533879
0.852589562578
0.780896615425
0.953951969387
0.910790393877
0.919893448572
0.838375008247
0.885260935541
0.988833542258
0.889334960744
0.926453123969
0.850313386554
0.880395196939
0.867879527611
0.902164016626
0.988833542258
0.912238569638
0.893474962064
0.976133139803
0.928356534934
0.925044533879
0.996625321634
0.876505904862
0.910790393877
0.919845615887
