0.860523190605
0.973226891865
0.980573332454
0.938599327044
0.921902421323
0.957577356997
0.947750214422
0.919116579798
0.920139209606
0.913370060038
0.99096127202
0.982014910602
0.789229398958
0.939176618064
0.965708913373
0.897291680412
0.939988124299
0.900755426536
0.856676783005
0.921554397308
0.984439532889
0.943834531899
0.936850959952
0.991555057069
0.93513558092
0.953249323745
0.956468958237
0.933403707858
0.849511776737
0.951213960546
0.920399815267
0.989938642212
0.982753843109
0.936174704757
0.878211387478
0.989232697763
0.967292340173
0.967165336148
0.918625057729
0.966817312133
0.917638714785
0.938022036023
0.934327373491
0.928656726265
0.921290492842
0.936758593389
0.930286336346
0.845949066438
0.891215280069
0.870963911064
0.865596753975
0.991093224253
0.984439532889
0.876852279475
0.980527149172
0.958893580524
0.935597413736
0.921300389259
0.979682654879
0.943257240879
0.923622748565
0.993171471927
0.975074223131
0.8837104968
0.985468760309
0.885313716435
0.974625585538
0.969603153658
0.80923665633
0.87025466781
0.976482813222
0.961621692947
0.989232697763
0.924615689121
0.920528468694
0.920472388995
0.86097842581
0.792016889886
0.972441776077
0.872699082932
0.916484132744
0.796305337468
0.916936069143
0.992696443887
0.919693870819
0.976690637989
0.859695190341
0.818601966088
0.964956785644
0.866797519298
0.992696443887
0.912017549647
0.916889885861
0.984614369598
0.979115260276
0.921626971036
0.995695058389
0.970858349278
0.911737151151
0.878023355545
