0.687401860526
0.702381737811
0.398066899782
0.964099096127
0.965103582503
0.933707197994
0.889344857162
0.845747839282
0.869472850828
0.676281586066
0.798093290229
0.898779441842
0.664016625981
0.964099096127
0.898779441842
0.954664511447
0.889344857162
0.954664511447
0.839080952695
0.868387543709
0.898779441842
0.945229926767
0.945873193904
0.798093290229
0.964099096127
0.592261001517
0.98505640958
0.769904994392
0.884446130501
0.889344857162
0.653120670317
0.558352576367
0.99449099426
0.954664511447
0.763241406611
0.798093290229
0.851616414858
0.946234413142
0.785221349871
0.858952959029
0.924272613314
0.924272613314
0.945196938708
0.924272613314
0.891073431418
0.87710958633
0.964099096127
0.745394867058
0.849518374348
0.924272613314
0.837995645576
0.602747905258
0.880553539619
0.933707197994
0.98505640958
0.975621824899
0.965151415188
0.944144619648
0.845708253612
0.954664511447
0.934710034967
0.98505640958
0.858952959029
0.468361153263
0.95566734842
0.858952959029
0.788658705549
0.701627960678
0.70691759583
0.819126476216
0.945229926767
0.889344857162
0.798093290229
0.933707197994
0.758266807416
0.745394867058
0.837995645576
0.777211849311
0.945229926767
0.933707197994
0.933707197994
0.712914824833
0.632163356865
0.99449099426
0.868387543709
0.889344857162
0.837995645576
0.893880715181
0.784198720063
0.924272613314
0.98505640958
0.804090519232
0.849518374348
0.964099096127
0.898779441842
0.607692815201
0.936438609223
0.763241406611
0.924272613314
0.924272613314
