0.858448241736
0.973296166788
0.983799564558
0.933519166062
0.91859701788
0.957610345055
0.949099426008
0.914527940885
0.918301774758
0.914501550439
0.990539024873
0.981008774824
0.784640760045
0.934096457083
0.968351256845
0.894144619648
0.940261925183
0.89653295507
0.850834597876
0.918041169097
0.984931054958
0.943158276704
0.931770798971
0.991132809923
0.931130830639
0.956257834664
0.954753579204
0.929398957577
0.838892920763
0.95148776143
0.916886587055
0.992089463614
0.98382925381
0.929596885927
0.873896549449
0.990308108465
0.966500626773
0.969431615755
0.939701128192
0.968875766972
0.912100019793
0.932941875041
0.926251896813
0.924651975985
0.915659431286
0.937131358448
0.92328627037
0.862726792901
0.886408919971
0.860381341954
0.855927954081
0.993244045655
0.984931054958
0.866691957511
0.981602559873
0.958675859339
0.929019594907
0.913162235271
0.98268126938
0.942580985683
0.913986936729
0.990176156231
0.976641155902
0.881054958105
0.982410767302
0.880507356337
0.975700996239
0.972944843966
0.795071584087
0.864989773702
0.976024279211
0.963188625717
0.990308108465
0.921686349541
0.916523718414
0.94233027644
0.852385036617
0.777759451079
0.973058652768
0.862538760969
0.910945437752
0.808002902949
0.914498251633
0.992696443887
0.915105231906
0.97568450221
0.850026390447
0.803361483143
0.965939829782
0.869568516197
0.992696443887
0.931302368543
0.912301246949
0.986765191001
0.979606782345
0.943484858481
0.995695058389
0.971841393416
0.906198456159
0.867863033582
