0.771181632249
0.974467242858
0.973695322293
0.969189153526
0.958717094412
0.95636339645
0.937174242924
0.954318136834
0.947618262189
0.905472718876
0.987292999934
0.982308504321
0.851124892789
0.969189153526
0.982308504321
0.924054892129
0.95636339645
0.924054892129
0.921673154318
0.95636339645
0.982308504321
0.922009632513
0.967886125223
0.987292999934
0.969189153526
0.934317477073
0.969189153526
0.965477996965
0.911542521607
0.937174242924
0.944431615755
0.975361219239
0.995134261397
0.96714389391
0.917592531504
0.987292999934
0.967552945834
0.967745925975
0.921161839414
0.967437487629
0.941198786039
0.965098634294
0.963056673484
0.959302632447
0.947634756218
0.926443227552
0.969189153526
0.884043676189
0.909183875437
0.941941017352
0.93041828858
0.979451738471
0.981005476018
0.943244045655
0.991423104836
0.947954740384
0.96714389391
0.958270106222
0.971673154318
0.924054892129
0.956224846606
0.993089001781
0.972421983242
0.899676717028
0.98012469486
0.911229135053
0.983581843373
0.969791185591
0.909457676321
0.883238767566
0.965098634294
0.97859734776
0.987292999934
0.961347892063
0.957636735502
0.911275318335
0.93041828858
0.891647423633
0.965098634294
0.943244045655
0.943244045655
0.865520881441
0.938635613908
0.995134261397
0.95636339645
0.980263244705
0.93041828858
0.915253678169
0.965392228013
0.941198786039
0.993089001781
0.925252358646
0.950606980273
0.987292999934
0.982308504321
0.917411097183
0.989740713862
0.965392228013
0.941198786039
0.941198786039
