0.799676717028
0.973015768292
0.979939961734
0.933519166062
0.916822260342
0.957118822986
0.947321369664
0.914036418816
0.915059048624
0.912723494095
0.990750148446
0.982014910602
0.807438807152
0.934096457083
0.965286666227
0.891571551099
0.939770403114
0.895246420796
0.846305337468
0.916263112753
0.984439532889
0.943158276704
0.931770798971
0.991343933496
0.929844296365
0.95239823184
0.956251237052
0.928112423303
0.838797255394
0.950996239361
0.915108530712
0.989516395065
0.982542719536
0.931094543775
0.872913505311
0.98902157419
0.967292340173
0.967165336148
0.939912251765
0.96660618856
0.912100019793
0.932941875041
0.929247212509
0.92336544171
0.917645312397
0.935630401795
0.924995051791
0.861248927888
0.885917397902
0.860592465527
0.855436432012
0.990670977106
0.984439532889
0.866691957511
0.98022036023
0.958675859339
0.930517252755
0.916434650656
0.980903213037
0.942580985683
0.918757009962
0.993171471927
0.974863099558
0.877990367487
0.985683182688
0.880015834268
0.974318796596
0.969392030085
0.793785049812
0.864498251633
0.976024279211
0.961314904005
0.98902157419
0.919113280992
0.91514151877
0.941043742165
0.850606980273
0.776776406941
0.971772118493
0.862538760969
0.910945437752
0.806716368675
0.911433661015
0.992696443887
0.914613709837
0.976690637989
0.849534868378
0.803361483143
0.964956785644
0.869568516197
0.992696443887
0.93280002639
0.91171405951
0.984192122452
0.979115260276
0.942198324207
0.995695058389
0.970858349278
0.906198456159
0.867863033582
