0.999157515447
0.999344915396
0.977134494401
0.998972045398
0.999478194958
0.998332150438
0.998119611877
0.99864555955
0.99262586858
0.998046225764
0.997273716725
0.999773868954
0.799168362816
0.997943109209
0.799375327958
0.997965253148
0.990023714479
0.998529665725
0.965991318112
0.998659551325
0.99493214904
0.995187012305
0.998351482712
0.998165630011
0.998915462725
0.799824429007
0.998943329816
0.998563655257
0.996501041314
0.999780457233
0.996192240671
0.999437384227
0.599720597058
0.998046541869
0.999419565926
0.994753466916
0.999011758082
0.799187362349
0.994507571031
0.997515020778
0.9981945286
0.998764265039
0.998273321761
0.995090467392
0.991918294022
0.999253727619
0.996280167582
0.999315850435
0.994454166039
0.998276283159
0.992637747447
0.99986943228
0.998210882839
0.999311291878
0.9991771971
0.99815473273
0.997684136588
0.995088171476
0.990962045188
0.999033669103
0.998654510293
0.998844505624
0.798606745267
0.9932967584
0.79538153292
0.997122951602
0.997514238836
0.999215495633
0.798153751143
0.999331372821
0.999180308232
0.998196708056
0.996425941583
0.996807479494
0.999700848857
0.798424685817
0.998587412992
0.998744783031
0.994218485315
0.998319839006
0.998770936504
0.991492202039
0.998115618981
0.999105474694
0.999349856605
0.799881444244
0.99919717822
0.993431851403
0.799235709672
0.999289414132
0.990687450359
0.999693095982
0.599577002513
0.996437105057
0.996433328442
0.999934350124
0.998896463192
0.998080098838
0.998126433076
0.999889047385
