0.431204104565
0.658108258741
0.678707196564
0.725245288632
0.818657641389
0.430669455705
0.799360637426
0.801750169781
0.769616701887
0.629403607649
0.712972305602
0.981930928212
0.54746857008
0.488061688257
0.712581983318
0.515456386422
0.821994970947
0.604285376316
0.627497115964
0.737611638894
0.768458728589
0.915700019665
0.792917100478
0.932930450063
0.895977555928
0.726118202385
0.814462804005
0.708134977874
0.484144823027
0.916402120627
0.756911088507
0.614794796723
0.511727936002
0.68468762405
0.58892330544
0.641848002404
0.70440082094
0.444695270447
0.71789285195
0.388647928668
0.5009734682
0.426747150153
0.611027814851
0.761671186958
0.708175405953
0.786250044504
0.933603785532
0.680140047522
0.896999820652
0.827975548166
0.483460806558
0.685178733699
0.595033285785
0.41222972665
0.70938413895
0.736616309585
0.430210588696
0.665317932731
0.865735523171
0.606249166067
0.884405875281
0.920264033618
0.658789347085
0.504912277725
0.488959324695
0.630784151661
0.578513840544
0.457980752242
0.472403544095
0.818125388268
0.881406244957
0.552046675631
0.722580163223
0.862120970127
0.96394708813
0.504280551565
0.794433569347
0.717332615277
0.492713579209
0.77286362561
0.736611501472
0.739787534643
0.721152852409
0.745834710051
0.884062985283
0.688506197475
0.746655666236
0.246050459566
0.382068400316
0.824974902981
0.303655679879
0.64532947553
0.568625315564
0.396055517235
0.772254775421
0.933433305483
0.756482051763
0.444798586648
0.676850915555
0.782271056457
