0.861787729629
0.929015714377
0.758650311097
0.798092410269
0.932518017114
0.794391860214
0.844538665714
0.854767152569
0.772912305675
0.798117132954
0.85369138303
0.999808756888
0.665535994799
0.783973694131
0.732620518098
0.921074009337
0.727204902478
0.865349393429
0.68177425693
0.858228544752
0.773812221391
0.780852347008
0.850668577268
0.854551685884
0.798219999953
0.799796778198
0.854972886568
0.858505252489
0.84334523882
0.999732176458
0.772393778135
0.932497503608
0.599692180943
0.727357065114
0.932582668766
0.693769284443
0.932043062059
0.722118401364
0.840527401752
0.782886711207
0.861427087877
0.858151914411
0.851193809546
0.772062767004
0.695166482162
0.865542965731
0.918957291645
0.932617473515
0.773722048476
0.844424385685
0.846716541273
0.999838653702
0.787641885086
0.932548679233
0.928819995894
0.78343967748
0.719791341204
0.774130754721
0.604162927485
0.895298430758
0.861664116204
0.921340485277
0.725503961785
0.817075489371
0.577421517121
0.713180751443
0.850008052342
0.865208926653
0.651346853947
0.929026245642
0.865584774686
0.720158404864
0.853907714842
0.775996335852
0.999577801092
0.654684399786
0.858033025914
0.861882577561
0.702657139615
0.783985439902
0.794655025377
0.631115046333
0.784244695354
0.928843537347
0.932548629322
0.79985785288
0.861806762436
0.783553491672
0.722190373326
0.9290351132
0.694300921993
0.932735763077
0.532666136942
0.7090625444
0.918999932453
0.999890528084
0.858191560547
0.850430034968
0.783853857321
0.999850283013
