0.999214081482
0.999354148969
0.993326239287
0.999000394964
0.999506078686
0.998397966684
0.998158842087
0.998605497487
0.992622674262
0.998282205956
0.997754428206
0.999760193283
0.799239802392
0.997924176224
0.799411596769
0.998454482808
0.995531582648
0.998701410191
0.913418095874
0.998671180636
0.984188894623
0.984491639374
0.998296364102
0.99878288192
0.998944477774
0.799837289462
0.998952713123
0.998905413935
0.997926472139
0.999803549485
0.996623673152
0.999445436568
0.599718700432
0.998164299045
0.999455069431
0.995642917916
0.999048060168
0.799146801174
0.983044663544
0.997519279868
0.998359568328
0.998841128299
0.998288345034
0.997074204989
0.99637759426
0.999265406841
0.985506866618
0.999386458158
0.984513450571
0.998160006681
0.992783820916
0.999833862226
0.998196075848
0.999357143641
0.99919746105
0.998072379237
0.997754644487
0.984429799387
0.994532260442
0.999076076992
0.998699596751
0.998742021277
0.798964059605
0.993338950008
0.784646597037
0.997061860284
0.997584047979
0.999229404223
0.798208137723
0.999337611722
0.999249368706
0.998371863122
0.998309590572
0.99752102676
0.999693046071
0.798382760403
0.998660349904
0.998843723682
0.98399414109
0.998269079308
0.998806922485
0.991527406078
0.998339537296
0.99916067649
0.999369521621
0.799916448638
0.999244959883
0.993484956928
0.799187179341
0.999318345996
0.995762921097
0.999658790345
0.599565173556
0.997133033666
0.985672006168
0.99991694775
0.998870376267
0.998031851336
0.998009041914
0.999869748384
