0.999189957732
0.99935709373
0.988869584343
0.998979631902
0.999498458908
0.998351416164
0.998274336622
0.998631717508
0.995303538339
0.998220083139
0.997543237248
0.999764851662
0.799210155134
0.997990524856
0.799393894928
0.998080814231
0.993539959079
0.998613949118
0.972317181068
0.998653828173
0.993722401182
0.993909851042
0.998299874523
0.998451887426
0.998946041659
0.799816443214
0.999000162045
0.998850544881
0.997359247898
0.999801952327
0.996270268526
0.999455718277
0.599751774926
0.998161071454
0.999435537512
0.995009278494
0.999042403564
0.799174751451
0.993525717748
0.997554816648
0.998274885645
0.998825788922
0.998303933968
0.996568937194
0.995671151022
0.999250366931
0.995021207272
0.999401298423
0.993583148911
0.998252558698
0.99535854049
0.999849201604
0.998232843771
0.999352984374
0.999171773415
0.998105021167
0.99774180067
0.993994783281
0.993254600066
0.999031705928
0.998648254755
0.998775029223
0.798909772847
0.995955195707
0.794140108081
0.997226667093
0.997668697387
0.999228272903
0.798297561971
0.999349191122
0.999195381416
0.998346075665
0.997782029104
0.997101423235
0.999717153184
0.798431507016
0.998592004823
0.998813527401
0.993200296672
0.998300207265
0.998786608623
0.994135433065
0.998283719929
0.999153189809
0.999347527415
0.799891792501
0.999182936889
0.99608216982
0.799218373846
0.999294188971
0.995445419266
0.999697987281
0.599575405354
0.996994347057
0.995183784714
0.999937111878
0.998852325047
0.998029455598
0.998055925176
0.999892108605
