0.958493124066
0.98356706752
0.586323946366
0.999001376551
0.999572344133
0.869105311651
0.956796924937
0.996269486583
0.954534233598
0.739945586801
0.734051256149
0.999812367132
0.799113759954
0.997820793475
0.781824434331
0.863943178419
0.805181548692
0.855037039107
0.814467894948
0.86802688018
0.970451566663
0.994897410839
0.86946959692
0.846603642121
0.981296540122
0.79969725525
0.99911287819
0.863789651543
0.763059616941
0.999495131494
0.822538870017
0.999426154205
0.599701298057
0.980989469733
0.999071385339
0.667990811014
0.998993124565
0.797735179116
0.956470805104
0.82812596391
0.8665939294
0.998634861914
0.867735248992
0.671178207303
0.78561148051
0.981658230009
0.997395050871
0.999542181126
0.854237927394
0.99733221266
0.825146015239
0.999847970461
0.998432954441
0.940106916462
0.999071751354
0.95794652979
0.900716242471
0.956155732286
0.699879048506
0.983227338565
0.982758472677
0.999161940907
0.663936407132
0.954974916291
0.796051208234
0.993232572587
0.739892747469
0.998978018106
0.75694496158
0.998868878931
0.98149410532
0.824294912684
0.807414908877
0.818133340787
0.999902490137
0.797947335024
0.997041463237
0.863112489548
0.732053310494
0.996905837848
0.998755464029
0.949652751089
0.861102382195
0.869806763767
0.999209306643
0.799641737349
0.997707411848
0.954908185006
0.79777983301
0.996656880742
0.717617475178
0.999644049902
0.599524096632
0.773590482532
0.997342411184
0.999786612949
0.998488006503
0.869185236132
0.998063178938
0.999827856244
