0.997249975627
0.999157398987
0.78489312513
0.999313987084
0.999761357878
0.998384357561
0.997372341272
0.997539926471
0.829259597177
0.900083534725
0.937404524018
0.999902706419
0.797666800761
0.997160468194
0.799378921565
0.968642684664
0.82866583681
0.930884140447
0.850528526418
0.997347186023
0.995834310761
0.995439246913
0.998869760696
0.929381946184
0.999072882675
0.799848286565
0.999322471989
0.972194332948
0.827630894638
0.999902673144
0.966186753765
0.999620009337
0.599849234878
0.9980815629
0.998906678353
0.936108562867
0.999086691443
0.799328045407
0.99649260632
0.997947617855
0.928993171149
0.998163899756
0.98503743507
0.939749984777
0.831519526762
0.999231034656
0.997667632615
0.999381633408
0.983458543917
0.998955807618
0.815381286691
0.999923902045
0.998797206436
0.931996910829
0.999367758092
0.996630510988
0.993764609426
0.995410531331
0.923868637694
0.999023869869
0.997717627008
0.999486879508
0.772305651579
0.829657422778
0.793881834217
0.963694404321
0.832740338272
0.998414653664
0.797173694664
0.997903013872
0.999185099708
0.967053079239
0.985744394056
0.967991543045
0.99988112814
0.798871973426
0.998121109213
0.971746263397
0.965550884976
0.998106219036
0.999307615086
0.826240135466
0.955008406711
0.803323670523
0.999633984475
0.799934583043
0.999342569569
0.829704888337
0.799342153642
0.968639773177
0.826876403545
0.999788243382
0.599427867823
0.951831658147
0.997656086489
0.999961235628
0.997480149481
0.998614514778
0.997431569238
0.999898430692
