0.687075788559
0.77275934775
0.670046937413
0.68937815874
0.697231434293
0.640305781884
0.780093451012
0.838113603374
0.689991629671
0.706431379197
0.603458323179
0.67043896547
0.591462264651
0.63914876935
0.779507527998
0.721280766256
0.75844078787
0.738126317797
0.66026212903
0.596407115839
0.796731333637
0.802498384209
0.674112374313
0.655440183935
0.742395185472
0.599325076022
0.547352751083
0.433465422066
0.860671109651
0.573617571333
0.533659317024
0.612676280184
0.636890899651
0.64064165457
0.825316536167
0.756190334919
0.734204977697
0.586832095443
0.789117513059
0.805931278541
0.3880378466
0.795541475509
0.610203324822
0.644287515496
0.919719011242
0.735954270457
0.622353015967
0.557610112205
0.671148854113
0.762500927093
0.571910659985
0.600277598245
0.73414352465
0.681889363325
0.650409510389
0.796268316716
0.802856507136
0.545948866827
0.703709433043
0.647549824647
0.705298735974
0.742451340842
0.651300579566
0.42792193344
0.745983831492
0.420292219832
0.460988970238
0.800290312669
0.71259151736
0.695593392738
0.911430266685
0.536427882731
0.675735582374
0.751721215075
0.574054099872
0.580657123786
0.795818014219
0.698188194658
0.846592004747
0.543921975821
0.603156355622
0.66186308685
0.614464775749
0.736542312542
0.718714571789
0.572530488128
0.576541888728
0.553218338437
0.68095061506
0.631981013128
0.849229188078
0.70828132781
0.620415125926
0.587456161727
0.811936724553
0.622257657791
0.882658585944
0.781214439347
0.442080503491
0.536400334813
