0.740286710249
0.729339591655
0.72790392134
0.721456649114
0.710045454064
0.753330649177
0.673099458577
0.779957830496
0.751993515644
0.733818247317
0.612650851337
0.663880442038
0.597532342315
0.655037560526
0.739097911656
0.740651190388
0.877990273466
0.513388287897
0.68617836217
0.581589514839
0.793340820716
0.78540278234
0.662958646338
0.625737171677
0.67064133671
0.560694419428
0.685764083873
0.550775050063
0.815050698764
0.656122524661
0.676115955542
0.664504508323
0.670129581166
0.646982973268
0.797552473485
0.78181413632
0.720934298217
0.654307540713
0.730232779903
0.803884256365
0.519303673409
0.845151036755
0.530585605154
0.757811423909
0.845387313124
0.740122482279
0.640961634227
0.682656466874
0.714533645543
0.819196660345
0.599672603596
0.683323974105
0.700900604995
0.717676227207
0.595351818692
0.675886036384
0.658790434515
0.598119324864
0.650304616395
0.643311683496
0.70944151895
0.820136468145
0.647701338193
0.630588783759
0.669983365296
0.557295430224
0.520941714964
0.807540712643
0.737501191977
0.672903444549
0.863674892192
0.649995232091
0.635588730783
0.801180322311
0.677240122482
0.681551371568
0.709292124474
0.7445068393
0.864416566894
0.566553649569
0.591815089902
0.686769582861
0.631574151577
0.733417742978
0.704181985781
0.614852565665
0.543519352412
0.630876977358
0.596543795891
0.674650618239
0.728681620241
0.759181403037
0.678202180524
0.6782254903
0.784241531664
0.680643349827
0.926722539494
0.766104406607
0.47145294074
0.603251713798
