0.775229124506
0.945637363452
0.682086436889
0.620657759507
0.799176741081
0.812071285534
0.86445788877
0.923015225522
0.841970311821
0.751656583423
0.795895360295
0.7088905606
0.870224939342
0.811726936566
0.926219260232
0.948209915131
0.872765704962
0.694339962492
0.789084667465
0.814493383202
0.870027865778
0.880883864337
0.718823703923
0.840117184603
0.994720335661
0.726828493023
0.763435437217
0.732057299668
0.990309490258
0.868829531368
0.880897638296
0.812649791801
0.635546349371
0.726442822178
0.906983397082
0.556694673716
0.969490681387
0.514409679914
0.832526673801
0.956261323783
0.752526461894
0.976664794821
0.787268623982
0.495498034562
0.908049289582
0.839413653172
0.707699642937
0.70193153283
0.847038069103
0.915101556457
0.733823544993
0.589961962683
0.854377470042
0.81266356576
0.636204320785
0.895541475509
0.913351204162
0.739352200125
0.804715991566
0.636264714296
0.792601265085
0.628862800776
0.763239423189
0.732054121063
0.913065129634
0.527017090304
0.661446689482
0.575656117227
0.76642756487
0.664817071233
0.904614276178
0.700023309776
0.888191479217
0.846783780634
0.619003824922
0.687828058613
0.86460622371
0.762659857387
0.734172132103
0.837428084042
0.745029190197
0.826201248133
0.650991195262
0.738502452824
0.833325563408
0.740595035018
0.724937222534
0.831089943951
0.819578093048
0.975647640945
0.651784787192
0.910480923067
0.630902406205
0.809611044596
0.878118477236
0.822613661648
0.877583411916
0.926102711351
0.642464055265
0.884418474057
