0.928189995868
0.820979858234
0.927287271803
0.617955944523
0.814248630551
0.868728875515
0.782015448024
0.860944469756
0.814447823185
0.887142539282
0.642919655439
0.790082749706
0.808080016105
0.930927835052
0.795183352582
0.931453364554
0.917804430977
0.629265424185
0.748999268921
0.733401849949
0.952112183596
0.920648223689
0.843051037815
0.793182949958
0.914404382238
0.764585033005
0.661900170585
0.388563376103
0.94993483858
0.927129401045
0.918495247984
0.711129358663
0.807058624087
0.799760545025
0.902442228838
0.900381432704
0.975726046556
0.638478083513
0.86206333902
0.8435670315
0.713005795658
0.930400186478
0.652337864613
0.892829065172
0.924287727403
0.937336964008
0.677444612793
0.640889585828
0.801606255496
0.891745160573
0.685415496763
0.650554666723
0.942541401341
0.958240535701
0.704658776661
0.935595087994
0.907971943506
0.902792935019
0.788298492281
0.79387058836
0.771626704527
0.789442790392
0.801392229368
0.799397124421
0.793019781524
0.57067736091
0.757106832943
0.75488604698
0.853618842776
0.952195886884
0.975367923629
0.772762526356
0.775303291976
0.920387578008
0.798922452612
0.686143397506
0.751672476452
0.745007999491
0.935266632055
0.873768025344
0.779951473284
0.80474883716
0.728503618313
0.967105667454
0.64500376135
0.631745796294
0.724977484875
0.805037030758
0.807272650216
0.935311132537
0.855570506776
0.91516830718
0.933584090018
0.912140155328
0.846469098653
0.829317341414
0.956315360083
0.898780474884
0.592146724447
0.632046704315
