0.926482024984
0.716299890868
0.788605757515
0.740444581007
0.820789141882
0.913948782064
0.963878322968
0.966006929361
0.844811985463
0.802298132039
0.820998929869
0.959356226359
0.920748879541
0.756234835401
0.910574162172
0.941086659391
0.952765916869
0.816561596084
0.844864962228
0.857238215319
0.956502897829
0.803143641199
0.784935527278
0.910595352878
0.977679829627
0.887269683517
0.839404117354
0.872279378265
0.960714550598
0.841620665176
0.873100518113
0.951355675401
0.615950244223
0.873675845774
0.904374821203
0.737331666331
0.940553713141
0.738794884564
0.728732477935
0.920015681122
0.91474343353
0.939242008455
0.912189953486
0.548266070501
0.86998018669
0.888083406618
0.683864337102
0.847586908382
0.80559434632
0.785844608555
0.861179686589
0.855662686346
0.749521619818
0.950487916
0.879126095295
0.861370402941
0.88034350134
0.902020533794
0.605593286784
0.552325150189
0.927329653214
0.700715186319
0.806464224791
0.95210900499
0.953806380522
0.731526472489
0.930024051451
0.746356787913
0.928000339051
0.797652069802
0.89850923385
0.820958667528
0.98111484303
0.947680147487
0.548092306714
0.757019951049
0.832796855299
0.925635456289
0.868921710938
0.828369057331
0.786939108507
0.877084370795
0.839154067026
0.758473633464
0.914722242824
0.8593244403
0.815289094203
0.904377999809
0.81200029667
0.929864061623
0.593090770388
0.965709199945
0.713827995041
0.926569966413
0.885178160859
0.916967398099
0.981178415147
0.960432714212
0.773423676376
0.93777031394
