0.824064165457
0.810085716405
0.509252921669
0.762516820123
0.711757663089
0.685792691326
0.575577711616
0.779210858118
0.770140176519
0.591379620898
0.789993748742
0.712400801009
0.730824000593
0.766667019845
0.751193566502
0.815970375393
0.740928788633
0.555114906602
0.571521810534
0.784888907725
0.756018690202
0.905898432947
0.505068816817
0.725295345461
0.880652885644
0.65740668143
0.663674892192
0.798188194658
0.892872506119
0.64868246787
0.859572371558
0.585832953667
0.478001928354
0.689114334453
0.957116368761
0.535775208993
0.881525942722
0.807469723779
0.69523103167
0.89608077897
0.599894046471
0.842455578983
0.705568917473
0.617253472627
0.869983365296
0.879849757896
0.852583676799
0.773603797374
0.649212235514
0.726188533709
0.596742988525
0.660688062216
0.84783907778
0.690373062375
0.594815693837
0.716701454742
0.945386253589
0.811071084222
0.720353672879
0.688528411439
0.559952744726
0.63795467308
0.445871520751
0.701896568165
0.742661128829
0.689714031426
0.491634968903
0.749886099957
0.909566544114
0.663645225204
0.882173318782
0.579179072059
0.84531420519
0.399287992287
0.817100899545
0.44761657537
0.865445375658
0.679874127208
0.806530975514
0.367937402655
0.620956548458
0.863296638095
0.493751920408
0.55205073055
0.919821786165
0.762956527267
0.590564838262
0.731615473453
0.862666214598
0.817767347241
0.875883917314
0.715723503671
0.585959038366
0.614662908848
0.896532141003
0.719709475424
0.788824021784
0.775839416832
0.524491158178
0.881782350261
