0.700593339761
0.711609328149
0.741586760047
0.654729235757
0.695514987127
0.713072546381
0.639144531209
0.799484006315
0.754648711075
0.780096629618
0.58150369248
0.677046227525
0.616832837118
0.614870577765
0.745937211939
0.712842627224
0.767280490777
0.445847151439
0.639116983291
0.59096322353
0.900473612274
0.77651222174
0.665568281752
0.640468950318
0.727754526865
0.501832996048
0.5772856825
0.570596836228
0.767589875081
0.633403969019
0.671043960119
0.742727879552
0.478873925896
0.62444347909
0.809785867918
0.782636335703
0.760546084487
0.572772062174
0.669056271919
0.791070236594
0.539687013276
0.748722730211
0.583657727721
0.561210413113
0.787334315169
0.753953655927
0.604262510463
0.650296140113
0.752112183596
0.730863203399
0.585784215043
0.597913775018
0.727913457158
0.738432523495
0.605856051536
0.745092762314
0.777262372723
0.605631430055
0.568148250177
0.520512603172
0.608057765864
0.721100645257
0.61292209237
0.578822008667
0.665631853869
0.508124516587
0.397149850076
0.794969326453
0.681750564203
0.630298471091
0.880027759825
0.62694822051
0.656425551753
0.881614943686
0.543189836938
0.635963806275
0.694708680773
0.72606244901
0.819181826851
0.642651593011
0.583902480372
0.666842902703
0.59766160562
0.614400144097
0.698448840339
0.574948347655
0.456676661616
0.645858806328
0.579725792268
0.710615484049
0.616938790646
0.802019474259
0.490841376972
0.67671671205
0.739687013276
0.662410866594
0.816945147858
0.798590818067
0.430067492398
0.586165647747
