0.745125607908
0.861873682203
0.762810311397
0.620492472002
0.897918013159
0.836290143143
0.854893463727
0.788526292368
0.962905669573
0.863602843793
0.726665324589
0.673022112501
0.855350123436
0.8525476526
0.920735105583
0.845419099183
0.814086521652
0.698618365985
0.65231137623
0.704224367193
0.894650406332
0.879486337292
0.703815386571
0.791117915682
0.858422775771
0.719315328297
0.740738072281
0.607518462402
0.965425244488
0.830154374291
0.625090855151
0.857800828557
0.747166272873
0.775332958964
0.755509053729
0.858613492122
0.957838971827
0.753326411036
0.875352030599
0.942810523304
0.660692300357
0.9465665759
0.844938070162
0.8227863659
0.877741282673
0.781205963065
0.512563969443
0.770434727329
0.731552960871
0.79882179676
0.670265201683
0.653669700469
0.980529979551
0.8396276793
0.37366101228
0.778669435586
0.83613121285
0.829060933874
0.791566099109
0.72746315466
0.775459043663
0.676147741601
0.855573685382
0.696070183617
0.843303207213
0.818146660875
0.608145707293
0.807803477395
0.788355707187
0.855006834003
0.820677890677
0.699509435162
0.663731047563
0.769574384675
0.913314120427
0.814545300431
0.735720113158
0.687677604603
0.907106303175
0.706809633295
0.680068022165
0.748210974667
0.660593763575
0.719709475424
0.884403640563
0.695514987127
0.869167523124
0.81794746824
0.969216261748
0.82878757377
0.765414649135
0.82370604253
0.740579141988
0.947485192994
0.798013371335
0.907264173933
0.821025418252
0.853350780348
0.819092825887
0.744698615187
