0.809766796283
0.778692745362
0.733258812685
0.7921032835
0.750140388426
0.722963308293
0.774339114864
0.860063995931
0.743876415804
0.818100041322
0.639682775135
0.773526451298
0.706488594103
0.656478528517
0.766805818968
0.842061431856
0.934870365858
0.614686218625
0.779527659169
0.676413684958
0.928887170087
0.824154225956
0.728582023924
0.751677774128
0.716457761626
0.601789555101
0.692547228785
0.640596094553
0.915503120331
0.754282111866
0.766695627298
0.720352613344
0.590951568642
0.708692427501
0.814864220553
0.77511575423
0.782173318782
0.604018817347
0.738833027834
0.870183617465
0.617225924709
0.857939627679
0.595823311895
0.669607230269
0.887038704824
0.813580063784
0.670132759772
0.710401457921
0.743654972929
0.865180491836
0.635795340164
0.695528761085
0.80484101673
0.849011983344
0.675359447346
0.828626524406
0.786861762431
0.638473845371
0.616967398099
0.60191352073
0.726931267946
0.787529269662
0.693158580647
0.703800553077
0.724659624289
0.676021656901
0.564177111919
0.850735847257
0.856181858637
0.779580635933
0.922257657791
0.670311821235
0.745570612729
0.921568959854
0.592212415635
0.697060849112
0.775691081891
0.777812271538
0.867988260349
0.667442599676
0.648170712326
0.758235238025
0.715196914633
0.777133109418
0.717333997309
0.636772231699
0.668114345048
0.708822750342
0.648345535648
0.738729193376
0.691621194944
0.805777645924
0.650919146862
0.796799143895
0.878070798148
0.81352920609
0.92343162289
0.790541528486
0.558682361916
0.673977813331
