0.849056603774
0.978875953432
0.898763548776
0.99350461662
0.834845443597
0.958057005219
0.835519871538
0.92330790847
0.895728623043
0.953713368125
0.958402248093
0.959462063428
0.980762745885
0.869530309113
0.928165395424
0.845652348454
0.90267362505
0.986150140506
0.892075471698
0.876403050984
0.909827378563
0.894612605379
0.786294660779
0.991160176636
0.86964271377
0.850044158972
0.919863508631
0.939855479727
0.91536732236
0.892942593336
0.905628261742
0.885082296267
0.838988358089
0.957904456042
0.990758731433
0.871047771979
0.959028502609
0.912171818547
0.902095543958
0.922585307106
0.953946206343
0.911296668005
0.866848655159
0.973408269771
0.915953432356
0.811979124849
0.92259333601
0.922585307106
0.917816138097
0.912637494982
0.89532717784
0.842858289843
0.924472099558
0.898964271377
0.901734243276
0.793046969089
0.846969088719
0.906342834203
0.84675230831
0.971103974308
0.936756322762
0.91388197511
0.904191087916
0.899791248495
0.91388197511
0.948293857888
0.913159373745
0.935849056604
0.926977117623
0.971842633481
0.927001204336
0.905283018868
0.965210758731
0.924150943396
0.889883580891
0.893617021277
0.973103171417
0.933135287033
0.976940987555
0.929193095143
0.864809313529
0.911513448414
0.927667603372
0.920586109996
0.872765957447
0.983588920112
0.966840626255
0.915471698113
0.958057005219
0.901967081493
0.956411079888
0.981180248896
0.98445604175
0.868815736652
0.972444801285
0.878265756724
0.843942191891
0.984022480931
0.872886391008
0.916924929747
