0.86114813328
0.972163789643
0.899116820554
0.994419911682
0.853006824568
0.960835006022
0.842456844641
0.924640706544
0.914371738258
0.947892412686
0.959012444801
0.958747490967
0.982207948615
0.872187876355
0.938265756724
0.847996788438
0.907466880771
0.981686069851
0.885234845444
0.881268566841
0.905941389
0.901389000401
0.79350461662
0.99087113609
0.860698514653
0.862456844641
0.931858691289
0.933127258129
0.915335206744
0.895086310719
0.911320754717
0.883155359293
0.842328382176
0.950036130068
0.985106382979
0.865539943798
0.959510236853
0.912589321558
0.899751103974
0.924367723806
0.954195102369
0.906688077077
0.866591730229
0.976105981534
0.90912886391
0.824191087916
0.932476916901
0.924367723806
0.925274989964
0.910822962666
0.896274588519
0.84441589723
0.916547571257
0.881959052589
0.906358892011
0.813970293055
0.85328783621
0.912645523886
0.859534323565
0.955720594139
0.929883580891
0.91354476114
0.912412685668
0.90441589723
0.91354476114
0.952773986351
0.910172621437
0.941581694099
0.932918506624
0.964696908872
0.938289843436
0.920032115616
0.964656764352
0.935600160578
0.88437575271
0.901790445604
0.97112806102
0.922248093135
0.975126455239
0.937655560016
0.869594540345
0.915054195102
0.938482537134
0.921774387796
0.878466479326
0.977197912485
0.967627458852
0.9170293055
0.960835006022
0.901196306704
0.944351665998
0.977005218788
0.982641509434
0.875800883179
0.972878362104
0.878779606584
0.847041348856
0.981613809715
0.888992372541
0.919413890004
