0.806760337214
0.650469690887
0.510092332397
0.508101164191
0.573994379767
0.510782818145
0.657446808511
0.95053392212
0.660160578081
0.599173022882
0.796684062625
0.69324769169
0.772027298274
0.664809313529
0.934588518667
0.793295865114
0.746993175432
0.938482537134
0.326928944199
0.634195102369
0.789289441991
0.549554395825
0.520200722601
0.817165796869
0.519582496989
0.666326776395
0.498739462063
0.66764351666
0.346166198314
0.592677639502
0.874018466479
0.7746527499
0.854492171819
0.758691288639
0.80704937776
0.625315134484
0.619341629868
0.944825371337
0.799558410277
0.816531513448
0.565708550783
0.454837414693
0.741172219992
0.64993978322
0.64114813328
0.654957848254
0.675407466881
0.816531513448
0.424592533119
0.789289441991
0.487691690084
0.91914893617
0.685580088318
0.777157767965
0.644319550381
0.671561621839
0.568598956242
0.682689682858
0.591898835809
0.944191087916
0.514749096748
0.95053392212
0.600032115616
0.644407868326
0.95053392212
0.786407065436
0.794997992774
0.641694098756
0.914106784424
0.777727820153
0.781951023685
0.832838217583
0.847828181453
0.892782015255
0.46764351666
0.730517864312
0.882858289843
0.775953432356
0.591818546768
0.948406262545
0.702577278202
0.590172621437
0.631120032116
0.66997992774
0.591698113208
0.603340024087
0.493681252509
0.432388598956
0.657968687274
0.628374146929
0.769899638699
0.642360497792
0.944191087916
0.5128703332
0.93732637495
0.532187876355
0.781244480128
0.82683259735
0.613376154155
0.794339622642
