0.848157366519
0.983693295865
0.897430750703
0.991160176636
0.833512645524
0.955712565235
0.834403853874
0.920802890405
0.895728623043
0.954146928944
0.957085507828
0.958289843436
0.981629867523
0.869803291851
0.928598956242
0.842986752308
0.901774387796
0.984239261341
0.892798073063
0.875519871538
0.908928141309
0.894829385789
0.783629064633
0.990421517463
0.866254516259
0.848711360899
0.918691288639
0.938972300281
0.913311922923
0.892492974709
0.903123243677
0.883749498193
0.837816138097
0.957165796869
0.992364512244
0.877262143717
0.957856282617
0.911489361702
0.899590525893
0.918908069049
0.955551987154
0.917671617824
0.864343637094
0.972236049779
0.913448414291
0.809634684866
0.920248896026
0.918908069049
0.917816138097
0.911738257728
0.892822159775
0.840353271778
0.923299879566
0.897631473304
0.899229225211
0.791714171016
0.850180650341
0.906342834203
0.845580088318
0.971537535126
0.937478924127
0.912982737856
0.904191087916
0.896114010438
0.912982737856
0.949899638699
0.91065435568
0.936282617423
0.925804897631
0.973448414291
0.927001204336
0.904110798876
0.964255319149
0.924150943396
0.889000401445
0.892444801285
0.971930951425
0.929907667603
0.980152549177
0.932838217583
0.866688077077
0.911513448414
0.92649538338
0.919686872742
0.870260939382
0.98241670012
0.970052187876
0.914299478121
0.955712565235
0.901967081493
0.955238859896
0.981180248896
0.983717382577
0.867482938579
0.968928141309
0.876932958651
0.840104375753
0.987234042553
0.871714171016
0.916025692493
