0.850967482939
0.984142914492
0.900979526295
0.991160176636
0.837205941389
0.957189883581
0.829666800482
0.923613006825
0.897511039743
0.954885588117
0.957085507828
0.959028502609
0.981629867523
0.87320754717
0.929482135688
0.848606985147
0.905323163388
0.984239261341
0.89146527499
0.878763548776
0.911738257728
0.894829385789
0.790437575271
0.990421517463
0.870975511843
0.851521477318
0.918691288639
0.940883179446
0.915961461261
0.896041750301
0.906672019269
0.882577278202
0.844881573665
0.953183460458
0.992364512244
0.866101967081
0.957856282617
0.914299478121
0.903139301485
0.921718185468
0.9570293055
0.90267362505
0.859606583701
0.972974708952
0.916258530711
0.81817743878
0.913440385387
0.921718185468
0.920770774789
0.914548374147
0.896965074267
0.844785226817
0.925676435167
0.901180248896
0.902778000803
0.796306704135
0.850919309514
0.907964672822
0.846463267764
0.972276194299
0.939389803292
0.915792854275
0.906262545163
0.89966278603
0.915792854275
0.943910076275
0.9134644721
0.93792051385
0.926688077077
0.973448414291
0.928334002409
0.905732637495
0.964993978322
0.925034122842
0.883364110799
0.88934564432
0.971930951425
0.931818546768
0.980152549177
0.933721397029
0.869498193497
0.913440385387
0.927972701726
0.922496989161
0.86908871939
0.98241670012
0.970052187876
0.906334805299
0.957189883581
0.904327579285
0.955977519069
0.981629867523
0.983717382577
0.870742673625
0.962938578884
0.87974307507
0.845724608591
0.987234042553
0.86505018065
0.918835808912
