0.833849859494
0.974219189081
0.902946607788
0.990975511843
0.857085507828
0.961798474508
0.807539140907
0.931441188278
0.906704134886
0.948069048575
0.935600160578
0.961517462866
0.977470895223
0.87172219992
0.933697310317
0.861678040947
0.912179847451
0.982424729024
0.883516659976
0.898835808912
0.917358490566
0.872003211562
0.797599357688
0.98704937776
0.894612605379
0.840947410678
0.900032115616
0.952557205941
0.938827780008
0.909289441991
0.91617824167
0.871320754717
0.856916900843
0.928085106383
0.990148534725
0.85728623043
0.952075471698
0.915431553593
0.915279004416
0.929441991168
0.960377358491
0.895254917704
0.851047771979
0.979060618226
0.93002007226
0.834026495383
0.901172219992
0.928615014051
0.92908871939
0.92564431955
0.902087515054
0.869674829386
0.935600160578
0.914235246889
0.91617824167
0.807145724609
0.73265355279
0.925114411883
0.752155760739
0.969915696507
0.948109193095
0.91788036933
0.918980329185
0.913729425933
0.91788036933
0.931947009233
0.921806503412
0.937310317142
0.9376234444
0.984223203533
0.933938177439
0.915800883179
0.966977117623
0.932468887997
0.884054596548
0.873448414291
0.976330790847
0.945483741469
0.970855078282
0.932709755118
0.854532316339
0.910341228422
0.942304295464
0.927442794059
0.848462464874
0.992452830189
0.960786832597
0.85417904456
0.961798474508
0.923596949016
0.955560016058
0.980481734243
0.977486953031
0.87061421116
0.960835006022
0.881878763549
0.859229225211
0.976892814131
0.850068245684
0.926993175432
