0.854307507025
0.977719791248
0.904464070654
0.988133279807
0.843725411481
0.960481734243
0.830405459655
0.912123645122
0.909393817744
0.94586109996
0.960168606985
0.971489361702
0.979381774388
0.871625853071
0.945812926536
0.836852669611
0.897551184263
0.982424729024
0.716274588519
0.871971095945
0.911529506222
0.915511842633
0.777446808511
0.986567643517
0.844720995584
0.848213568848
0.923629064633
0.926639903653
0.900032115616
0.876852669611
0.899871537535
0.718835808912
0.850469690887
0.795800883179
0.992115616218
0.877310317142
0.97006021678
0.909963869932
0.89800080289
0.911039743075
0.964231232437
0.932300281012
0.86445604175
0.972460859093
0.912645523886
0.823990365315
0.920345242874
0.911039743075
0.932814130871
0.906503412284
0.874259333601
0.837446808511
0.935439582497
0.891384985949
0.895889201124
0.805668406263
0.883099156965
0.935455640305
0.889273384183
0.965467683661
0.925596146126
0.911007627459
0.925018065034
0.891585708551
0.911007627459
0.944295463669
0.907474909675
0.94582095544
0.945507828181
0.981686069851
0.941244480128
0.93354476114
0.975849056604
0.949795262947
0.871336812525
0.757494981935
0.988004817342
0.920064231232
0.992404656764
0.940289040546
0.867539140907
0.919614612605
0.939510236853
0.911674026495
0.700537936572
0.986511441188
0.968382175833
0.589401846648
0.960481734243
0.904648735448
0.942183861903
0.98615816941
0.98590124448
0.863869931754
0.95788036933
0.880449618627
0.834419911682
0.982448815737
0.881830590124
0.907852268165
