0.658349487308
0.381122011761
0.50081956798
0.804043615732
0.826926804763
0.452297213439
0.700779527792
0.519558228185
0.501182441417
0.526147129222
0.74927765137
0.732506427115
0.65839381224
0.732673532106
0.805224136403
0.677595963476
0.431648148695
0.53225185426
0.700784994533
0.35872905647
0.557836795603
0.532202210337
0.411988859667
0.357974941639
0.487957211666
0.300908808841
0.458784610384
0.580761797819
0.90073535061
0.399889483171
0.62934221802
0.79977394285
0.774642741054
0.381187612659
0.500814101238
0.671824709672
0.826958570964
0.749245885169
0.364307940073
0.974658402529
0.875362134689
0.801659968677
0.526078130079
0.67547117402
0.749363789486
0.749333648533
0.65017404923
0.780995685707
0.757822611625
0.652311840667
0.507231317041
0.824929375609
0.875471321769
0.475882361632
0.380790904524
0.829211016223
0.539182352767
0.35800670784
0.875471321769
0.850284418309
0.606020359918
0.532202210337
0.606531721876
0.806450311752
0.406455482994
0.852190833604
0.557158476404
0.284083212671
0.652225407051
0.652137643687
0.532657427381
0.633085458468
0.756714192843
0.656320291954
0.151495079933
0.923815194586
0.364364232735
0.61280635915
0.749388315948
0.307456635442
0.636617859992
0.673626518129
0.801662775923
0.923947282882
0.774999113501
0.629000472799
0.655757808575
0.285232705889
0.475550072397
0.749310156319
0.749450370852
0.3009033421
0.684045831979
0.67355456399
0.900703584409
0.532114446973
0.801662775923
0.749333648533
0.576378062114
0.406905233297
