0.441719955084
0.454605803611
0.389080405425
0.587599213971
0.612368133329
0.340547412902
0.557623888183
0.708431340681
0.534570639166
0.48595475902
0.606343784167
0.686175053929
0.686116692769
0.513495464082
0.95248367365
0.679927602612
0.505401140628
0.509136993588
0.589010667533
0.685962589758
0.583065807748
0.387100262995
0.510547560651
0.332413344759
0.834886528176
0.189178659023
0.340927573062
0.467097898998
0.831361661889
0.399788126828
0.48439984043
0.799781034839
0.70298070388
0.355907922343
0.357783753435
0.74510992583
0.612368133329
0.484184569014
0.44626473804
0.903104961437
0.732299872935
0.709117933867
0.454436777873
0.65444490411
0.728307821873
0.606319257705
0.435723382879
0.882093762005
0.783043793032
0.509138323336
0.461140775982
0.637732927514
0.637862060814
0.509304246328
0.235793120771
0.732668213114
0.711682574392
0.332491208889
0.637837238852
0.757630684672
0.532519872344
0.387100262995
0.612394580538
0.757911261488
0.431746402293
0.708931030407
0.687280074466
0.237728199521
0.50910315889
0.509056469962
0.486273307526
0.344970154546
0.710436748323
0.467131438196
0.417798823912
0.78086463166
0.41489022192
0.734955822818
0.606341124671
0.414526314234
0.565351053456
0.509593983629
0.515571643864
0.806170621436
0.780891374368
0.631225436601
0.729418752401
0.438833367808
0.26098726397
0.7766128365
0.799839986998
0.157804142904
0.637654324636
0.612524157088
0.734592949381
0.387131438196
0.515506042966
0.606214503118
0.389126207854
0.557858810319
