0.36526447209
0.498983481576
0.480724417127
0.724289323602
0.684788274578
0.459620135339
0.432595372477
0.654681599244
0.461597618274
0.604547885701
0.698952454124
0.432960166662
0.356610324754
0.535945894034
0.874907213144
0.57738689755
0.400409266866
0.459620135339
0.582059484058
0.26664504595
0.356816583434
0.211642238705
0.649692680476
0.305997901953
0.62690951804
0.379340297273
0.386238290831
0.579371915724
0.829688395733
0.399958630064
0.549562808428
0.552316716409
0.676055672114
0.379642297804
0.429757394876
0.544396442186
0.684788274578
0.577311545167
0.380217044414
0.876073106587
0.657716822789
0.659554238941
0.356353683402
0.556345261665
0.650889896871
0.650767412311
0.531141219231
0.603078070979
0.657827487367
0.510086285866
0.356865340859
0.705829910464
0.804463225082
0.289684258739
0.229908542892
0.678353181053
0.556841848645
0.333310038119
0.804463225082
0.731101622292
0.356496409681
0.211556396088
0.775104015839
0.825557903135
0.476114476523
0.414157383056
0.587074406785
0.211511775657
0.411417511303
0.459602553116
0.432619898939
0.340011672232
0.755213498419
0.386306107976
0.652369019828
0.653451139151
0.331637362962
0.504631068822
0.749436186874
0.405016104725
0.555364646435
0.724131231347
0.659507845513
0.898878135989
0.65571643864
0.556418841051
0.528101710942
0.475070624391
0.404504595018
0.602713276794
0.602674714104
0.229802606306
0.512837091103
0.825579031353
0.731071776839
0.259753701132
0.65953547472
0.552226589049
0.386175644928
0.524308974321
