0.83655477084
0.553795987116
0.683551165746
0.83655477084
0.859947105582
0.706627759227
0.563869271003
0.930544457906
0.41009027511
0.75330294613
0.586934931001
0.790384149405
0.707002157147
0.743652817588
0.953523536539
0.75328373866
0.576621996986
0.706627759227
0.883536095269
0.683834845306
0.730041813185
0.660158831004
0.659195650247
0.530231819391
0.929895688662
0.506764427765
0.636701043113
0.883220354008
0.95318740581
0.399878992938
0.586630123223
0.730737419107
0.753314470613
0.553491179339
0.506633225968
0.769431458881
0.859947105582
0.613630211873
0.860119234065
0.930220885908
0.859885050678
0.883534765521
0.483388788747
0.75328373866
0.577122129961
0.609902780651
0.586620519488
0.883600957419
0.906859283118
0.706758961024
0.706659082178
0.740241718625
0.763231730741
0.507011908632
0.483240891227
0.883460151887
0.906794420969
0.530208327177
0.763231730741
0.906547678851
0.729901007653
0.660158831004
0.786782157738
0.953177802074
0.4334515824
0.743725658225
0.586943352738
0.483381696758
0.706618155492
0.683530628528
0.56382553707
0.693274282675
0.883370763275
0.540134304542
0.953621051387
0.740597500074
0.660124700807
0.906991075914
0.706749357288
0.730182618717
0.859868354954
0.659952572324
0.813271918679
0.775333323483
0.837210779823
0.73011627907
0.636796489465
0.730234183387
0.459958039065
0.753801453858
0.776891935817
0.210164593245
0.88336115954
0.929905144647
0.906502615171
0.660147897521
0.813262314943
0.58687125085
0.636852486629
0.729839100499
