0.761598800272
0.460848674685
0.584920215124
0.761620962738
0.93009662835
0.584942377589
0.681869034603
0.740724564877
0.482054165066
0.608226263999
0.681858396619
0.833248721964
0.500603262315
0.814302473331
0.763835879554
0.70714207618
0.410357554446
0.706894004314
0.78489657516
0.587279483467
0.656556248338
0.58488416418
0.362941402441
0.507143553677
0.639655890783
0.384971336544
0.610010637984
0.616398747082
0.976560385331
0.376690996129
0.51339336899
0.799872639697
0.707244762271
0.410100322095
0.553405632221
0.626116840519
0.930118790816
0.753349191809
0.5446773145
0.976686563636
0.833053396767
0.906848497385
0.576667356166
0.730166661742
0.679658698029
0.681891197069
0.561564079076
0.810221476907
0.85655477084
0.753431636181
0.53625129281
0.789082030673
0.858556780237
0.456501728672
0.384907804143
0.761904494548
0.689945923584
0.507165716143
0.789121775361
0.883931916906
0.608145888124
0.58488416418
0.667143701427
0.907069383292
0.385044768181
0.953358352295
0.561920894773
0.433296001891
0.753381992258
0.753349191809
0.56178688573
0.666824118673
0.83327088443
0.620517271948
0.502738985255
0.858564463225
0.513162731598
0.639357583996
0.753431636181
0.441622735735
0.595266836086
0.683643213853
0.906834904406
0.858550870246
0.907096273751
0.586901391803
0.679746756893
0.273312402116
0.530143908277
0.730403800124
0.753439614669
0.281943795987
0.83327088443
0.641376289117
0.953309299371
0.58485136373
0.906834904406
0.681869034603
0.660596465825
0.587162317898
