0.882411867262
0.552924854466
0.752893531515
0.882411867262
0.929386542951
0.752920717473
0.649700658964
0.953029165805
0.602540557312
0.776449425253
0.64943899412
0.952687272835
0.835535001921
0.812435950474
0.952578972253
0.776385449603
0.552721107532
0.752920717473
0.952860878816
0.882726278774
0.776248633315
0.705918855826
0.553606867409
0.576427706037
0.999537986466
0.651524925386
0.729218403711
0.905913389084
0.97640022458
0.376460358736
0.60278035519
0.799607724358
0.828116929169
0.506266215537
0.552926184214
0.890027038208
0.929386542951
0.705765196064
0.95256803877
0.976416772554
0.905913389084
0.952599213971
0.576400520079
0.776385449603
0.753053840017
0.649700658964
0.602753169233
0.952985431873
0.975932744304
0.851519458645
0.729301143583
0.779478147809
0.826177122425
0.682543512308
0.505951508525
0.859105375137
0.97609674655
0.529712183446
0.779131970095
0.905969090748
0.729447563606
0.705918855826
0.873251085961
0.976373038622
0.473115599421
0.952833692858
0.802671906859
0.552752578234
0.752893531515
0.752577494755
0.748152980113
0.755717472888
0.95274164475
0.732132472445
0.953056351763
0.825769924057
0.752573505511
0.952596406726
0.851492272687
0.874874560444
0.858857303271
0.729392009692
0.90585783517
0.825904819598
0.929646878047
0.682746963742
0.799706421205
0.706087142815
0.529397476434
0.753208238527
0.799923761118
0.348364705535
0.952714458793
0.929469282823
0.952844330841
0.705630005023
0.905830649212
0.602888360273
0.682649301144
0.776405691321
