0.364681303744
0.576563340327
0.606136343489
0.65408409917
0.660992582961
0.509679678496
0.606125410006
0.976402293076
0.38310939393
0.654828905765
0.702586359741
0.805952247274
0.431379835111
0.559577583405
0.976457551491
0.727893827015
0.576458585739
0.509679678496
0.806119943264
0.631420466298
0.654650276292
0.309825064271
0.629979315032
0.454823439024
0.999042138235
0.406265329039
0.460830353713
0.606287196005
0.854525870985
0.376670163411
0.502771194705
0.799927750362
0.728079252977
0.454655299784
0.406152743713
0.792391477793
0.660992582961
0.502796016666
0.80580641825
0.951280104016
0.709557046187
0.709645696049
0.454812505541
0.654464998079
0.776585059543
0.702593008481
0.48419978724
0.976104725038
0.831325906445
0.509792263822
0.532724653527
0.734068437694
0.757162613398
0.333178688573
0.206309062971
0.730099435596
0.854488047044
0.431442628764
0.734102863391
0.805826659969
0.45497429154
0.309825064271
0.951280104016
0.950982535977
0.551134274992
0.709641411306
0.606271386779
0.309517449248
0.509668745013
0.509640229308
0.606081232824
0.315999674951
0.80597411424
0.261383381106
0.976413226559
0.751090688809
0.605811884992
0.877678851098
0.702716527289
0.654773795101
0.582773115452
0.653933246653
0.612310954168
0.890755740079
0.92787742679
0.608024142313
0.799491002039
0.576575012559
0.35747111492
0.776575455808
0.799956266068
0.20627079578
0.709495582282
0.829354481251
0.805833308708
0.309807482048
0.612300020685
0.702288791702
0.43760630596
0.750998936202
