0.883178540823
0.506879524837
0.553495020833
0.883184155315
0.930202417186
0.553525457286
0.681461836234
0.860094855353
0.611499807925
0.576785112733
0.681517094649
0.906661150675
0.790073283886
0.860005171242
0.860171094235
0.73016104725
0.506651990189
0.706996838155
0.753463106882
0.813508613812
0.729952720073
0.706414851807
0.507206938329
0.530150261517
0.859868650454
0.353554416241
0.683463845631
0.706464052481
0.953462072634
0.376731775066
0.634493218286
0.799921988121
0.730139180284
0.506405248072
0.553470642121
0.770533967672
0.930208031678
0.75343872817
0.660021423717
0.976702520611
0.906407759818
0.906989746166
0.576675039154
0.730177299725
0.753081173724
0.681492272687
0.634487603794
0.906650069442
0.929951242576
0.75349664608
0.682953665672
0.811706362105
0.858255961703
0.65965160604
0.506446765758
0.906377471115
0.836758074525
0.53018069797
0.811669276913
0.906566295322
0.729668892763
0.706414851807
0.658245914719
0.93014169203
0.458026949558
0.953381992258
0.764747052392
0.506724978576
0.75343872817
0.75343872817
0.634768476109
0.787972429893
0.90671640909
0.764261546645
0.613626370379
0.858218137762
0.659972223043
0.85939969268
0.753471824119
0.483588989687
0.813100233445
0.683742797199
0.906923554268
0.858250347212
0.930111255578
0.683599184421
0.753176324577
0.459708785201
0.530216601164
0.753402824976
0.753460890636
0.281553145593
0.906691587128
0.683276203422
0.953431636181
0.706439673769
0.906923554268
0.681461836234
0.683659909577
0.683563428977
