0.634386542951
0.23609024556
0.402402559026
0.924148813569
0.68054165066
0.35630300523
0.551866079608
0.48785836707
0.551969652197
0.478152980113
0.698856564522
0.552113708224
0.537367246831
0.634075381933
0.824242191425
0.579085281168
0.349667119766
0.388142637629
0.551893708815
0.408982595077
0.427861322065
0.505783073786
0.48136742413
0.259374722969
0.50669040513
0.252960757661
0.362824680122
0.602388818297
0.827516917349
0.399928045862
0.749434413877
0.597926036465
0.724182943766
0.381235779085
0.402402559026
0.589869980202
0.68054165066
0.648378003014
0.25340666647
0.92418087527
0.827513814604
0.604768180609
0.427585768742
0.482462840933
0.604313111315
0.698894831713
0.60236118909
0.554092816406
0.659360095742
0.556283059011
0.478372979522
0.68253553382
0.777050766821
0.577158771904
0.452870039301
0.804323453799
0.459677019001
0.309853284477
0.777034218847
0.707612215951
0.577149020419
0.505783073786
0.555950178777
0.730670045211
0.356037794391
0.604779114092
0.727768978458
0.188093732455
0.455315593511
0.505672409208
0.434212345971
0.609175704028
0.778182234568
0.585957418516
0.220606808309
0.67800656009
0.284919476375
0.581454891995
0.749394816938
0.227996217606
0.727706775804
0.673711621997
0.655286339056
0.873559587483
0.673726101475
0.532957802665
0.57381903608
0.38033539198
0.427614727697
0.604337194527
0.64847078987
0.252933128454
0.537571141515
0.724205401732
0.701343488668
0.505716881889
0.705709346651
0.648444194911
0.385971159245
0.406510741408
