0.814628336756
0.452303901437
0.59777412731
0.472993839836
0.920533880903
0.915638603696
0.49526899384
0.605190965092
0.502217659138
0.607383983573
0.554472279261
0.917905544148
0.513108829569
0.883515400411
0.716221765914
0.786932238193
0.839802874743
0.714628336756
0.462258726899
0.942036960986
0.824739219713
0.571219712526
0.511531827515
0.6758275154
0.618595482546
0.779663244353
0.661568788501
0.57749486653
0.838078028747
0.424492813142
0.782069815195
0.663186858316
0.780714579055
0.877650924025
0.655819301848
0.549059548255
0.55701026694
0.825388090349
0.624016427105
0.41276386037
0.652328542094
0.548164271047
0.364542094456
0.716722792608
0.778045174538
0.599203285421
0.616936344969
0.589503080082
0.457264887064
0.673108829569
0.75926899384
0.447080082136
0.571540041068
0.590464065708
0.818291581109
0.568262833676
0.647630390144
0.497856262834
0.823014373717
0.504804928131
0.722792607803
0.714570841889
0.569404517454
0.402078028747
0.888114989733
0.924344969199
0.877650924025
0.53349486653
0.825782340862
0.560336755647
0.720780287474
0.561215605749
0.433059548255
0.710242299795
0.756895277207
0.711934291581
0.845100616016
0.506833675565
0.555646817248
0.497486652977
0.627252566735
0.779704312115
0.688402464066
0.914628336756
0.880887063655
0.62160164271
0.555885010267
0.661971252567
0.72239835729
0.572689938398
0.667441478439
0.718340862423
0.488164271047
0.364147843943
0.780057494867
0.601823408624
0.577889117043
0.529749486653
0.508919917864
0.714767967146
