0.709166324435
0.474718685832
0.59481724846
0.457002053388
0.841741273101
0.704369609856
0.506496919918
0.577437371663
0.681930184805
0.504665297741
0.703318275154
0.897823408624
0.620772073922
0.846258726899
0.448689938398
0.691466119097
0.695983572895
0.509733059548
0.683383983573
0.544845995893
0.899704312115
0.552698151951
0.351104722793
0.772722792608
0.535540041068
0.848369609856
0.612533880903
0.678258726899
0.696049281314
0.726562628337
0.63332238193
0.685297741273
0.939507186858
0.697232032854
0.682283367556
0.525552361396
0.304788501027
0.74977412731
0.659162217659
0.728246406571
0.526094455852
0.560328542094
0.319958932238
0.72340862423
0.850316221766
0.510332648871
0.727392197125
0.517158110883
0.413782340862
0.630217659138
0.827934291581
0.546562628337
0.772854209446
0.571696098563
0.653297741273
0.598127310062
0.656123203285
0.508501026694
0.745117043121
0.531893223819
0.802036960986
0.822349075975
0.618045174538
0.597954825462
0.747318275154
0.897593429158
0.846258726899
0.374184804928
0.628804928131
0.666948665298
0.646004106776
0.611449691992
0.312977412731
0.739704312115
0.786102669405
0.746891170431
0.790940451745
0.705084188912
0.647564681725
0.596254620123
0.687868583162
0.792353182752
0.746652977413
0.890184804928
0.693338809035
0.728689938398
0.617347022587
0.637954825462
0.793051334702
0.46594661191
0.582119096509
0.479490759754
0.442168377823
0.816657084189
0.750472279261
0.516566735113
0.653650924025
0.486340862423
0.625650924025
0.678776180698
