0.963663244353
0.814488706366
0.72368788501
0.632952772074
0.99231211499
0.946669404517
0.495285420945
0.934299794661
0.657708418891
0.685971252567
0.632024640657
0.976147843943
0.585683778234
0.913659137577
0.991482546201
0.910160164271
0.831507186858
0.62758110883
0.766390143737
0.956262833676
0.860542094456
0.608648870637
0.614874743326
0.826045174538
0.898455852156
0.78890349076
0.68740862423
0.607605749487
0.944197125257
0.77126899384
0.743071868583
0.92518275154
0.92518275154
0.913659137577
0.812024640657
0.76605338809
0.64772073922
0.99231211499
0.737075975359
0.731047227926
0.733667351129
0.666201232033
0.412985626283
0.767170431211
0.791572895277
0.627737166324
0.640574948665
0.767047227926
0.612090349076
0.586045174538
0.734496919918
0.494234086242
0.640106776181
0.80180698152
0.864353182752
0.68501026694
0.829659137577
0.517420944559
0.967934291581
0.66653798768
0.969733059548
0.777683778234
0.56994661191
0.579753593429
0.903145790554
0.985297741273
0.913659137577
0.658012320329
0.976501026694
0.758924024641
0.846529774127
0.761609856263
0.695794661191
0.847704312115
0.779564681725
0.859712525667
0.946652977413
0.566045174538
0.527334702259
0.992492813142
0.69332238193
0.923342915811
0.763145790554
0.974488706366
0.908320328542
0.696845995893
0.626119096509
0.820459958932
0.84386036961
0.662882956879
0.816476386037
0.748336755647
0.474234086242
0.75673100616
0.912829568789
0.791293634497
0.622078028747
0.467515400411
0.755112936345
0.791293634497
