0.788919917864
0.86473100616
0.801938398357
0.842275154004
0.759145790554
0.988566735113
0.743983572895
0.861995893224
0.681790554415
0.507121149897
0.59126899384
0.929067761807
0.742283367556
0.669650924025
0.402981519507
0.491843942505
0.385429158111
0.454940451745
0.812829568789
0.249675564682
0.79168788501
0.381880903491
0.472533880903
0.676336755647
0.619211498973
0.65064476386
0.696344969199
0.580780287474
0.562776180698
0.77780698152
0.478127310062
0.698036960986
0.852796714579
0.514891170431
0.855277207392
0.78546201232
0.556813141684
0.721659137577
0.653971252567
0.938160164271
0.543449691992
0.892780287474
0.260459958932
0.655195071869
0.497963039014
0.634176591376
0.596221765914
0.669650924025
0.61335523614
0.352878850103
0.71512936345
0.659030800821
0.595260780287
0.778718685832
0.794620123203
0.830496919918
0.905856262834
0.627663244353
0.799293634497
0.562127310062
0.92031211499
0.798373716632
0.515063655031
0.660706365503
0.526472279261
0.784427104723
0.669650924025
0.564229979466
0.615967145791
0.795063655031
0.608542094456
0.572862422998
0.785338809035
0.975646817248
0.883326488706
0.79168788501
0.550924024641
0.64709650924
0.819679671458
0.935679671458
0.568574948665
0.67498973306
0.660213552361
0.912147843943
0.43495687885
0.642636550308
0.850841889117
0.746652977413
0.531088295688
0.487293634497
0.677059548255
0.458710472279
0.463490759754
0.787063655031
0.674250513347
0.656106776181
0.671572895277
0.409979466119
0.647301848049
0.609864476386
