0.511589322382
0.789503080082
0.853971252567
0.734324435318
0.828583162218
0.349987679671
0.826406570842
0.664254620123
0.682529774127
0.550710472279
0.437708418891
0.686981519507
0.499047227926
0.786792607803
0.825289527721
0.759293634497
0.697281314168
0.677437371663
0.454636550308
0.907737166324
0.655104722793
0.747589322382
0.693626283368
0.559942505133
0.569995893224
0.556114989733
0.756221765914
0.460090349076
0.713207392197
0.581757700205
0.753125256674
0.739540041068
0.739540041068
0.766570841889
0.743523613963
0.691047227926
0.643893223819
0.847047227926
0.579441478439
0.817519507187
0.781519507187
0.785133470226
0.745486652977
0.616221765914
0.561856262834
0.57732238193
0.401560574949
0.763498973306
0.463671457906
0.606036960986
0.762833675565
0.655088295688
0.66619301848
0.871474332649
0.692722792608
0.870455852156
0.514652977413
0.66459137577
0.505059548255
0.668739219713
0.523885010267
0.586521560575
0.783014373717
0.589675564682
0.845954825462
0.885782340862
0.766570841889
0.533314168378
0.856747433265
0.589675564682
0.677527720739
0.87213963039
0.659080082136
0.829108829569
0.739154004107
0.653568788501
0.876180698152
0.606422997947
0.595014373717
0.826201232033
0.532205338809
0.755556468172
0.753593429158
0.66368788501
0.755088295688
0.725577002053
0.72267761807
0.4860862423
0.670028747433
0.688525667351
0.538611909651
0.448657084189
0.57123613963
0.581371663244
0.763277207392
0.893199178645
0.572681724846
0.706464065708
0.726726899384
0.880952772074
