0.820755646817
0.739359342916
0.773716632444
0.817995893224
0.793659137577
0.86546201232
0.569839835729
0.820024640657
0.654784394251
0.648542094456
0.850078028747
0.894012320329
0.731162217659
0.685240246407
0.583227926078
0.542652977413
0.414850102669
0.288106776181
0.825264887064
0.297166324435
0.809527720739
0.416706365503
0.475622176591
0.736640657084
0.592714579055
0.679162217659
0.660960985626
0.583326488706
0.537544147844
0.839326488706
0.376854209446
0.739712525667
0.863474332649
0.561478439425
0.860698151951
0.690431211499
0.377314168378
0.752673511294
0.672016427105
0.870809034908
0.565215605749
0.740188911704
0.239433264887
0.72090349076
0.670858316222
0.69701026694
0.676616016427
0.685240246407
0.674924024641
0.364640657084
0.708361396304
0.569240246407
0.632484599589
0.759531827515
0.784008213552
0.777453798768
0.888689938398
0.594874743326
0.728197125257
0.553059548255
0.853026694045
0.860928131417
0.510743326489
0.705815195072
0.545215605749
0.695137577002
0.685240246407
0.509626283368
0.65363449692
0.854004106776
0.631293634497
0.557765913758
0.687071868583
0.912698151951
0.861527720739
0.809527720739
0.555540041068
0.681018480493
0.635745379877
0.912098562628
0.593084188912
0.720887063655
0.645084188912
0.874628336756
0.485059548255
0.73318275154
0.802546201232
0.72160164271
0.552098562628
0.425478439425
0.691071868583
0.51613963039
0.37304312115
0.894045174538
0.661092402464
0.641108829569
0.652057494867
0.290702258727
0.646726899384
0.559967145791
