0.663441478439
0.771359342916
0.655195071869
0.526809034908
0.970759753593
0.562825462012
0.655425051335
0.50813963039
0.702373716632
0.679786447639
0.623318275154
0.836205338809
0.641995893224
0.899416837782
0.932049281314
0.890710472279
0.813289527721
0.829757700205
0.73631211499
0.930004106776
0.833232032854
0.662119096509
0.603770020534
0.807622176591
0.727219712526
0.776624229979
0.817141683778
0.568443531828
0.792098562628
0.726340862423
0.869897330595
0.893289527721
0.901995893224
0.884632443532
0.874743326489
0.523006160164
0.670858316222
0.964369609856
0.772747433265
0.661059548255
0.766710472279
0.628402464066
0.374513347023
0.744788501027
0.765478439425
0.591630390144
0.634151950719
0.708123203285
0.565716632444
0.632993839836
0.762965092402
0.689552361396
0.696533880903
0.816928131417
0.698792607803
0.713782340862
0.677815195072
0.536443531828
0.812041067762
0.679400410678
0.796944558522
0.768229979466
0.743728952772
0.618620123203
0.88205338809
0.932114989733
0.879564681725
0.524328542094
0.956024640657
0.608550308008
0.803400410678
0.644106776181
0.577026694045
0.824287474333
0.770431211499
0.812057494867
0.930858316222
0.616747433265
0.830915811088
0.918570841889
0.692073921971
0.905445585216
0.764147843943
0.830127310062
0.896788501027
0.649034907598
0.557503080082
0.530291581109
0.809478439425
0.786349075975
0.669158110883
0.618940451745
0.714513347023
0.724468172485
0.872164271047
0.808583162218
0.645798767967
0.663088295688
0.699047227926
0.803515400411
