0.851613963039
0.563433264887
0.712032854209
0.683047227926
0.714414784394
0.980681724846
0.485429158111
0.57923613963
0.370603696099
0.669848049281
0.932049281314
0.885166324435
0.695006160164
0.704755646817
0.530628336756
0.618702258727
0.514891170431
0.389100616016
0.744229979466
0.397552361396
0.891498973306
0.445741273101
0.319811088296
0.654160164271
0.378464065708
0.741108829569
0.662833675565
0.646045174538
0.607778234086
0.80712936345
0.517026694045
0.762464065708
0.843449691992
0.623770020534
0.782866529774
0.572344969199
0.272558521561
0.586488706366
0.651991786448
0.635433264887
0.627507186858
0.5940862423
0.246332648871
0.801429158111
0.834800821355
0.66264476386
0.738562628337
0.704755646817
0.704689938398
0.56667761807
0.80264476386
0.480936344969
0.753995893224
0.694012320329
0.804180698152
0.715770020534
0.838726899384
0.65926899384
0.707400410678
0.468813141684
0.757240246407
0.84090349076
0.569798767967
0.70594661191
0.665281314168
0.838562628337
0.704755646817
0.40901026694
0.674940451745
0.785897330595
0.752804928131
0.466743326489
0.457880903491
0.768640657084
0.845396303901
0.891498973306
0.484024640657
0.671958932238
0.689716632444
0.748960985626
0.653585215606
0.757396303901
0.607482546201
0.791014373717
0.425330595483
0.566882956879
0.743055441478
0.732887063655
0.520377823409
0.437724845996
0.621067761807
0.616837782341
0.471047227926
0.935030800821
0.668435318275
0.720188911704
0.605577002053
0.387260780287
0.552386036961
0.586735112936
