0.97394661191
0.837831622177
0.683375770021
0.633757700205
0.857117043121
0.963737166324
0.533445585216
0.964246406571
0.693338809035
0.379638603696
0.604969199179
0.984377823409
0.6220862423
0.786891170431
0.719646817248
0.647474332649
0.577248459959
0.408476386037
0.785347022587
0.407498973306
0.882981519507
0.359868583162
0.490702258727
0.67687063655
0.79095687885
0.823285420945
0.555975359343
0.755761806982
0.68059137577
0.76473100616
0.495564681725
0.797199178645
0.930554414784
0.653535934292
0.833149897331
0.809059548255
0.406012320329
0.857117043121
0.764574948665
0.818932238193
0.637256673511
0.690579055441
0.308262833676
0.618899383984
0.825232032854
0.480008213552
0.65746201232
0.635400410678
0.445618069815
0.509281314168
0.774726899384
0.521158110883
0.557059548255
0.824246406571
0.840714579055
0.715121149897
0.816386036961
0.559326488706
0.853650924025
0.710694045175
0.980262833676
0.768845995893
0.481453798768
0.604788501027
0.636944558522
0.846587268994
0.786891170431
0.502184804928
0.70222587269
0.763868583162
0.726973305955
0.665429158111
0.554718685832
0.838882956879
0.785248459959
0.878866529774
0.687802874743
0.605905544148
0.547950718686
0.980073921971
0.581765913758
0.799367556468
0.651868583162
0.976147843943
0.649642710472
0.915342915811
0.623704312115
0.857618069815
0.725026694045
0.383375770021
0.664492813142
0.477503080082
0.344821355236
0.609757700205
0.782776180698
0.674299794661
0.752854209446
0.341979466119
0.620098562628
0.674299794661
