0.706165709291
0.729102147852
0.891249375624
0.84133991009
0.781830669331
0.69037524975
0.711488511489
0.81156968032
0.849553571429
0.94963474026
0.906122002997
0.47042957043
0.590712412587
0.837771603397
0.848261113886
0.688111888112
0.769374375624
0.980581918082
0.757536213786
0.953452797203
0.655516358641
0.862509365634
0.723510864136
0.962612387612
0.761388611389
0.942329545455
0.861422952048
0.726673326673
0.83889547952
0.64682504995
0.869068431568
0.934309440559
0.929470529471
0.735964035964
0.83088474026
0.9471747003
0.732242757243
0.689991258741
0.794542957043
0.614722777223
0.824772102897
0.857554945055
0.850068681319
0.87900536963
0.707648601399
0.778018856144
0.876773226773
0.787768481518
0.901592157842
0.911666458541
0.938804945055
0.864067182817
0.768359765235
0.547777222777
0.775159215784
0.705204170829
0.950668081918
0.900696178821
0.785030594406
0.813804945055
0.684986888112
0.908438436563
0.883054445554
0.953125
0.704648476523
0.952175949051
0.810748626374
0.980581918082
0.672471278721
0.703808691309
0.73459040959
0.685548826174
0.871937437562
0.877862762238
0.706243756244
0.744652222777
0.793409715285
0.80824488012
0.8063499001
0.662790334665
0.791471028971
0.897327672328
0.895126748252
0.87232455045
0.901148851149
0.943646978022
0.753699425574
0.949331918082
0.888708166833
0.904058441558
0.654014735265
0.807642357642
0.734203296703
0.761909965035
0.454963786214
0.960217907093
0.852765984016
0.8375
0.484250124875
0.76916520979
