0.668646978022
0.890965284715
0.941549075924
0.923379745255
0.816430444555
0.813758116883
0.79596028971
0.870454545455
0.87381993007
0.925290334665
0.993768731269
0.54840472028
0.594527347652
0.925777347652
0.993824925075
0.892716658342
0.722059190809
0.995348401598
0.752388236763
0.981924325674
0.797521228771
0.934537337662
0.68201486014
0.825608766234
0.791324300699
0.93083479021
0.750193556444
0.86579045954
0.915162962038
0.631206293706
0.825071803197
0.980051198801
0.920182942058
0.782117882118
0.816083916084
0.913552072927
0.801673326673
0.748807442557
0.800671203796
0.573635739261
0.752678571429
0.828418456543
0.818765609391
0.944720904096
0.769037212787
0.870073676324
0.815162962038
0.806106393606
0.990153596404
0.909921328671
0.813445929071
0.812559315684
0.729589160839
0.659883866134
0.777669205794
0.781187562438
0.978149975025
0.952903346653
0.824737762238
0.745154845155
0.788545829171
0.928455919081
0.825758616384
0.976470404595
0.8308503996
0.856818181818
0.815365884116
0.992838411588
0.869040334665
0.678961663337
0.612337662338
0.666801948052
0.815169205794
0.844836413586
0.815287837163
0.964132742258
0.990712412587
0.58846466034
0.813745629371
0.751576548452
0.926816933067
0.908616383616
0.916892482517
0.947683566434
0.990019355644
0.950827297702
0.799263236763
0.827307067932
0.753615134865
0.930681818182
0.664916333666
0.805541333666
0.941308691309
0.775771103896
0.352097902098
0.954392482517
0.925006243756
0.927366383616
0.484559190809
0.944986263736
