0.821325549451
0.93899537962
0.975181068931
0.939913211788
0.821637737263
0.701123876124
0.740006868132
0.732857767233
0.785367757243
0.983722527473
0.978652597403
0.518047577423
0.639335664336
0.816458541459
0.960448926074
0.8535246004
0.677591158841
0.989604145854
0.787190934066
0.987918331668
0.740106768232
0.95189498002
0.658950424575
0.899709665335
0.796940559441
0.961401098901
0.833816183816
0.789819555445
0.940806068931
0.640131743257
0.799778346653
0.974818931069
0.942626123876
0.770579420579
0.763339785215
0.964941308691
0.757545579421
0.772758491508
0.762359515485
0.522658591409
0.706961788212
0.848011363636
0.831484140859
0.934487387612
0.644808316683
0.848929195804
0.868044455544
0.822265234765
0.97101023976
0.960786088911
0.972184065934
0.848645104895
0.641230644356
0.613811188811
0.820148601399
0.751832542458
0.959665334665
0.93909527972
0.809693431568
0.813236763237
0.762943306693
0.87962037962
0.958703796204
0.982723526474
0.863477147852
0.866580294705
0.803552697303
0.990003746254
0.634709040959
0.597746003996
0.640390859141
0.633697552448
0.839466783217
0.946119505495
0.634303196803
0.920938436563
0.939163961039
0.709568556444
0.816870629371
0.724225774226
0.78454045954
0.88041958042
0.874556693307
0.966062062937
0.939123376623
0.977800324675
0.716583416583
0.922583666334
0.890237887113
0.96557504995
0.657882742258
0.813205544456
0.81673951049
0.76751998002
0.302968906094
0.981768231768
0.956618381618
0.927119755245
0.486404220779
0.909137737263
