0.800196678322
0.749962537463
0.915696803197
0.991062062937
0.881175074925
0.781062687313
0.76633991009
0.974266358641
0.918662587413
0.908029470529
0.931346778222
0.398588911089
0.519508616384
0.890999625375
0.926067682318
0.875874125874
0.86326486014
0.992048576424
0.697998876124
0.990656218781
0.879926323676
0.873367257742
0.822636738262
0.831159465534
0.793881118881
0.856537212787
0.814248251748
0.801810689311
0.965681193806
0.779835789211
0.796569055944
0.969742757243
0.902600524476
0.782564310689
0.862802822178
0.980085539461
0.791065184815
0.765856018981
0.773086288711
0.744602272727
0.861157592408
0.893462787213
0.940418956044
0.865269105894
0.818603271728
0.750540084915
0.796981143856
0.879888861139
0.964816433566
0.920276598402
0.859933816184
0.677328921079
0.653165584416
0.778327922078
0.901542207792
0.840762362637
0.971300574426
0.907376998002
0.862390734266
0.90764547952
0.869208916084
0.969621003996
0.952806568432
0.988642607393
0.763602022977
0.897465034965
0.80285964036
0.96387987013
0.608341658342
0.914026598402
0.694521103896
0.690534465534
0.98961038961
0.96670516983
0.792638611389
0.900746128871
0.924516108891
0.839288836164
0.832074175824
0.78156530969
0.96476023976
0.890656218781
0.958023226773
0.989522977023
0.994283841159
0.993415959041
0.861803821179
0.903917957043
0.84446491009
0.963083791209
0.494727147852
0.831590284715
0.773645104895
0.780382117882
0.625630619381
0.996363011988
0.861348026973
0.880728646354
0.573888611389
0.754495504496
