0.776854395604
0.801267482517
0.89476461039
0.898298576424
0.96080482018
0.701551573427
0.736591533467
0.806290584416
0.94286963037
0.942295204795
0.974347527473
0.457770354645
0.637777847153
0.87463474026
0.960842282717
0.786354270729
0.877422577423
0.996584665335
0.728050074925
0.990971528472
0.825908466533
0.941795704296
0.754117757243
0.852753496503
0.779361263736
0.937996378621
0.885311563437
0.782105394605
0.869527347652
0.682158466533
0.769455544456
0.979464285714
0.968781218781
0.77544955045
0.910533216783
0.968025724276
0.775496378621
0.695698051948
0.865628121878
0.72408528971
0.82483454046
0.857523726274
0.877400724276
0.901273726274
0.738392857143
0.906811938062
0.848036338661
0.784637237762
0.997633616384
0.863973526474
0.956140734266
0.853471528472
0.662290834166
0.77541520979
0.789975649351
0.862412587413
0.911376123876
0.898866758242
0.875536963037
0.704230144855
0.903702547453
0.937834040959
0.791233766234
0.94431505994
0.748114385614
0.982888986014
0.812431318681
0.972436938062
0.766108891109
0.663801823177
0.740237887113
0.498863636364
0.872820929071
0.878221778222
0.794080919081
0.887740384615
0.947917707293
0.737372002997
0.770108016983
0.75378996004
0.885230394605
0.930872252747
0.942223401598
0.985795454545
0.922027972028
0.934106518482
0.784053446553
0.893865509491
0.695566933067
0.919452422577
0.696837537463
0.685948426573
0.792260864136
0.780494505495
0.492498126873
0.934752747253
0.909271978022
0.892688561439
0.533931693307
0.902200924076
