0.983713161838
0.896921828172
0.866767607393
0.944517982018
0.882611138861
0.739654095904
0.77962037962
0.858419705295
0.810995254745
0.984581043956
0.897864635365
0.454070929071
0.54512987013
0.905887862138
0.867488761239
0.775309065934
0.753402847153
0.980940934066
0.755678696304
0.962615509491
0.642173451548
0.919327547453
0.766105769231
0.943272352647
0.796266233766
0.915681193806
0.877456918082
0.650302822178
0.935586288711
0.782960789211
0.817532467532
0.985414585415
0.953936688312
0.771590909091
0.811313686314
0.986457292707
0.804211413586
0.683251123876
0.662072302697
0.81264985015
0.814457417582
0.955166708292
0.97165959041
0.941901848152
0.698901098901
0.753730644356
0.829954420579
0.973289210789
0.95568494006
0.88555506993
0.899141483516
0.836095154845
0.734880744256
0.734571678322
0.848735639361
0.774953171828
0.961844405594
0.970826048951
0.773395354645
0.765980894106
0.852172827173
0.920054945055
0.887893356643
0.990880994006
0.753618256743
0.957576798202
0.776220654346
0.994611638362
0.741361763237
0.714448051948
0.746047702298
0.780032467532
0.98228021978
0.973439060939
0.725633741259
0.670882242757
0.845417082917
0.862468781219
0.962265859141
0.670907217782
0.755322802198
0.896759490509
0.949981268731
0.912456293706
0.970260989011
0.982067932068
0.686179445554
0.940809190809
0.857389485514
0.957386363636
0.636245004995
0.792732267732
0.735005619381
0.774447427572
0.58023538961
0.983363511489
0.974809565435
0.941264985015
0.6626998002
0.721747002997
