0.663733141858
0.686313686314
0.887137862138
0.828068806194
0.958104395604
0.717076673327
0.784924450549
0.752703546454
0.834521728272
0.95164522977
0.892878996004
0.428746253746
0.649022852148
0.819193306693
0.838168081918
0.666461663337
0.554117757243
0.99827047952
0.688155594406
0.966745754246
0.545136113886
0.712362637363
0.779632867133
0.756527847153
0.771562812188
0.833329170829
0.781786963037
0.80455482018
0.866049575425
0.6746003996
0.818921703297
0.973292332667
0.945947802198
0.79616008991
0.724759615385
0.888011988012
0.645435814186
0.712475024975
0.734375
0.763008866134
0.596787587413
0.820510739261
0.813670704296
0.846481643357
0.770304695305
0.816642732268
0.856075174825
0.799906343656
0.939254495504
0.740831043956
0.648660714286
0.759709040959
0.680272852148
0.745966533467
0.748473401598
0.795822927073
0.979592282717
0.962403221778
0.742229645355
0.723195554446
0.583663211788
0.855057442557
0.801161338661
0.861866258741
0.763911088911
0.86604020979
0.726717032967
0.881159465534
0.899000999001
0.768884240759
0.572065434565
0.676710789211
0.766998626374
0.651239385614
0.77209040959
0.749709665335
0.749912587413
0.547686688312
0.839089035964
0.760377122877
0.792872752248
0.909936938062
0.804077172827
0.801432942058
0.98304507992
0.875009365634
0.763961038961
0.850321553447
0.714791458541
0.955756743257
0.770513861139
0.80526973027
0.71961476024
0.76328046953
0.568010114885
0.91193494006
0.940559440559
0.960570679321
0.51373001998
0.626929320679
