0.672527472527
0.81338036963
0.970239135864
0.871556568432
0.780123001998
0.736916208791
0.791867507493
0.80127997003
0.977737887113
0.945086163836
0.989750874126
0.49271978022
0.74898538961
0.906078296703
0.84281968032
0.753515234765
0.759933816184
0.996806318681
0.762905844156
0.983088786214
0.643637612388
0.816736388611
0.745735514486
0.82485014985
0.781209415584
0.948951048951
0.906246878122
0.787471903097
0.875477647353
0.675024975025
0.890743631369
0.987731018981
0.984053446553
0.789498001998
0.887431318681
0.975106143856
0.780104270729
0.780894105894
0.929429945055
0.641115134865
0.816343031968
0.833966033966
0.83422514985
0.942342032967
0.714622877123
0.831171953047
0.948345404595
0.79825487013
0.983032592408
0.950721153846
0.915362762238
0.903967907093
0.745236013986
0.5688499001
0.849107142857
0.785520729271
0.988745629371
0.98171515984
0.766171328671
0.769745879121
0.742691683317
0.904398726274
0.942922702298
0.953471528472
0.818575174825
0.945467032967
0.887016108891
0.994062187812
0.671668956044
0.712231518482
0.727678571429
0.705663086913
0.876386113886
0.885430194805
0.730844155844
0.877388236763
0.861725774226
0.852079170829
0.783613261738
0.689192057942
0.921338036963
0.874937562438
0.970788586414
0.951039585415
0.899681568432
0.977741008991
0.860177322677
0.916989260739
0.922667957043
0.968366008991
0.749075924076
0.879311313686
0.898957292707
0.766883116883
0.471544080919
0.98961038961
0.839085914086
0.798929195804
0.497649225774
0.837571803197
