0.759381243756
0.855378996004
0.848576423576
0.852475649351
0.848776223776
0.705819180819
0.785533216783
0.848332917083
0.834515484515
0.972159090909
0.892251498501
0.442791583417
0.368940434565
0.875933441558
0.853871128871
0.946843781219
0.667894605395
0.945541958042
0.772068556444
0.988667582418
0.656462287712
0.879832667333
0.717095404595
0.881946178821
0.793069430569
0.958575799201
0.83415959041
0.666767607393
0.933753746254
0.662737262737
0.88929507992
0.988389735265
0.95440497003
0.772265234765
0.686803821179
0.976713911089
0.83356018981
0.689114010989
0.698713786214
0.616165084915
0.707083541459
0.854379995005
0.839853896104
0.953502747253
0.723101898102
0.691080794206
0.805862887113
0.885926573427
0.928949175824
0.886201298701
0.977391358641
0.679573551449
0.710511363636
0.704408091908
0.719140234765
0.832614260739
0.960118006993
0.972252747253
0.905940934066
0.828162462537
0.74128996004
0.904020979021
0.874025974026
0.969820804196
0.71198489011
0.875505744256
0.717160964036
0.877116633367
0.743572052947
0.68811500999
0.759871378621
0.740231643357
0.863417832168
0.874306943057
0.722246503497
0.729882617383
0.828256118881
0.57992007992
0.753515234765
0.743587662338
0.657376998002
0.971765734266
0.829910714286
0.931568431568
0.97140984016
0.973745004995
0.730294705295
0.979102147852
0.80588474026
0.977566183816
0.5435501998
0.785782967033
0.70118006993
0.775068681319
0.455869130869
0.977803446553
0.926510989011
0.955937812188
0.62598026973
0.797249625375
