0.55
2.94
0.91
7.7
3.8
34.3
0.28
56.4
45.8
1.0
0.28
1.8
2.2
0.55
0.28
23.3
0.64
0.91
1.0
1.02
1.0
18.21
3.6
9.8
2.8
37.4
0.37
0.92
4.3
2.0
4.4
0.28
0.91
0.28
1.7
0.73
0.37
0.37
1.0
3.23
0.46
0.46
15.6
1.4
0.46
1.5
0.55
126.8
0.19
0.92
1.01
0.46
0.37
0.64
1.13
1.2
0.91
1.0
0.46
0.46
153.8
2.6
4.7
0.37
3.7
168.8
0.55
32.3
0.28
17.2
0.19
0.82
1.8
1.9
1.3
1.6
16.2
0.55
0.73
0.28
0.91
0.91
14.4
0.73
0.64
0.64
0.37
1.1
1.0
0.73
97.1
2.1
0.55
25.4
0.91
13.0
11.6
0.82
26.1
0.38
2.2
2.4
1.01
27.6
12.3
0.19
0.19
0.84
1.5
0.19
2.06
0.28
2.7
0.19
10.61
1.0
5.7
2.8
0.28
21.51
0.46
18.8
0.46
31.3
46.9
0.82
3002.9
15.9
0.28
0.19
0.28
0.1
0.82
0.46
0.82
15.2
118.6
0.19
132.7
6.6
3.72
1.0
12.2
1.7
3.9
0.55
4.9
168.8
4.8
0.82
0.1
1.2
0.19
25.8
1.8
0.37
0.55
14.1
0.64
38.3
11.8
3.3
8.1
6.9
22.5
1.02
0.82
0.37
0.28
41.2
4.5
2.5
24.2
29.4
5.1
0.28
1.5
2.3
0.64
0.37
0.64
0.1
1.91
78.4
0.19
0.55
9.5
0.28
0.64
0.19
1.01
0.82
23.5
0.46
0.1
14.4
1.0
15.1
0.37
0.46
0.19
1.8
286.2
0.55
0.37
3.3
1.1
0.28
14.5
1.7
0.19
0.82
2.3
10.52
0.55
1.9
13.5
3.0
1.1
4.3
0.82
0.19
0.73
2.1
3.6
1.01
0.46
1.1
57.3
0.19
34.6
2.8
1.9
1.1
0.73
11.7
0.73
0.37
0.37
2.3
0.64
5.5
0.46
4.2
1.1
1538.4
54.5
0.19
1.4
38.9
0.91
2.3
2.4
1.9
3.7
197.9
5.6
12.8
17.8
15.1
0.46
0.55
2.9
24.3
69.6
0.92
22.81
28.4
9.7
0.84
3.2
0.55
1.0
31.8
1.1
2.1
0.46
1.7
3.0
46.8
1.7
28.4
1.11
2.9
1.6
1.7
0.91
1.4
6.4
0.37
0.28
6.5
1.4
0.55
2.0
2.4
0.19
0.46
4.9
85.1
5.8
0.91
0.1
3.0
6.6
12.6
0.37
1.9
0.91
5.9
1.8
14.8
2.71
0.46
0.55
4.1
1.11
1.9
2.5
0.28
2.5
0.91
28.9
3.0
12.6
1.01
13.9
15.7
73.9
5.1
29.5
1.2
0.46
0.64
7.1
0.82
34.7
31.8
0.64
0.64
0.46
0.73
26.9
13.8
0.19
29.5
0.37
0.37
0.73
2.1
0.91
140.0
1.11
4.7
0.28
1.01
1.1
0.46
0.37
14.4
1.2
43.9
0.19
2.3
2.0
13.3
0.82
1.7
1.4
4.8
5.1
0.46
26.5
0.37
0.64
0.91
4.0
52.3
0.28
1.2
0.64
0.28
0.55
0.19
5.65
0.46
1.2
0.46
0.46
4.3
4.8
14.3
3.3
19.8
1.9
0.64
23.7
0.37
17.1
3.0
0.19
3.2
0.73
0.82
3.7
0.73
1.2
1.7
0.28
0.1
13.2
3.8
6.7
3.6
3.81
1.1
20.5
1.0
1.02
13.3
0.91
0.46
3.2
1.01
6.5
0.46
7.0
2.1
4.6
2.4
0.37
0.46
1.1
1.01
1.7
0.37
14.4
26.7
0.46
1.8
1.6
12.2
13.4
1.2
169.9
0.82
42.6
2.84
1.2
1.2
1.3
0.64
1.4
0.46
1.5
0.91
3.9
5.4
0.19
0.82
1.1
12.71
2.3
0.28
0.82
1.0
3.52
0.55
2.5
1.1
0.28
4.31
7.7
134.7
12.4
140.6
30.0
35.0
4.5
15.2
1.0
0.19
0.19
5.8
14.6
4.6
0.82
1.0
0.46
7.7
11.9
0.28
0.37
0.64
137.5
14.0
29.0
2.4
0.55
0.46
0.37
1.2
13.2
140.9
142.0
0.55
2.4
0.64
2.4
1.5
6.7
16.0
4.8
1.6
4.0
78.1
0.73
99.0
1.5
5.3
0.19
0.46
0.46
0.55
4.3
0.82
28.5
0.1
15.8
0.19
0.55
