0.834294042094
0.583233482
0.756653983232
0.77916348872
0.860955056976
0.871353394331
0.865223524275
0.726586161824
0.828372995058
0.911458188613
0.834451120102
0.582072834294
0.642960693638
0.633420756413
0.812490962344
0.933854989212
0.895262850484
0.82924769841
0.818045824815
0.739562818444
0.833754901599
0.778824098148
0.74398396897
0.681147945369
0.849178175797
0.585094459456
0.755514742367
0.847068538749
0.808942246896
0.638393097641
0.913381260083
0.853538508213
0.828976214307
0.575279352181
0.796972137083
0.855930403668
0.80930942383
0.917325931198
0.7466776867
0.793060923018
0.913452852497
0.876808452725
0.682193903445
0.645526537394
0.862530090079
0.878047781202
0.994052300739
0.61460116646
0.869136864848
0.709258387654
0.871154920313
0.72628830903
0.815942000221
0.771959448923
0.829567099813
0.732387132079
0.658051665622
0.886829264143
0.855791046553
0.816247083141
0.885040304402
0.6728219603
0.76738759991
0.71977680179
0.9074561018
0.831984655123
0.886912623231
0.817873861255
0.917114414601
0.844085616021
0.757127485533
0.471396775081
0.81713043429
0.87138685138
0.826038373534
0.740480051943
0.927097090654
0.736476972761
0.807357857161
0.748266187683
0.902974700233
0.897362563831
0.869586266732
0.762913712003
0.682441570667
0.709512859699
0.86164673893
0.82332140599
0.915716023375
0.719578753073
0.914255963435
0.620384557587
0.853732729216
0.770465931935
0.726161994494
0.625539069611
0.883198890814
0.880474409611
0.727284081533
0.732760972069
