0.880813516648
0.559715303197
0.924630909209
0.613358435571
0.715055955496
0.947905957339
0.754308020335
0.767231939573
0.851575600171
0.890628056854
0.929034480608
0.657239481586
0.381784479899
0.580765882883
0.634285819598
0.866726256128
0.947931900729
0.844638224395
0.823718495794
0.67333586624
0.893001664346
0.697967058984
0.690257619276
0.600316707826
0.806026947101
0.735655857394
0.776808452725
0.865702413728
0.900453654899
0.840695254486
0.870764351798
0.843603465923
0.716597815085
0.753857059012
0.911887034259
0.891022736616
0.811069888373
0.987513715972
0.779163346952
0.713805427414
0.870475572101
0.744617384623
0.72123927177
0.895598413342
0.743331414751
0.766800258583
0.982201842406
0.629601690999
0.852470717994
0.764425091652
0.884886061737
0.789292043177
0.794249498853
0.704180571662
0.90202528559
0.946309800931
0.712479904506
0.957883671543
0.757147474702
0.910222971383
0.941945357267
0.851753659719
0.869924097865
0.805343912944
0.960228642069
0.883193361895
0.720010717597
0.733905458319
0.888154078216
0.767093433062
0.674931313813
0.723059562053
0.912786830398
0.74300449969
0.859406534332
0.698984380095
0.94193075525
0.728568917268
0.7676936752
0.834828362504
0.962619970456
0.966755460162
0.895588206107
0.689384758897
0.643402865398
0.848588707962
0.752358580174
0.913736245042
0.55535355311
0.74175779932
0.854578086767
0.613778349887
0.860247071799
0.728107323408
0.795373003564
0.813342415882
0.814584296169
0.867798441128
0.75465421573
0.824118279174
