0.940365645849
0.635876447088
0.795568784006
0.786168629197
0.716208097173
0.894618235226
0.85408246879
0.781510160452
0.923189562535
0.93150576567
0.875446495658
0.545559002073
0.736837770173
0.795133700605
0.682309585444
0.987999977317
0.979702912748
0.876588004797
0.770510730356
0.892272130562
0.914253553394
0.627187254566
0.843107422645
0.807858720523
0.752195547944
0.592273831768
0.93388249204
0.924782032998
0.858457261455
0.701031781361
0.944027775021
0.987367412267
0.538225245328
0.827347734986
0.930659982818
0.851534629463
0.838623894571
0.996260182426
0.691026280795
0.746104096787
0.909814256672
0.910575829834
0.557323691276
0.711669421675
0.987524773811
0.882268047668
0.996260182426
0.759472739594
0.923080827126
0.671291583851
0.950297711027
0.871468934563
0.942346133017
0.750421757289
0.82497781344
0.872454499831
0.732902455691
0.986418139391
0.944090436104
0.91763484183
0.986602578461
0.808416290747
0.986769154869
0.760069012252
0.991799904165
0.915885576893
0.64667570196
0.852228012623
0.986304158598
0.659481103856
0.815411223989
0.579569368087
0.883827911685
0.820364568418
0.963629352606
0.666797706774
0.915952349224
0.757582132802
0.853263621697
0.955930120133
0.990805832868
0.873322540127
0.971960441293
0.808890785418
0.883076687525
0.968436535097
0.916247083141
0.798101596015
0.734197640427
0.773056868477
0.978676802073
0.781376048723
0.919776518255
0.84128174521
0.837652222484
0.742940562702
0.737382439586
0.811444011897
0.865018103666
0.78197232138
