0.871560657913
0.620136890366
0.782581069548
0.873548658741
0.92550022541
0.965253437145
0.880415009172
0.731183103623
0.879395136252
0.953852522463
0.913932592553
0.585114306858
0.72910664009
0.705139342938
0.877394943449
0.996267129017
0.981882157469
0.885280599732
0.81680989875
0.838261112419
0.937389244409
0.767756194516
0.879824548968
0.762306948575
0.886350941759
0.581129799173
0.782409814824
0.886656308213
0.831352090073
0.654230899002
0.956201037169
0.928900368878
0.680637016539
0.592013972571
0.924257210986
0.868636143253
0.82587803488
0.99132512596
0.76082179585
0.933694225257
0.912954257409
0.952945070898
0.63787819933
0.624434419931
0.972042666243
0.899870566587
0.997064427502
0.660702853206
0.90004338075
0.659339478467
0.936252838887
0.843238557264
0.888125583017
0.780740506562
0.773897689479
0.799005219867
0.722365753592
0.970418723472
0.951736505893
0.908527294431
0.902234250378
0.689405740436
0.842640866935
0.736276655769
0.922758023312
0.953136031257
0.819834359255
0.886602861995
0.955405298122
0.749034423901
0.86261826925
0.424375728329
0.793227074124
0.849604186101
0.901194104755
0.813997238376
0.959703820058
0.773342103995
0.923355430107
0.821605739869
0.965329991409
0.915529174263
0.886813953291
0.870812694398
0.717713239068
0.82063066537
0.88733537289
0.810520398876
0.92704846452
0.701041988596
0.959049139332
0.697974430876
0.970051546538
0.897528147869
0.746657555764
0.640632309869
0.87624195117
0.946248273985
0.763802875605
0.741688333414
