0.794735760198
0.772080659841
0.770973033052
0.626167098111
0.743482255005
0.965016118926
0.80965434332
0.662083523538
0.805397500929
0.979754941294
0.846134293191
0.685342835513
0.453028997054
0.767038994474
0.699286911206
0.950693524927
0.933894825782
0.83396372462
0.699921319228
0.909199979586
0.893210770901
0.875874632469
0.874198944685
0.66413560312
0.780738238288
0.493907840007
0.769214553249
0.80348378609
0.796988582073
0.733383471651
0.902511688702
0.977276142572
0.859510874959
0.762572620226
0.836656308213
0.812642794968
0.769253539217
0.998385413861
0.88323546674
0.833204986801
0.979518615445
0.886953735706
0.590293061065
0.600732510895
0.81136561466
0.684763433147
0.998052261044
0.68869619582
0.873289933681
0.781846290379
0.950098244639
0.686671619066
0.903014820338
0.840467009365
0.918376425823
0.825231009581
0.742050123196
0.99154543212
0.981839627323
0.960472623345
0.983544377373
0.660648131084
0.939837137891
0.769199242396
0.985818322554
0.902685353468
0.807069360999
0.782919325982
0.916564358036
0.799732060075
0.727185695127
0.464595637541
0.90550410983
0.897252977819
0.947113904239
0.736101998633
0.960421445401
0.82505110706
0.907973835454
0.920674329654
0.994108015231
0.997282040086
0.939418357713
0.946391317045
0.741422519996
0.871487222526
0.802282734745
0.891777363188
0.931371512174
0.680784029079
0.993876793
0.705424436688
0.946890479201
0.792604858077
0.695876276968
0.761606902359
0.983311595703
0.89467735213
0.80867388167
0.74841887091
