0.989802404938
0.694209945817
0.8028008937
0.861340947175
0.778953956863
0.992835087938
0.704960432787
0.808261339246
0.990261163455
0.851600976492
0.922010485099
0.56170656467
0.695072031892
0.836444933384
0.8356286381
0.982612825391
0.981390225438
0.973188428398
0.880822306211
0.820458560043
0.870709771443
0.725077475751
0.858288983841
0.850703306861
0.683671826046
0.765207362819
0.842751020015
0.930923669728
0.912669305426
0.991731855931
0.974280319033
0.933149697611
0.680105247937
0.910253167787
0.976948943976
0.96574168323
0.819946071774
0.99554567596
0.902931035949
0.710925994709
0.921027755174
0.793666977609
0.746792943398
0.971758990164
0.827274016065
0.97727075542
0.997291113184
0.7772069602
0.914076627983
0.701972264674
0.962543841493
0.903264897602
0.808859029575
0.727781967785
0.870929510535
0.80969871644
0.707383233482
0.990544414232
0.834924055335
0.868180645381
0.977585762041
0.734506267526
0.987434893434
0.794398779668
0.994630710735
0.984471392806
0.703725640858
0.810801664913
0.983158061873
0.774947333502
0.96917216487
0.55039879101
0.84878874142
0.739708980382
0.819877172936
0.765663144225
0.934659801356
0.819648927815
0.870348265195
0.982075953171
0.993888134373
0.977469229439
0.832271875381
0.812245988698
0.828252918277
0.917451536898
0.910614815802
0.954417181045
0.782326881038
0.696576890252
0.930135727875
0.713231979268
0.979841844561
0.870181121718
0.954214879314
0.801316591577
0.836327833713
0.868032924004
0.87735553218
0.685256215781
