0.859352521045
0.60460785787
0.728505263815
0.755537425112
0.728855712224
0.916116373823
0.867540424905
0.656711115396
0.778902211851
0.906291768148
0.75474593908
0.645028792909
0.589983158062
0.67551964751
0.857034486278
0.939169414587
0.916975482788
0.857254367137
0.824050798007
0.790961634972
0.81484344653
0.867582813284
0.810421161867
0.71949766226
0.726831419004
0.748841195267
0.779968867933
0.834491807276
0.780481356201
0.671694486108
0.877264659433
0.929061132833
0.742124550953
0.689653691191
0.776262223873
0.862384636977
0.701699221131
0.964073367339
0.712499326606
0.850562673842
0.930881423115
0.851455806924
0.705585909479
0.629412998914
0.855802387926
0.857254367137
0.960536276798
0.623194099084
0.800703448628
0.778555732922
0.851686178553
0.749447391626
0.804551718076
0.584228545667
0.780750288496
0.793472898373
0.748621314408
0.896859432194
0.920715300362
0.861519573791
0.890104652515
0.65054183407
0.831241936993
0.660168107494
0.964158427632
0.852536639721
0.886247451735
0.732033564792
0.925615056806
0.686345979909
0.765614801625
0.558054217431
0.917174665642
0.833826352246
0.783058966631
0.616477738304
0.969602286421
0.740969573933
0.793646137837
0.844030752131
0.894465835533
0.94800859676
0.833810474325
0.796298459558
0.609974311791
0.845831478546
0.793506213654
0.857595317147
0.789125750303
0.716455622627
0.870470752018
0.693730772829
0.917880240777
0.812035748006
0.653815946537
0.652630347812
0.888684003845
0.854508904395
0.800103490024
0.718270809292
