0.823415539381
0.666096951723
0.78917621941
0.805855267075
0.801913714838
0.971685696545
0.788375943815
0.625197977833
0.815797539489
0.967906893003
0.798159011713
0.612117547655
0.666624183776
0.856851181346
0.857552078165
0.974158115744
0.95718943778
0.839583658216
0.913623256618
0.920228330181
0.861965573264
0.830472708405
0.939958632344
0.775474707322
0.620137457434
0.544536010275
0.711749236584
0.80510134934
0.73699739999
0.851881108392
0.946714829695
0.96966863345
0.648975306997
0.662116980586
0.878141205758
0.904659319348
0.804884729125
0.98617344928
0.877029751255
0.932610698884
0.923473380381
0.845859973745
0.760268336873
0.671304342895
0.91074850223
0.840547107808
0.993092253559
0.784382079497
0.879461625049
0.710081913063
0.941273522715
0.773472388011
0.832738572858
0.708012537887
0.813440944056
0.808757666059
0.695822972517
0.975890793924
0.969708328253
0.905425712593
0.943796127488
0.649519125807
0.912935685912
0.828876410229
0.983251344661
0.902470150925
0.872868034625
0.831587281785
0.952143377631
0.738973634144
0.819969321587
0.49905441307
0.778270639171
0.871278541273
0.773445310484
0.706009509741
0.9093587588
0.800105758298
0.850788934223
0.861543815975
0.966605754045
0.949148971763
0.839633276721
0.869953868967
0.76865173764
0.770423260021
0.801421499273
0.923058002614
0.783671684279
0.756781715439
0.961091153446
0.790149450936
0.97612329206
0.916636375751
0.646343825048
0.743019101707
0.925921557397
0.835198233014
0.882224950452
0.734097127514
