0.905271186393
0.806197209455
0.804134355569
0.630794519849
0.863303713449
0.981121576678
0.926913218653
0.899110127562
0.931465220264
0.963429602683
0.881540073322
0.769621424987
0.548644989523
0.802559464234
0.856412128464
0.933568903091
0.984455089583
0.920385833492
0.843378906748
0.949762114712
0.864558919848
0.894109858204
0.813586538925
0.91036020199
0.842752012385
0.83494773045
0.772761567491
0.856553470318
0.853772991089
0.910815841629
0.906437646552
0.977611988965
0.751259601181
0.753349107292
0.850797582019
0.864936304017
0.964179692706
0.984341534091
0.942914477546
0.710981709202
0.963024573919
0.81965715031
0.712949579093
0.68801727291
0.892307572351
0.857833769504
0.999211349311
0.778535176684
0.828056996067
0.740116277421
0.948028302395
0.693781950773
0.683031038501
0.757917979194
0.910940738493
0.924892186078
0.65405354829
0.963678971111
0.972886606123
0.855016572581
0.983872851873
0.839829482465
0.978943324326
0.8954993181
0.957363527847
0.939247386522
0.809205792039
0.937263922244
0.915500962599
0.660023363227
0.836573941496
0.548889821402
0.808135308244
0.710033428695
0.833742567857
0.688747940832
0.954149382888
0.831542908665
0.897868247276
0.914872650564
0.918113447749
0.94150758029
0.885544144875
0.833753200394
0.787268317025
0.65963392885
0.857149884743
0.859580482632
0.887871110972
0.732774298182
0.968523863665
0.834802702649
0.912501169579
0.829224590364
0.79619667074
0.903846284708
0.883933528216
0.905063497509
0.960140462898
0.796292930639
