0.46
0.19
0.55
0.1
27.0
0.19
2.0
0.91
0.46
0.1
0.46
0.37
0.28
0.19
0.28
0.28
0.37
0.28
0.55
13.8
0.64
0.28
0.28
0.74
0.28
1.12
0.74
0.19
0.19
3.3
30.0
0.46
0.64
0.73
0.37
0.19
0.19
0.28
0.37
0.64
0.46
1.2
0.19
4.0
0.1
3.0
0.28
0.1
0.19
0.28
1.6
0.55
0.37
0.37
0.55
1.5
0.28
0.19
0.19
0.1
0.19
0.46
0.19
0.46
115.1
0.73
0.28
0.92
0.82
0.37
0.28
0.1
0.28
0.28
0.37
54.2
0.46
0.28
0.55
0.19
0.19
27.7
0.1
0.46
1.3
0.28
0.28
0.37
0.55
0.73
1584.6
1.11
0.19
0.46
0.73
12.7
0.37
4.2
0.83
0.37
2.2
0.28
0.19
0.64
11.4
969.5
0.92
0.1
3.5
2.0
0.19
2.4
0.82
0.1
0.1
0.73
0.19
47.1
0.46
0.64
0.19
0.37
0.46
0.55
0.73
0.28
0.19
12.6
0.28
0.19
1.7
0.46
0.19
0.55
0.28
0.64
0.55
0.64
0.1
0.73
0.1
0.19
0.28
0.28
0.1
0.37
0.28
715.8
0.55
0.19
0.37
0.28
3.7
2.9
833.7
0.28
0.1
0.28
0.37
0.19
0.19
0.82
0.74
0.19
4.2
0.19
0.19
0.55
0.1
0.28
0.19
0.19
1.0
0.28
0.19
0.1
1.7
5.3
0.19
1.8
4.8
0.19
8.7
0.28
0.73
0.28
0.46
33.7
0.37
2.1
0.19
0.19
4.2
0.28
0.64
1.2
0.37
0.64
0.28
0.46
0.37
0.1
0.28
7.8
49.7
0.28
0.37
11.5
0.46
0.55
1.9
0.1
0.64
0.28
8.4
0.37
137.1
0.19
0.1
0.64
0.82
0.19
0.1
0.19
0.91
0.28
0.28
20.3
0.1
3.1
0.28
0.28
0.1
0.46
0.19
0.19
0.28
69.2
0.19
1.0
0.37
1.8
0.28
0.46
0.1
0.28
0.37
0.19
0.19
0.37
0.46
0.64
6.2
0.46
0.19
0.1
0.28
5.4
0.55
0.28
0.37
22.4
1.4
12.1
0.37
0.19
0.73
0.46
0.37
3.4
0.28
7.9
0.1
0.19
14.1
0.83
56.3
57.9
0.55
1.2
0.19
0.19
0.55
0.37
0.46
0.37
0.1
0.46
0.19
0.28
0.46
17.8
0.73
2.1
2.9
0.1
0.46
0.19
0.28
0.28
2.9
1.4
1.0
0.83
0.55
0.46
0.82
0.19
1.2
0.46
0.37
0.19
1.0
0.64
0.19
0.19
0.55
0.64
1.5
0.19
1.3
0.1
2.0
0.37
0.19
0.83
1.6
0.64
58.1
0.37
213.2
0.37
0.37
0.19
0.55
0.64
0.19
0.55
0.1
0.28
47.6
0.91
0.1
0.91
2.9
1.0
0.28
0.46
0.73
0.1
0.55
0.55
0.64
0.55
1.01
0.1
9.9
0.28
0.37
0.19
0.19
0.19
0.64
0.91
0.83
0.19
0.28
0.28
0.28
0.19
1.7
0.46
0.55
15.5
0.37
12.8
