0.97380698152
0.936599589322
0.946874743326
0.883646817248
0.967285420945
0.969823408624
0.939088295688
0.936106776181
0.948829568789
0.906825462012
0.872632443532
0.954061601643
0.777281314168
0.84027926078
0.952722792608
0.823909650924
0.70045174538
0.873240246407
0.835055441478
0.846012320329
0.80859137577
0.878184804928
0.877018480493
0.890874743326
0.836180698152
0.694718685832
0.94163449692
0.615145790554
0.864665297741
0.867457905544
0.777675564682
0.880887063655
0.884977412731
0.84027926078
0.897585215606
0.953100616016
0.87377412731
0.961683778234
0.861429158111
0.996492813142
0.863909650924
0.945757700205
0.900197125257
0.84473100616
0.71095687885
0.870151950719
0.686349075975
0.832098562628
0.831112936345
0.651786447639
0.870373716632
0.912509240246
0.791613963039
0.955811088296
0.957609856263
0.974595482546
0.955326488706
0.78698973306
0.949067761807
0.780410677618
0.939375770021
0.876607802875
0.825133470226
0.845347022587
0.814324435318
0.952550308008
0.84027926078
0.934250513347
0.931318275154
0.873519507187
0.759802874743
0.908443531828
0.950809034908
0.99512936345
0.903186858316
0.803967145791
0.890710472279
0.87245174538
0.894891170431
0.978217659138
0.729560574949
0.868607802875
0.845667351129
0.957609856263
0.808714579055
0.87746201232
0.886283367556
0.783006160164
0.745149897331
0.852911704312
0.905839835729
0.81631211499
0.817749486653
0.889429158111
0.839466119097
0.927482546201
0.861149897331
0.896435318275
0.897585215606
0.931039014374
