0.974562628337
0.930488706366
0.956402464066
0.8758275154
0.964657084189
0.969823408624
0.932977412731
0.936862422998
0.949289527721
0.916977412731
0.864977412731
0.954061601643
0.761839835729
0.840772073922
0.953938398357
0.824402464066
0.701437371663
0.872911704312
0.831277207392
0.874595482546
0.790521560575
0.897552361396
0.867835728953
0.903342915811
0.824320328542
0.667613963039
0.934455852156
0.579006160164
0.88372073922
0.859195071869
0.781125256674
0.871852156057
0.875942505133
0.840772073922
0.88901026694
0.953100616016
0.873445585216
0.959515400411
0.852394250513
0.995885010267
0.854874743326
0.939186858316
0.909724845996
0.845535934292
0.684607802875
0.861429158111
0.656928131417
0.83259137577
0.832377823409
0.634209445585
0.861338809035
0.904082135524
0.773544147844
0.956271047228
0.954981519507
0.974595482546
0.955638603696
0.768919917864
0.943154004107
0.763260780287
0.942004106776
0.865256673511
0.822997946612
0.836624229979
0.824344969199
0.962078028747
0.840772073922
0.944238193018
0.940845995893
0.864796714579
0.751260780287
0.915342915811
0.947983572895
0.99512936345
0.894151950719
0.785897330595
0.909765913758
0.863728952772
0.882061601643
0.975589322382
0.723646817248
0.859572895277
0.843531827515
0.954981519507
0.806579055441
0.868574948665
0.877248459959
0.764936344969
0.736607802875
0.866168377823
0.91613963039
0.817117043121
0.811671457906
0.880706365503
0.839958932238
0.937470225873
0.852114989733
0.899392197125
0.88901026694
0.941026694045
