0.655712525667
0.717338809035
0.73227926078
0.479244353183
0.929051334702
0.803326488706
0.780599589322
0.509067761807
0.899622176591
0.909273100616
0.647967145791
0.891671457906
0.538258726899
0.835071868583
0.698266940452
0.821026694045
0.723219712526
0.904829568789
0.58253798768
0.89481724846
0.763071868583
0.916845995893
0.758119096509
0.86859137577
0.612073921971
0.659646817248
0.925856262834
0.530529774127
0.820156057495
0.80041889117
0.82664476386
0.846061601643
0.840993839836
0.831244353183
0.818628336756
0.717609856263
0.661207392197
0.927811088296
0.696969199179
0.723646817248
0.827712525667
0.578447638604
0.583761806982
0.833872689938
0.481798767967
0.656106776181
0.652057494867
0.64239835729
0.777889117043
0.664698151951
0.844065708419
0.935507186858
0.760065708419
0.88326899384
0.896065708419
0.883170431211
0.846997946612
0.590357289528
0.820517453799
0.729248459959
0.843967145791
0.833404517454
0.808665297741
0.815893223819
0.84594661191
0.929117043121
0.825420944559
0.662628336756
0.919383983573
0.65419301848
0.710603696099
0.713199178645
0.564788501027
0.796336755647
0.810981519507
0.725420944559
0.898743326489
0.853273100616
0.931679671458
0.856377823409
0.554611909651
0.84549486653
0.788123203285
0.882020533881
0.810809034908
0.606045174538
0.481330595483
0.527367556468
0.700386036961
0.906439425051
0.864008213552
0.776624229979
0.659926078029
0.833511293634
0.825420944559
0.906669404517
0.658431211499
0.772435318275
0.441527720739
0.933429158111
