0.968878850103
0.937059548255
0.946874743326
0.885158110883
0.958743326489
0.962431211499
0.93954825462
0.927728952772
0.943375770021
0.901535934292
0.873256673511
0.945683778234
0.777281314168
0.83436550308
0.94135523614
0.817995893224
0.69453798768
0.873240246407
0.835055441478
0.840098562628
0.80859137577
0.878496919918
0.871564681725
0.885273100616
0.830726899384
0.688804928131
0.93572073922
0.615145790554
0.856287474333
0.868229979466
0.777675564682
0.874973305955
0.879063655031
0.83436550308
0.898045174538
0.950636550308
0.87377412731
0.95360164271
0.858143737166
0.996492813142
0.857995893224
0.945757700205
0.900197125257
0.84504312115
0.71095687885
0.864550308008
0.684032854209
0.826184804928
0.831885010267
0.651786447639
0.870373716632
0.910652977413
0.791613963039
0.956271047228
0.946603696099
0.974595482546
0.953174537988
0.78698973306
0.943975359343
0.781330595483
0.936911704312
0.874291581109
0.82250513347
0.848287474333
0.814324435318
0.952550308008
0.83436550308
0.932246406571
0.925404517454
0.873831622177
0.759802874743
0.905815195072
0.952320328542
0.99512936345
0.903186858316
0.803967145791
0.884796714579
0.87276386037
0.895203285421
0.975589322382
0.729560574949
0.862694045175
0.843039014374
0.946603696099
0.794258726899
0.87154825462
0.886283367556
0.780542094456
0.73923613963
0.853683778234
0.898234086242
0.808246406571
0.817749486653
0.889741273101
0.839466119097
0.927942505133
0.863778234086
0.896435318275
0.898045174538
0.931498973306
