0.960271047228
0.860410677618
0.833823408624
0.915121149897
0.836821355236
0.950850102669
0.860188911704
0.930488706366
0.946924024641
0.659597535934
0.904550308008
0.95749486653
0.846603696099
0.754447638604
0.681018480493
0.612558521561
0.529117043121
0.577388090349
0.890414784394
0.366340862423
0.866743326489
0.650669404517
0.771375770021
0.788780287474
0.764509240246
0.781618069815
0.726800821355
0.731006160164
0.638940451745
0.90887063655
0.4980862423
0.776
0.913724845996
0.618841889117
0.92726899384
0.947071868583
0.578661190965
0.8318275154
0.789314168378
0.997100616016
0.759022587269
0.86698973306
0.788328542094
0.76087063655
0.797741273101
0.764936344969
0.780689938398
0.750209445585
0.74813963039
0.624435318275
0.909535934292
0.840722792608
0.849765913758
0.968476386037
0.821889117043
0.976123203285
0.960287474333
0.847112936345
0.846447638604
0.839778234086
0.953864476386
0.912796714579
0.747071868583
0.881979466119
0.614242299795
0.837971252567
0.754447638604
0.815926078029
0.682776180698
0.904977412731
0.705347022587
0.800073921971
0.851441478439
0.994685831622
0.932262833676
0.864090349076
0.661223819302
0.903170431211
0.747605749487
0.985215605749
0.686275154004
0.771835728953
0.76563449692
0.956427104723
0.59241889117
0.905930184805
0.925445585216
0.835572895277
0.688394250513
0.546496919918
0.786858316222
0.59019301848
0.654710472279
0.920147843943
0.763605749487
0.815482546201
0.799006160164
0.704320328542
0.92726899384
0.817067761807
