0.957363449692
0.858406570842
0.851400410678
0.919589322382
0.860492813142
0.94813963039
0.858595482546
0.826094455852
0.837125256674
0.704952772074
0.90358110883
0.843277207392
0.740895277207
0.67050513347
0.732336755647
0.660229979466
0.470554414784
0.601190965092
0.665938398357
0.458907597536
0.873314168378
0.69439835729
0.800928131417
0.587761806982
0.665273100616
0.682151950719
0.750455852156
0.74427926078
0.568911704312
0.906636550308
0.542932238193
0.805256673511
0.80768788501
0.67050513347
0.93053798768
0.950882956879
0.604944558522
0.855482546201
0.696090349076
0.997100616016
0.786751540041
0.867893223819
0.809650924025
0.784739219713
0.80636550308
0.792993839836
0.786422997947
0.658726899384
0.776837782341
0.657437371663
0.909880903491
0.835006160164
0.857388090349
0.962628336756
0.843589322382
0.972657084189
0.954012320329
0.854422997947
0.846217659138
0.847367556468
0.836821355236
0.911958932238
0.770579055441
0.792501026694
0.661716632444
0.860065708419
0.67050513347
0.830694045175
0.728262833676
0.910283367556
0.731121149897
0.82413963039
0.857273100616
0.99481724846
0.93554825462
0.867770020534
0.596090349076
0.905995893224
0.736845995893
0.979843942505
0.602349075975
0.797412731006
0.788402464066
0.843589322382
0.532147843943
0.798792607803
0.924739219713
0.844772073922
0.607737166324
0.586529774127
0.697199178645
0.639441478439
0.671055441478
0.921921971253
0.785125256674
0.838299794661
0.811244353183
0.718431211499
0.93053798768
0.840197125257
