0.972131416838
0.941839835729
0.94219301848
0.879934291581
0.966759753593
0.968
0.93332238193
0.948985626283
0.944098562628
0.905724845996
0.87572073922
0.959121149897
0.78935523614
0.839047227926
0.948106776181
0.824813141684
0.697412731006
0.868147843943
0.858891170431
0.838209445585
0.80859137577
0.870201232033
0.874784394251
0.903260780287
0.845987679671
0.695293634497
0.939252566735
0.614685831622
0.866110882957
0.874242299795
0.774061601643
0.879556468172
0.885552361396
0.836090349076
0.897733059548
0.952574948665
0.881051334702
0.961305954825
0.856090349076
0.996492813142
0.854250513347
0.952213552361
0.890603696099
0.844468172485
0.71095687885
0.869314168378
0.689749486653
0.827088295688
0.830094455852
0.644065708419
0.869552361396
0.910143737166
0.785700205339
0.95377412731
0.956476386037
0.96580698152
0.960895277207
0.782127310062
0.952944558522
0.774792607803
0.955474332649
0.880008213552
0.820320328542
0.846874743326
0.810710472279
0.950743326489
0.839047227926
0.929568788501
0.925765913758
0.881519507187
0.756632443532
0.909034907598
0.949264887064
0.994669404517
0.903186858316
0.802603696099
0.887671457906
0.868082135524
0.901527720739
0.978250513347
0.740878850103
0.871318275154
0.845716632444
0.959433264887
0.80695687885
0.877577002053
0.891375770021
0.788854209446
0.743917864476
0.85098973306
0.905691991786
0.813059548255
0.813527720739
0.890973305955
0.842291581109
0.920960985626
0.859868583162
0.886299794661
0.897733059548
0.923466119097
