0.999721348242
0.996608127573
0.997508917661
0.991048772104
0.896103473606
0.991292362482
0.992891391339
0.994436851005
0.998476266894
0.98771932043
0.995716304002
0.99927336726
0.998066910908
0.998765494544
0.995387876579
0.998353839451
0.995844939033
0.993975190337
0.999425568138
0.997770785938
0.998310271375
0.997907122978
0.994955529525
0.997907122978
0.997367982407
0.994241082052
0.99750845784
0.994813789583
0.999848948676
0.997178306087
0.998287395261
0.996742280461
0.998264289237
0.995740329669
0.992145216191
0.996986100749
0.991426400415
0.999391656311
0.999309808105
0.994702627764
0.997254866347
0.999212325972
0.994246599908
0.996758948986
0.999367515689
0.993129578815
0.995221421239
0.996325337423
0.994777003873
0.999700886191
0.996736992515
0.9897433392
0.996026913345
0.994133024027
0.991676198381
0.997056683331
0.996704000331
0.9971592235
0.997096113015
0.998128412018
0.995698715834
0.996869765939
0.999333948728
0.892319143629
0.99785941651
0.998178877415
0.997344416561
0.999777791317
0.997539150917
0.989374562451
0.997283375273
0.995898738135
0.995670781685
0.992689069931
0.991113032143
0.997235323938
0.994248899015
0.992285346757
0.99968732146
0.996632613061
0.995880805101
0.992264424884
0.998297856198
0.995611004905
0.994676188035
0.994691247185
0.991432493048
0.996722623097
0.998367978959
0.999310382882
0.992704129081
0.993425703785
0.998530985639
0.999442696485
0.996353271572
0.999962064736
0.997674338403
0.996508461288
0.996529498116
0.996076229189
