0.99959742638
0.996515933386
0.997431552713
0.645135722029
0.910061121757
0.642353917621
0.817014425746
0.821286051433
0.998346367354
0.638953538498
0.996149685655
0.999119212142
0.998680542543
0.998812626235
0.995824936803
0.99867939299
0.996666180022
0.994967025059
0.999643293563
0.99779469665
0.998588463311
0.998120939921
0.994916674618
0.997716067194
0.997712618533
0.821032574896
0.998132895277
0.822093152915
0.999793655155
0.996414082949
0.998148299293
0.823270065743
0.997800099551
0.997833436602
0.819553789331
0.998267852853
0.644595316949
0.999415337112
0.999422579299
0.995044275051
0.997643415415
0.999197381777
0.995034733758
0.823411920639
0.999537419689
0.819243754763
0.995189003831
0.997012540479
0.821853241108
0.999418555862
0.997300043798
0.811792694128
0.996828611926
0.994820456993
0.818790255925
0.997456727934
0.997608928812
0.997311654288
0.996829416613
0.998050702205
0.822426753328
0.997297169914
0.999045065944
0.733054030162
0.998260610666
0.998257966693
0.997120023727
0.999797333726
0.998387751278
0.64351278246
0.823670225301
0.996657673327
0.995491681256
0.817798421203
0.815922694829
0.997819067183
0.82248078234
0.819579884194
0.999736522348
0.996796539384
0.822787713113
0.64258141425
0.998034723412
0.8226487321
0.821603788009
0.995571575222
0.816195253954
0.99734223241
0.998405454401
0.999499714336
0.645361494328
0.817634954702
0.998776300346
0.999562824821
0.822887034531
0.999955627237
0.997795156471
0.997000470167
0.823682180657
0.996956557225
