0.99961742861
0.996913908792
0.996173366456
0.797397525931
0.905493256145
0.602585805544
0.798818948779
0.80005310937
0.99789620222
0.795041286212
0.813533462926
0.998676289195
0.997554439978
0.999389012338
0.993084631275
0.999517187548
0.996410979155
0.995581576337
0.998630536968
0.995947824068
0.997440749141
0.996657788282
0.993586411358
0.998223824955
0.997259694472
0.801108054576
0.996457765981
0.801998728594
0.999895390635
0.995751250427
0.997246129741
0.996716300553
0.995846318498
0.99746868329
0.617933378779
0.998498683187
0.993536635694
0.999076908575
0.998914591627
0.995760676765
0.996776652109
0.997907582799
0.992742294256
0.997834241289
0.999084495628
0.995467080812
0.994657910135
0.994980819701
0.800610757751
0.999041502328
0.995220501596
0.615789001762
0.994767577534
0.993022555388
0.991701718467
0.997242221259
0.996337062868
0.997113931093
0.997152900956
0.9964291421
0.997326253617
0.814242737409
0.998566161974
0.902237950668
0.9960700216
0.998606511301
0.998247735667
0.999787217655
0.99887895547
0.8142780287
0.997696754696
0.993838738342
0.995844824078
0.801696855856
0.795390060731
0.996309703496
0.802840661545
0.800846531165
0.999863433049
0.996657788282
0.803761913685
0.800024830355
0.996840912148
0.997542484622
0.798114732332
0.992775861217
0.797750208931
0.99569411762
0.998288199949
0.998193476744
0.994720445843
0.800214161809
0.999406945372
0.998257276961
0.995675494854
0.999975859377
0.99555778058
0.995518695763
0.997323609644
0.995858158898
