0.817354118793
0.42465274864
0.631928387418
0.257081996498
0.723415714166
0.427235220479
0.270515103408
0.233004599363
0.62428351207
0.619710358511
0.817060292929
0.633223589297
0.440337945725
0.427648025125
0.259572848927
0.62151780141
0.426103140235
0.436243236315
0.819218694498
0.443357707698
0.426150386882
0.425034515343
0.251853482515
0.271081488396
0.800427633886
0.443398516846
0.61618076958
0.621632871711
0.999852742202
0.436311174924
0.819126615266
0.63108737411
0.248180774178
0.437002746283
0.274460026003
0.443827875062
0.432288082694
0.794998522824
0.810680960981
0.237318758528
0.800415563574
0.806256329729
0.248587486191
0.634903316807
0.99578378279
0.430664223482
0.419315142033
0.443315634042
0.259943579916
0.443210794767
0.796330395458
0.436226337879
0.437072064357
0.213811309997
0.199676170791
0.602808359093
0.600294170729
0.623127061293
0.437849852225
0.430292687805
0.452445962366
0.441992038193
0.269956995205
0.901207375995
0.431982071564
0.81390557338
0.237615918097
0.819263871949
0.620291687694
0.79583045466
0.995911268268
0.0585973378641
0.255356171895
0.43736267147
0.417619665641
0.254518607247
0.638513949256
0.254492742294
0.999882515637
0.435063794469
0.999891941975
0.615679104452
0.247833034258
0.450796008291
0.219850259167
0.424174534402
0.0704507284145
0.433204966531
0.635054483086
0.637303354512
0.441380705665
0.259487207194
0.456447328035
0.81394040485
0.272425776207
0.999969651789
0.613167789972
0.42325408695
0.603752027525
0.244022839328
