0.999657203159
0.996554558382
0.99737556946
0.990820470788
0.895474897776
0.991862540996
0.99356709886
0.99461135322
0.998620650808
0.802734212895
0.995460643313
0.999110705446
0.998099788137
0.99883745659
0.995499843086
0.998582830499
0.995635260483
0.994025310868
0.999423498942
0.997616975686
0.998419249043
0.997917468959
0.994821606547
0.998062772516
0.997137381984
0.994305457045
0.997514435518
0.994571003894
0.999874583718
0.996895975758
0.998073233452
0.996714921089
0.998272336111
0.996523635394
0.992155217306
0.997236933313
0.992134985165
0.999385218812
0.999341995602
0.99471113446
0.997219000279
0.999215429766
0.994180155718
0.996713886491
0.999256238914
0.993164985062
0.99506531188
0.996574790523
0.994686648971
0.999616279056
0.996589159941
0.989366515577
0.995978862011
0.993913919138
0.991290638152
0.996917357452
0.996446500357
0.997131174395
0.996989204543
0.998012307119
0.995645606464
0.99683987755
0.999349812565
0.891546643706
0.997898731238
0.998241413123
0.997359360756
0.999759628372
0.998049322741
0.804268866759
0.99725578599
0.995631352001
0.995575138837
0.992773906976
0.991605730754
0.997307056074
0.994329597668
0.992503532003
0.999747213195
0.996570767086
0.996370284963
0.992403061031
0.998355333871
0.995681127666
0.994833676858
0.994550311931
0.992212120202
0.996689515958
0.998342918693
0.999382115017
0.992830350051
0.993600320955
0.998538572691
0.999339006763
0.996323383182
0.999959765629
0.997459027041
0.996352351929
0.996726531579
0.996459720222
