0.999562939776
0.997610768097
0.997990580559
0.993930012886
0.893215795324
0.60103931128
0.799391656311
0.805681782911
0.998968045863
0.978867873774
0.996641809489
0.999047709917
0.997747794869
0.999432005637
0.996812173311
0.999351536895
0.996774467958
0.995551228125
0.999623406288
0.997849070529
0.998954711042
0.998716293656
0.996520646555
0.998066221176
0.99815232273
0.996191184534
0.9981505984
0.996189115338
0.999862743317
0.99630269122
0.997696984606
0.996732854123
0.998404879624
0.996060365351
0.995166587539
0.998110134118
0.991504455094
0.999683183068
0.999508795808
0.996158652172
0.998144390811
0.999248766817
0.995754239266
0.997582374127
0.999386828187
0.995259356503
0.995328444666
0.998143816035
0.996511220216
0.999433385102
0.997627666533
0.796620082929
0.995898853091
0.996202680069
0.992237180467
0.998063462248
0.997253601838
0.997607434392
0.997990695514
0.999018166393
0.997035991369
0.997780902009
0.999231063693
0.890247993167
0.999015407465
0.998419019132
0.997865394188
0.999791356048
0.998205891921
0.99093600091
0.997278547148
0.997365798256
0.996855511477
0.800370156213
0.980881546563
0.998270956647
0.996689515958
0.995347757164
0.999307279087
0.996764696754
0.806398529491
0.803781341138
0.998583750142
0.997432357401
0.799472814785
0.996633187838
0.98175026411
0.998068750194
0.998981035817
0.999562939776
0.980377007551
0.982738995037
0.999424073719
0.999366711001
0.997474431057
0.999972755583
0.997535242435
0.997326713438
0.996499379816
0.997607089526
