0.999651225481
0.996451443437
0.997501790429
0.991051301122
0.894315343205
0.992067161511
0.993561121182
0.994794821951
0.998491441
0.985514246991
0.995595256023
0.999144042497
0.998089212245
0.998716983388
0.995621120976
0.998239918704
0.995589278345
0.993898630077
0.999520291343
0.997788948883
0.998305443251
0.997995408683
0.994830573064
0.997857232358
0.997228426618
0.994362934718
0.997551336183
0.994769186909
0.999842970998
0.997056683331
0.998260035889
0.996662961273
0.998393039224
0.996085195706
0.992439616831
0.997079904311
0.99178414145
0.999395334882
0.999272332662
0.994739183564
0.997157844035
0.999228534676
0.994293616645
0.99675021238
0.999221292489
0.993097391318
0.995232686863
0.996564789408
0.994808271727
0.999679849362
0.996770099655
0.989257537909
0.99597196469
0.99394771601
0.991405593497
0.996870570627
0.996676640959
0.997129105199
0.997028289361
0.998054380776
0.995741824088
0.996889538259
0.999282218822
0.890381801189
0.997935057127
0.998107949967
0.997399595127
0.999737327035
0.997790098436
0.986983836129
0.997223713448
0.9957474569
0.995561114285
0.992489047629
0.992116362399
0.997256130856
0.994269131156
0.992382369069
0.999699851593
0.996574330701
0.996194403284
0.992250860153
0.998381658645
0.995562033928
0.994905179083
0.994551346529
0.992460193838
0.996709978009
0.998393614001
0.999439017913
0.992715624616
0.99375505085
0.998511098364
0.999444765681
0.996389137639
0.999936199783
0.9978527491
0.996382240319
0.99671043783
0.996356605277
